0 1
0 39
0 40
0 41
0 79
0 80
0 81
0 119
0 120
0 121
0 159
0 160
0 161
0 199
0 200
0 201
0 239
0 240
0 241
0 279
0 280
0 281
0 319
0 320
0 321
0 359
0 360
0 361
0 399
0 400
0 401
0 439
0 440
0 441
0 479
0 480
0 481
1 2
1 40
1 41
1 42
1 80
1 81
1 82
1 120
1 121
1 122
1 160
1 161
1 162
1 200
1 201
1 202
1 240
1 241
1 242
1 280
1 281
1 282
1 320
1 321
1 322
1 360
1 361
1 362
1 400
1 401
1 402
1 440
1 441
1 442
1 480
1 481
1 482
2 3
2 41
2 42
2 43
2 81
2 82
2 83
2 121
2 122
2 123
2 161
2 162
2 163
2 201
2 202
2 203
2 241
2 242
2 243
2 281
2 282
2 283
2 321
2 322
2 323
2 361
2 362
2 363
2 401
2 402
2 403
2 441
2 442
2 443
2 481
2 482
2 483
3 4
3 42
3 43
3 44
3 82
3 83
3 84
3 122
3 123
3 124
3 162
3 163
3 164
3 202
3 203
3 204
3 242
3 243
3 244
3 282
3 283
3 284
3 322
3 323
3 324
3 362
3 363
3 364
3 402
3 403
3 404
3 442
3 443
3 444
3 482
3 483
3 484
4 5
4 43
4 44
4 45
4 83
4 84
4 85
4 123
4 124
4 125
4 163
4 164
4 165
4 203
4 204
4 205
4 243
4 244
4 245
4 283
4 284
4 285
4 323
4 324
4 325
4 363
4 364
4 365
4 403
4 404
4 405
4 443
4 444
4 445
4 483
4 484
4 485
5 6
5 44
5 45
5 46
5 84
5 85
5 86
5 124
5 125
5 126
5 164
5 165
5 166
5 204
5 205
5 206
5 244
5 245
5 246
5 284
5 285
5 286
5 324
5 325
5 326
5 364
5 365
5 366
5 404
5 405
5 406
5 444
5 445
5 446
5 484
5 485
5 486
6 7
6 45
6 46
6 47
6 85
6 86
6 87
6 125
6 126
6 127
6 165
6 166
6 167
6 205
6 206
6 207
6 245
6 246
6 247
6 285
6 286
6 287
6 325
6 326
6 327
6 365
6 366
6 367
6 405
6 406
6 407
6 445
6 446
6 447
6 485
6 486
6 487
7 8
7 46
7 47
7 48
7 86
7 87
7 88
7 126
7 127
7 128
7 166
7 167
7 168
7 206
7 207
7 208
7 246
7 247
7 248
7 286
7 287
7 288
7 326
7 327
7 328
7 366
7 367
7 368
7 406
7 407
7 408
7 446
7 447
7 448
7 486
7 487
7 488
8 9
8 47
8 48
8 49
8 87
8 88
8 89
8 127
8 128
8 129
8 167
8 168
8 169
8 207
8 208
8 209
8 247
8 248
8 249
8 287
8 288
8 289
8 327
8 328
8 329
8 367
8 368
8 369
8 407
8 408
8 409
8 447
8 448
8 449
8 487
8 488
8 489
9 10
9 48
9 49
9 50
9 88
9 89
9 90
9 128
9 129
9 130
9 168
9 169
9 170
9 208
9 209
9 210
9 248
9 249
9 250
9 288
9 289
9 290
9 328
9 329
9 330
9 368
9 369
9 370
9 408
9 409
9 410
9 448
9 449
9 450
9 488
9 489
9 490
10 11
10 49
10 50
10 51
10 89
10 90
10 91
10 129
10 130
10 131
10 169
10 170
10 171
10 209
10 210
10 211
10 249
10 250
10 251
10 289
10 290
10 291
10 329
10 330
10 331
10 369
10 370
10 371
10 409
10 410
10 411
10 449
10 450
10 451
10 489
10 490
10 491
11 12
11 50
11 51
11 52
11 90
11 91
11 92
11 130
11 131
11 132
11 170
11 171
11 172
11 210
11 211
11 212
11 250
11 251
11 252
11 290
11 291
11 292
11 330
11 331
11 332
11 370
11 371
11 372
11 410
11 411
11 412
11 450
11 451
11 452
11 490
11 491
11 492
12 13
12 51
12 52
12 53
12 91
12 92
12 93
12 131
12 132
12 133
12 171
12 172
12 173
12 211
12 212
12 213
12 251
12 252
12 253
12 291
12 292
12 293
12 331
12 332
12 333
12 371
12 372
12 373
12 411
12 412
12 413
12 451
12 452
12 453
12 491
12 492
12 493
13 14
13 52
13 53
13 54
13 92
13 93
13 94
13 132
13 133
13 134
13 172
13 173
13 174
13 212
13 213
13 214
13 252
13 253
13 254
13 292
13 293
13 294
13 332
13 333
13 334
13 372
13 373
13 374
13 412
13 413
13 414
13 452
13 453
13 454
13 492
13 493
13 494
14 15
14 53
14 54
14 55
14 93
14 94
14 95
14 133
14 134
14 135
14 173
14 174
14 175
14 213
14 214
14 215
14 253
14 254
14 255
14 293
14 294
14 295
14 333
14 334
14 335
14 373
14 374
14 375
14 413
14 414
14 415
14 453
14 454
14 455
14 493
14 494
14 495
15 16
15 54
15 55
15 56
15 94
15 95
15 96
15 134
15 135
15 136
15 174
15 175
15 176
15 214
15 215
15 216
15 254
15 255
15 256
15 294
15 295
15 296
15 334
15 335
15 336
15 374
15 375
15 376
15 414
15 415
15 416
15 454
15 455
15 456
15 494
15 495
15 496
16 17
16 55
16 56
16 57
16 95
16 96
16 97
16 135
16 136
16 137
16 175
16 176
16 177
16 215
16 216
16 217
16 255
16 256
16 257
16 295
16 296
16 297
16 335
16 336
16 337
16 375
16 376
16 377
16 415
16 416
16 417
16 455
16 456
16 457
16 495
16 496
16 497
17 18
17 56
17 57
17 58
17 96
17 97
17 98
17 136
17 137
17 138
17 176
17 177
17 178
17 216
17 217
17 218
17 256
17 257
17 258
17 296
17 297
17 298
17 336
17 337
17 338
17 376
17 377
17 378
17 416
17 417
17 418
17 456
17 457
17 458
17 496
17 497
17 498
18 19
18 57
18 58
18 59
18 97
18 98
18 99
18 137
18 138
18 139
18 177
18 178
18 179
18 217
18 218
18 219
18 257
18 258
18 259
18 297
18 298
18 299
18 337
18 338
18 339
18 377
18 378
18 379
18 417
18 418
18 419
18 457
18 458
18 459
18 497
18 498
18 499
19 20
19 58
19 59
19 60
19 98
19 99
19 100
19 138
19 139
19 140
19 178
19 179
19 180
19 218
19 219
19 220
19 258
19 259
19 260
19 298
19 299
19 300
19 338
19 339
19 340
19 378
19 379
19 380
19 418
19 419
19 420
19 458
19 459
19 460
19 498
19 499
20 21
20 59
20 60
20 61
20 99
20 100
20 101
20 139
20 140
20 141
20 179
20 180
20 181
20 219
20 220
20 221
20 259
20 260
20 261
20 299
20 300
20 301
20 339
20 340
20 341
20 379
20 380
20 381
20 419
20 420
20 421
20 459
20 460
20 461
20 499
21 22
21 60
21 61
21 62
21 100
21 101
21 102
21 140
21 141
21 142
21 180
21 181
21 182
21 220
21 221
21 222
21 260
21 261
21 262
21 300
21 301
21 302
21 340
21 341
21 342
21 380
21 381
21 382
21 420
21 421
21 422
21 460
21 461
21 462
22 23
22 61
22 62
22 63
22 101
22 102
22 103
22 141
22 142
22 143
22 181
22 182
22 183
22 221
22 222
22 223
22 261
22 262
22 263
22 301
22 302
22 303
22 341
22 342
22 343
22 381
22 382
22 383
22 421
22 422
22 423
22 461
22 462
22 463
23 24
23 62
23 63
23 64
23 102
23 103
23 104
23 142
23 143
23 144
23 182
23 183
23 184
23 222
23 223
23 224
23 262
23 263
23 264
23 302
23 303
23 304
23 342
23 343
23 344
23 382
23 383
23 384
23 422
23 423
23 424
23 462
23 463
23 464
24 25
24 63
24 64
24 65
24 103
24 104
24 105
24 143
24 144
24 145
24 183
24 184
24 185
24 223
24 224
24 225
24 263
24 264
24 265
24 303
24 304
24 305
24 343
24 344
24 345
24 383
24 384
24 385
24 423
24 424
24 425
24 463
24 464
24 465
25 26
25 64
25 65
25 66
25 104
25 105
25 106
25 144
25 145
25 146
25 184
25 185
25 186
25 224
25 225
25 226
25 264
25 265
25 266
25 304
25 305
25 306
25 344
25 345
25 346
25 384
25 385
25 386
25 424
25 425
25 426
25 464
25 465
25 466
26 27
26 65
26 66
26 67
26 105
26 106
26 107
26 145
26 146
26 147
26 185
26 186
26 187
26 225
26 226
26 227
26 265
26 266
26 267
26 305
26 306
26 307
26 345
26 346
26 347
26 385
26 386
26 387
26 425
26 426
26 427
26 465
26 466
26 467
27 28
27 66
27 67
27 68
27 106
27 107
27 108
27 146
27 147
27 148
27 186
27 187
27 188
27 226
27 227
27 228
27 266
27 267
27 268
27 306
27 307
27 308
27 346
27 347
27 348
27 386
27 387
27 388
27 426
27 427
27 428
27 466
27 467
27 468
28 29
28 67
28 68
28 69
28 107
28 108
28 109
28 147
28 148
28 149
28 187
28 188
28 189
28 227
28 228
28 229
28 267
28 268
28 269
28 307
28 308
28 309
28 347
28 348
28 349
28 387
28 388
28 389
28 427
28 428
28 429
28 467
28 468
28 469
29 30
29 68
29 69
29 70
29 108
29 109
29 110
29 148
29 149
29 150
29 188
29 189
29 190
29 228
29 229
29 230
29 268
29 269
29 270
29 308
29 309
29 310
29 348
29 349
29 350
29 388
29 389
29 390
29 428
29 429
29 430
29 468
29 469
29 470
30 31
30 69
30 70
30 71
30 109
30 110
30 111
30 149
30 150
30 151
30 189
30 190
30 191
30 229
30 230
30 231
30 269
30 270
30 271
30 309
30 310
30 311
30 349
30 350
30 351
30 389
30 390
30 391
30 429
30 430
30 431
30 469
30 470
30 471
31 32
31 70
31 71
31 72
31 110
31 111
31 112
31 150
31 151
31 152
31 190
31 191
31 192
31 230
31 231
31 232
31 270
31 271
31 272
31 310
31 311
31 312
31 350
31 351
31 352
31 390
31 391
31 392
31 430
31 431
31 432
31 470
31 471
31 472
32 33
32 71
32 72
32 73
32 111
32 112
32 113
32 151
32 152
32 153
32 191
32 192
32 193
32 231
32 232
32 233
32 271
32 272
32 273
32 311
32 312
32 313
32 351
32 352
32 353
32 391
32 392
32 393
32 431
32 432
32 433
32 471
32 472
32 473
33 34
33 72
33 73
33 74
33 112
33 113
33 114
33 152
33 153
33 154
33 192
33 193
33 194
33 232
33 233
33 234
33 272
33 273
33 274
33 312
33 313
33 314
33 352
33 353
33 354
33 392
33 393
33 394
33 432
33 433
33 434
33 472
33 473
33 474
34 35
34 73
34 74
34 75
34 113
34 114
34 115
34 153
34 154
34 155
34 193
34 194
34 195
34 233
34 234
34 235
34 273
34 274
34 275
34 313
34 314
34 315
34 353
34 354
34 355
34 393
34 394
34 395
34 433
34 434
34 435
34 473
34 474
34 475
35 36
35 74
35 75
35 76
35 114
35 115
35 116
35 154
35 155
35 156
35 194
35 195
35 196
35 234
35 235
35 236
35 274
35 275
35 276
35 314
35 315
35 316
35 354
35 355
35 356
35 394
35 395
35 396
35 434
35 435
35 436
35 474
35 475
35 476
36 37
36 75
36 76
36 77
36 115
36 116
36 117
36 155
36 156
36 157
36 195
36 196
36 197
36 235
36 236
36 237
36 275
36 276
36 277
36 315
36 316
36 317
36 355
36 356
36 357
36 395
36 396
36 397
36 435
36 436
36 437
36 475
36 476
36 477
37 38
37 76
37 77
37 78
37 116
37 117
37 118
37 156
37 157
37 158
37 196
37 197
37 198
37 236
37 237
37 238
37 276
37 277
37 278
37 316
37 317
37 318
37 356
37 357
37 358
37 396
37 397
37 398
37 436
37 437
37 438
37 476
37 477
37 478
38 39
38 77
38 78
38 79
38 117
38 118
38 119
38 157
38 158
38 159
38 197
38 198
38 199
38 237
38 238
38 239
38 277
38 278
38 279
38 317
38 318
38 319
38 357
38 358
38 359
38 397
38 398
38 399
38 437
38 438
38 439
38 477
38 478
38 479
39 40
39 78
39 79
39 80
39 118
39 119
39 120
39 158
39 159
39 160
39 198
39 199
39 200
39 238
39 239
39 240
39 278
39 279
39 280
39 318
39 319
39 320
39 358
39 359
39 360
39 398
39 399
39 400
39 438
39 439
39 440
39 478
39 479
39 480
40 41
40 79
40 80
40 81
40 119
40 120
40 121
40 159
40 160
40 161
40 199
40 200
40 201
40 239
40 240
40 241
40 279
40 280
40 281
40 319
40 320
40 321
40 359
40 360
40 361
40 399
40 400
40 401
40 439
40 440
40 441
40 479
40 480
40 481
41 42
41 80
41 81
41 82
41 120
41 121
41 122
41 160
41 161
41 162
41 200
41 201
41 202
41 240
41 241
41 242
41 280
41 281
41 282
41 320
41 321
41 322
41 360
41 361
41 362
41 400
41 401
41 402
41 440
41 441
41 442
41 480
41 481
41 482
42 43
42 81
42 82
42 83
42 121
42 122
42 123
42 161
42 162
42 163
42 201
42 202
42 203
42 241
42 242
42 243
42 281
42 282
42 283
42 321
42 322
42 323
42 361
42 362
42 363
42 401
42 402
42 403
42 441
42 442
42 443
42 481
42 482
42 483
43 44
43 82
43 83
43 84
43 122
43 123
43 124
43 162
43 163
43 164
43 202
43 203
43 204
43 242
43 243
43 244
43 282
43 283
43 284
43 322
43 323
43 324
43 362
43 363
43 364
43 402
43 403
43 404
43 442
43 443
43 444
43 482
43 483
43 484
44 45
44 83
44 84
44 85
44 123
44 124
44 125
44 163
44 164
44 165
44 203
44 204
44 205
44 243
44 244
44 245
44 283
44 284
44 285
44 323
44 324
44 325
44 363
44 364
44 365
44 403
44 404
44 405
44 443
44 444
44 445
44 483
44 484
44 485
45 46
45 84
45 85
45 86
45 124
45 125
45 126
45 164
45 165
45 166
45 204
45 205
45 206
45 244
45 245
45 246
45 284
45 285
45 286
45 324
45 325
45 326
45 364
45 365
45 366
45 404
45 405
45 406
45 444
45 445
45 446
45 484
45 485
45 486
46 47
46 85
46 86
46 87
46 125
46 126
46 127
46 165
46 166
46 167
46 205
46 206
46 207
46 245
46 246
46 247
46 285
46 286
46 287
46 325
46 326
46 327
46 365
46 366
46 367
46 405
46 406
46 407
46 445
46 446
46 447
46 485
46 486
46 487
47 48
47 86
47 87
47 88
47 126
47 127
47 128
47 166
47 167
47 168
47 206
47 207
47 208
47 246
47 247
47 248
47 286
47 287
47 288
47 326
47 327
47 328
47 366
47 367
47 368
47 406
47 407
47 408
47 446
47 447
47 448
47 486
47 487
47 488
48 49
48 87
48 88
48 89
48 127
48 128
48 129
48 167
48 168
48 169
48 207
48 208
48 209
48 247
48 248
48 249
48 287
48 288
48 289
48 327
48 328
48 329
48 367
48 368
48 369
48 407
48 408
48 409
48 447
48 448
48 449
48 487
48 488
48 489
49 50
49 88
49 89
49 90
49 128
49 129
49 130
49 168
49 169
49 170
49 208
49 209
49 210
49 248
49 249
49 250
49 288
49 289
49 290
49 328
49 329
49 330
49 368
49 369
49 370
49 408
49 409
49 410
49 448
49 449
49 450
49 488
49 489
49 490
50 51
50 89
50 90
50 91
50 129
50 130
50 131
50 169
50 170
50 171
50 209
50 210
50 211
50 249
50 250
50 251
50 289
50 290
50 291
50 329
50 330
50 331
50 369
50 370
50 371
50 409
50 410
50 411
50 449
50 450
50 451
50 489
50 490
50 491
51 52
51 90
51 91
51 92
51 130
51 131
51 132
51 170
51 171
51 172
51 210
51 211
51 212
51 250
51 251
51 252
51 290
51 291
51 292
51 330
51 331
51 332
51 370
51 371
51 372
51 410
51 411
51 412
51 450
51 451
51 452
51 490
51 491
51 492
52 53
52 91
52 92
52 93
52 131
52 132
52 133
52 171
52 172
52 173
52 211
52 212
52 213
52 251
52 252
52 253
52 291
52 292
52 293
52 331
52 332
52 333
52 371
52 372
52 373
52 411
52 412
52 413
52 451
52 452
52 453
52 491
52 492
52 493
53 54
53 92
53 93
53 94
53 132
53 133
53 134
53 172
53 173
53 174
53 212
53 213
53 214
53 252
53 253
53 254
53 292
53 293
53 294
53 332
53 333
53 334
53 372
53 373
53 374
53 412
53 413
53 414
53 452
53 453
53 454
53 492
53 493
53 494
54 55
54 93
54 94
54 95
54 133
54 134
54 135
54 173
54 174
54 175
54 213
54 214
54 215
54 253
54 254
54 255
54 293
54 294
54 295
54 333
54 334
54 335
54 373
54 374
54 375
54 413
54 414
54 415
54 453
54 454
54 455
54 493
54 494
54 495
55 56
55 94
55 95
55 96
55 134
55 135
55 136
55 174
55 175
55 176
55 214
55 215
55 216
55 254
55 255
55 256
55 294
55 295
55 296
55 334
55 335
55 336
55 374
55 375
55 376
55 414
55 415
55 416
55 454
55 455
55 456
55 494
55 495
55 496
56 57
56 95
56 96
56 97
56 135
56 136
56 137
56 175
56 176
56 177
56 215
56 216
56 217
56 255
56 256
56 257
56 295
56 296
56 297
56 335
56 336
56 337
56 375
56 376
56 377
56 415
56 416
56 417
56 455
56 456
56 457
56 495
56 496
56 497
57 58
57 96
57 97
57 98
57 136
57 137
57 138
57 176
57 177
57 178
57 216
57 217
57 218
57 256
57 257
57 258
57 296
57 297
57 298
57 336
57 337
57 338
57 376
57 377
57 378
57 416
57 417
57 418
57 456
57 457
57 458
57 496
57 497
57 498
58 59
58 97
58 98
58 99
58 137
58 138
58 139
58 177
58 178
58 179
58 217
58 218
58 219
58 257
58 258
58 259
58 297
58 298
58 299
58 337
58 338
58 339
58 377
58 378
58 379
58 417
58 418
58 419
58 457
58 458
58 459
58 497
58 498
58 499
59 60
59 98
59 99
59 100
59 138
59 139
59 140
59 178
59 179
59 180
59 218
59 219
59 220
59 258
59 259
59 260
59 298
59 299
59 300
59 338
59 339
59 340
59 378
59 379
59 380
59 418
59 419
59 420
59 458
59 459
59 460
59 498
59 499
60 61
60 99
60 100
60 101
60 139
60 140
60 141
60 179
60 180
60 181
60 219
60 220
60 221
60 259
60 260
60 261
60 299
60 300
60 301
60 339
60 340
60 341
60 379
60 380
60 381
60 419
60 420
60 421
60 459
60 460
60 461
60 499
61 62
61 100
61 101
61 102
61 140
61 141
61 142
61 180
61 181
61 182
61 220
61 221
61 222
61 260
61 261
61 262
61 300
61 301
61 302
61 340
61 341
61 342
61 380
61 381
61 382
61 420
61 421
61 422
61 460
61 461
61 462
62 63
62 101
62 102
62 103
62 141
62 142
62 143
62 181
62 182
62 183
62 221
62 222
62 223
62 261
62 262
62 263
62 301
62 302
62 303
62 341
62 342
62 343
62 381
62 382
62 383
62 421
62 422
62 423
62 461
62 462
62 463
63 64
63 102
63 103
63 104
63 142
63 143
63 144
63 182
63 183
63 184
63 222
63 223
63 224
63 262
63 263
63 264
63 302
63 303
63 304
63 342
63 343
63 344
63 382
63 383
63 384
63 422
63 423
63 424
63 462
63 463
63 464
64 65
64 103
64 104
64 105
64 143
64 144
64 145
64 183
64 184
64 185
64 223
64 224
64 225
64 263
64 264
64 265
64 303
64 304
64 305
64 343
64 344
64 345
64 383
64 384
64 385
64 423
64 424
64 425
64 463
64 464
64 465
65 66
65 104
65 105
65 106
65 144
65 145
65 146
65 184
65 185
65 186
65 224
65 225
65 226
65 264
65 265
65 266
65 304
65 305
65 306
65 344
65 345
65 346
65 384
65 385
65 386
65 424
65 425
65 426
65 464
65 465
65 466
66 67
66 105
66 106
66 107
66 145
66 146
66 147
66 185
66 186
66 187
66 225
66 226
66 227
66 265
66 266
66 267
66 305
66 306
66 307
66 345
66 346
66 347
66 385
66 386
66 387
66 425
66 426
66 427
66 465
66 466
66 467
67 68
67 106
67 107
67 108
67 146
67 147
67 148
67 186
67 187
67 188
67 226
67 227
67 228
67 266
67 267
67 268
67 306
67 307
67 308
67 346
67 347
67 348
67 386
67 387
67 388
67 426
67 427
67 428
67 466
67 467
67 468
68 69
68 107
68 108
68 109
68 147
68 148
68 149
68 187
68 188
68 189
68 227
68 228
68 229
68 267
68 268
68 269
68 307
68 308
68 309
68 347
68 348
68 349
68 387
68 388
68 389
68 427
68 428
68 429
68 467
68 468
68 469
69 70
69 108
69 109
69 110
69 148
69 149
69 150
69 188
69 189
69 190
69 228
69 229
69 230
69 268
69 269
69 270
69 308
69 309
69 310
69 348
69 349
69 350
69 388
69 389
69 390
69 428
69 429
69 430
69 468
69 469
69 470
70 71
70 109
70 110
70 111
70 149
70 150
70 151
70 189
70 190
70 191
70 229
70 230
70 231
70 269
70 270
70 271
70 309
70 310
70 311
70 349
70 350
70 351
70 389
70 390
70 391
70 429
70 430
70 431
70 469
70 470
70 471
71 72
71 110
71 111
71 112
71 150
71 151
71 152
71 190
71 191
71 192
71 230
71 231
71 232
71 270
71 271
71 272
71 310
71 311
71 312
71 350
71 351
71 352
71 390
71 391
71 392
71 430
71 431
71 432
71 470
71 471
71 472
72 73
72 111
72 112
72 113
72 151
72 152
72 153
72 191
72 192
72 193
72 231
72 232
72 233
72 271
72 272
72 273
72 311
72 312
72 313
72 351
72 352
72 353
72 391
72 392
72 393
72 431
72 432
72 433
72 471
72 472
72 473
73 74
73 112
73 113
73 114
73 152
73 153
73 154
73 192
73 193
73 194
73 232
73 233
73 234
73 272
73 273
73 274
73 312
73 313
73 314
73 352
73 353
73 354
73 392
73 393
73 394
73 432
73 433
73 434
73 472
73 473
73 474
74 75
74 113
74 114
74 115
74 153
74 154
74 155
74 193
74 194
74 195
74 233
74 234
74 235
74 273
74 274
74 275
74 313
74 314
74 315
74 353
74 354
74 355
74 393
74 394
74 395
74 433
74 434
74 435
74 473
74 474
74 475
75 76
75 114
75 115
75 116
75 154
75 155
75 156
75 194
75 195
75 196
75 234
75 235
75 236
75 274
75 275
75 276
75 314
75 315
75 316
75 354
75 355
75 356
75 394
75 395
75 396
75 434
75 435
75 436
75 474
75 475
75 476
76 77
76 115
76 116
76 117
76 155
76 156
76 157
76 195
76 196
76 197
76 235
76 236
76 237
76 275
76 276
76 277
76 315
76 316
76 317
76 355
76 356
76 357
76 395
76 396
76 397
76 435
76 436
76 437
76 475
76 476
76 477
77 78
77 116
77 117
77 118
77 156
77 157
77 158
77 196
77 197
77 198
77 236
77 237
77 238
77 276
77 277
77 278
77 316
77 317
77 318
77 356
77 357
77 358
77 396
77 397
77 398
77 436
77 437
77 438
77 476
77 477
77 478
78 79
78 117
78 118
78 119
78 157
78 158
78 159
78 197
78 198
78 199
78 237
78 238
78 239
78 277
78 278
78 279
78 317
78 318
78 319
78 357
78 358
78 359
78 397
78 398
78 399
78 437
78 438
78 439
78 477
78 478
78 479
79 80
79 118
79 119
79 120
79 158
79 159
79 160
79 198
79 199
79 200
79 238
79 239
79 240
79 278
79 279
79 280
79 318
79 319
79 320
79 358
79 359
79 360
79 398
79 399
79 400
79 438
79 439
79 440
79 478
79 479
79 480
80 81
80 119
80 120
80 121
80 159
80 160
80 161
80 199
80 200
80 201
80 239
80 240
80 241
80 279
80 280
80 281
80 319
80 320
80 321
80 359
80 360
80 361
80 399
80 400
80 401
80 439
80 440
80 441
80 479
80 480
80 481
81 82
81 120
81 121
81 122
81 160
81 161
81 162
81 200
81 201
81 202
81 240
81 241
81 242
81 280
81 281
81 282
81 320
81 321
81 322
81 360
81 361
81 362
81 400
81 401
81 402
81 440
81 441
81 442
81 480
81 481
81 482
82 83
82 121
82 122
82 123
82 161
82 162
82 163
82 201
82 202
82 203
82 241
82 242
82 243
82 281
82 282
82 283
82 321
82 322
82 323
82 361
82 362
82 363
82 401
82 402
82 403
82 441
82 442
82 443
82 481
82 482
82 483
83 84
83 122
83 123
83 124
83 162
83 163
83 164
83 202
83 203
83 204
83 242
83 243
83 244
83 282
83 283
83 284
83 322
83 323
83 324
83 362
83 363
83 364
83 402
83 403
83 404
83 442
83 443
83 444
83 482
83 483
83 484
84 85
84 123
84 124
84 125
84 163
84 164
84 165
84 203
84 204
84 205
84 243
84 244
84 245
84 283
84 284
84 285
84 323
84 324
84 325
84 363
84 364
84 365
84 403
84 404
84 405
84 443
84 444
84 445
84 483
84 484
84 485
85 86
85 124
85 125
85 126
85 164
85 165
85 166
85 204
85 205
85 206
85 244
85 245
85 246
85 284
85 285
85 286
85 324
85 325
85 326
85 364
85 365
85 366
85 404
85 405
85 406
85 444
85 445
85 446
85 484
85 485
85 486
86 87
86 125
86 126
86 127
86 165
86 166
86 167
86 205
86 206
86 207
86 245
86 246
86 247
86 285
86 286
86 287
86 325
86 326
86 327
86 365
86 366
86 367
86 405
86 406
86 407
86 445
86 446
86 447
86 485
86 486
86 487
87 88
87 126
87 127
87 128
87 166
87 167
87 168
87 206
87 207
87 208
87 246
87 247
87 248
87 286
87 287
87 288
87 326
87 327
87 328
87 366
87 367
87 368
87 406
87 407
87 408
87 446
87 447
87 448
87 486
87 487
87 488
88 89
88 127
88 128
88 129
88 167
88 168
88 169
88 207
88 208
88 209
88 247
88 248
88 249
88 287
88 288
88 289
88 327
88 328
88 329
88 367
88 368
88 369
88 407
88 408
88 409
88 447
88 448
88 449
88 487
88 488
88 489
89 90
89 128
89 129
89 130
89 168
89 169
89 170
89 208
89 209
89 210
89 248
89 249
89 250
89 288
89 289
89 290
89 328
89 329
89 330
89 368
89 369
89 370
89 408
89 409
89 410
89 448
89 449
89 450
89 488
89 489
89 490
90 91
90 129
90 130
90 131
90 169
90 170
90 171
90 209
90 210
90 211
90 249
90 250
90 251
90 289
90 290
90 291
90 329
90 330
90 331
90 369
90 370
90 371
90 409
90 410
90 411
90 449
90 450
90 451
90 489
90 490
90 491
91 92
91 130
91 131
91 132
91 170
91 171
91 172
91 210
91 211
91 212
91 250
91 251
91 252
91 290
91 291
91 292
91 330
91 331
91 332
91 370
91 371
91 372
91 410
91 411
91 412
91 450
91 451
91 452
91 490
91 491
91 492
92 93
92 131
92 132
92 133
92 171
92 172
92 173
92 211
92 212
92 213
92 251
92 252
92 253
92 291
92 292
92 293
92 331
92 332
92 333
92 371
92 372
92 373
92 411
92 412
92 413
92 451
92 452
92 453
92 491
92 492
92 493
93 94
93 132
93 133
93 134
93 172
93 173
93 174
93 212
93 213
93 214
93 252
93 253
93 254
93 292
93 293
93 294
93 332
93 333
93 334
93 372
93 373
93 374
93 412
93 413
93 414
93 452
93 453
93 454
93 492
93 493
93 494
94 95
94 133
94 134
94 135
94 173
94 174
94 175
94 213
94 214
94 215
94 253
94 254
94 255
94 293
94 294
94 295
94 333
94 334
94 335
94 373
94 374
94 375
94 413
94 414
94 415
94 453
94 454
94 455
94 493
94 494
94 495
95 96
95 134
95 135
95 136
95 174
95 175
95 176
95 214
95 215
95 216
95 254
95 255
95 256
95 294
95 295
95 296
95 334
95 335
95 336
95 374
95 375
95 376
95 414
95 415
95 416
95 454
95 455
95 456
95 494
95 495
95 496
96 97
96 135
96 136
96 137
96 175
96 176
96 177
96 215
96 216
96 217
96 255
96 256
96 257
96 295
96 296
96 297
96 335
96 336
96 337
96 375
96 376
96 377
96 415
96 416
96 417
96 455
96 456
96 457
96 495
96 496
96 497
97 98
97 136
97 137
97 138
97 176
97 177
97 178
97 216
97 217
97 218
97 256
97 257
97 258
97 296
97 297
97 298
97 336
97 337
97 338
97 376
97 377
97 378
97 416
97 417
97 418
97 456
97 457
97 458
97 496
97 497
97 498
98 99
98 137
98 138
98 139
98 177
98 178
98 179
98 217
98 218
98 219
98 257
98 258
98 259
98 297
98 298
98 299
98 337
98 338
98 339
98 377
98 378
98 379
98 417
98 418
98 419
98 457
98 458
98 459
98 497
98 498
98 499
99 100
99 138
99 139
99 140
99 178
99 179
99 180
99 218
99 219
99 220
99 258
99 259
99 260
99 298
99 299
99 300
99 338
99 339
99 340
99 378
99 379
99 380
99 418
99 419
99 420
99 458
99 459
99 460
99 498
99 499
100 101
100 139
100 140
100 141
100 179
100 180
100 181
100 219
100 220
100 221
100 259
100 260
100 261
100 299
100 300
100 301
100 339
100 340
100 341
100 379
100 380
100 381
100 419
100 420
100 421
100 459
100 460
100 461
100 499
101 102
101 140
101 141
101 142
101 180
101 181
101 182
101 220
101 221
101 222
101 260
101 261
101 262
101 300
101 301
101 302
101 340
101 341
101 342
101 380
101 381
101 382
101 420
101 421
101 422
101 460
101 461
101 462
102 103
102 141
102 142
102 143
102 181
102 182
102 183
102 221
102 222
102 223
102 261
102 262
102 263
102 301
102 302
102 303
102 341
102 342
102 343
102 381
102 382
102 383
102 421
102 422
102 423
102 461
102 462
102 463
103 104
103 142
103 143
103 144
103 182
103 183
103 184
103 222
103 223
103 224
103 262
103 263
103 264
103 302
103 303
103 304
103 342
103 343
103 344
103 382
103 383
103 384
103 422
103 423
103 424
103 462
103 463
103 464
104 105
104 143
104 144
104 145
104 183
104 184
104 185
104 223
104 224
104 225
104 263
104 264
104 265
104 303
104 304
104 305
104 343
104 344
104 345
104 383
104 384
104 385
104 423
104 424
104 425
104 463
104 464
104 465
105 106
105 144
105 145
105 146
105 184
105 185
105 186
105 224
105 225
105 226
105 264
105 265
105 266
105 304
105 305
105 306
105 344
105 345
105 346
105 384
105 385
105 386
105 424
105 425
105 426
105 464
105 465
105 466
106 107
106 145
106 146
106 147
106 185
106 186
106 187
106 225
106 226
106 227
106 265
106 266
106 267
106 305
106 306
106 307
106 345
106 346
106 347
106 385
106 386
106 387
106 425
106 426
106 427
106 465
106 466
106 467
107 108
107 146
107 147
107 148
107 186
107 187
107 188
107 226
107 227
107 228
107 266
107 267
107 268
107 306
107 307
107 308
107 346
107 347
107 348
107 386
107 387
107 388
107 426
107 427
107 428
107 466
107 467
107 468
108 109
108 147
108 148
108 149
108 187
108 188
108 189
108 227
108 228
108 229
108 267
108 268
108 269
108 307
108 308
108 309
108 347
108 348
108 349
108 387
108 388
108 389
108 427
108 428
108 429
108 467
108 468
108 469
109 110
109 148
109 149
109 150
109 188
109 189
109 190
109 228
109 229
109 230
109 268
109 269
109 270
109 308
109 309
109 310
109 348
109 349
109 350
109 388
109 389
109 390
109 428
109 429
109 430
109 468
109 469
109 470
110 111
110 149
110 150
110 151
110 189
110 190
110 191
110 229
110 230
110 231
110 269
110 270
110 271
110 309
110 310
110 311
110 349
110 350
110 351
110 389
110 390
110 391
110 429
110 430
110 431
110 469
110 470
110 471
111 112
111 150
111 151
111 152
111 190
111 191
111 192
111 230
111 231
111 232
111 270
111 271
111 272
111 310
111 311
111 312
111 350
111 351
111 352
111 390
111 391
111 392
111 430
111 431
111 432
111 470
111 471
111 472
112 113
112 151
112 152
112 153
112 191
112 192
112 193
112 231
112 232
112 233
112 271
112 272
112 273
112 311
112 312
112 313
112 351
112 352
112 353
112 391
112 392
112 393
112 431
112 432
112 433
112 471
112 472
112 473
113 114
113 152
113 153
113 154
113 192
113 193
113 194
113 232
113 233
113 234
113 272
113 273
113 274
113 312
113 313
113 314
113 352
113 353
113 354
113 392
113 393
113 394
113 432
113 433
113 434
113 472
113 473
113 474
114 115
114 153
114 154
114 155
114 193
114 194
114 195
114 233
114 234
114 235
114 273
114 274
114 275
114 313
114 314
114 315
114 353
114 354
114 355
114 393
114 394
114 395
114 433
114 434
114 435
114 473
114 474
114 475
115 116
115 154
115 155
115 156
115 194
115 195
115 196
115 234
115 235
115 236
115 274
115 275
115 276
115 314
115 315
115 316
115 354
115 355
115 356
115 394
115 395
115 396
115 434
115 435
115 436
115 474
115 475
115 476
116 117
116 155
116 156
116 157
116 195
116 196
116 197
116 235
116 236
116 237
116 275
116 276
116 277
116 315
116 316
116 317
116 355
116 356
116 357
116 395
116 396
116 397
116 435
116 436
116 437
116 475
116 476
116 477
117 118
117 156
117 157
117 158
117 196
117 197
117 198
117 236
117 237
117 238
117 276
117 277
117 278
117 316
117 317
117 318
117 356
117 357
117 358
117 396
117 397
117 398
117 436
117 437
117 438
117 476
117 477
117 478
118 119
118 157
118 158
118 159
118 197
118 198
118 199
118 237
118 238
118 239
118 277
118 278
118 279
118 317
118 318
118 319
118 357
118 358
118 359
118 397
118 398
118 399
118 437
118 438
118 439
118 477
118 478
118 479
119 120
119 158
119 159
119 160
119 198
119 199
119 200
119 238
119 239
119 240
119 278
119 279
119 280
119 318
119 319
119 320
119 358
119 359
119 360
119 398
119 399
119 400
119 438
119 439
119 440
119 478
119 479
119 480
120 121
120 159
120 160
120 161
120 199
120 200
120 201
120 239
120 240
120 241
120 279
120 280
120 281
120 319
120 320
120 321
120 359
120 360
120 361
120 399
120 400
120 401
120 439
120 440
120 441
120 479
120 480
120 481
121 122
121 160
121 161
121 162
121 200
121 201
121 202
121 240
121 241
121 242
121 280
121 281
121 282
121 320
121 321
121 322
121 360
121 361
121 362
121 400
121 401
121 402
121 440
121 441
121 442
121 480
121 481
121 482
122 123
122 161
122 162
122 163
122 201
122 202
122 203
122 241
122 242
122 243
122 281
122 282
122 283
122 321
122 322
122 323
122 361
122 362
122 363
122 401
122 402
122 403
122 441
122 442
122 443
122 481
122 482
122 483
123 124
123 162
123 163
123 164
123 202
123 203
123 204
123 242
123 243
123 244
123 282
123 283
123 284
123 322
123 323
123 324
123 362
123 363
123 364
123 402
123 403
123 404
123 442
123 443
123 444
123 482
123 483
123 484
124 125
124 163
124 164
124 165
124 203
124 204
124 205
124 243
124 244
124 245
124 283
124 284
124 285
124 323
124 324
124 325
124 363
124 364
124 365
124 403
124 404
124 405
124 443
124 444
124 445
124 483
124 484
124 485
125 126
125 164
125 165
125 166
125 204
125 205
125 206
125 244
125 245
125 246
125 284
125 285
125 286
125 324
125 325
125 326
125 364
125 365
125 366
125 404
125 405
125 406
125 444
125 445
125 446
125 484
125 485
125 486
126 127
126 165
126 166
126 167
126 205
126 206
126 207
126 245
126 246
126 247
126 285
126 286
126 287
126 325
126 326
126 327
126 365
126 366
126 367
126 405
126 406
126 407
126 445
126 446
126 447
126 485
126 486
126 487
127 128
127 166
127 167
127 168
127 206
127 207
127 208
127 246
127 247
127 248
127 286
127 287
127 288
127 326
127 327
127 328
127 366
127 367
127 368
127 406
127 407
127 408
127 446
127 447
127 448
127 486
127 487
127 488
128 129
128 167
128 168
128 169
128 207
128 208
128 209
128 247
128 248
128 249
128 287
128 288
128 289
128 327
128 328
128 329
128 367
128 368
128 369
128 407
128 408
128 409
128 447
128 448
128 449
128 487
128 488
128 489
129 130
129 168
129 169
129 170
129 208
129 209
129 210
129 248
129 249
129 250
129 288
129 289
129 290
129 328
129 329
129 330
129 368
129 369
129 370
129 408
129 409
129 410
129 448
129 449
129 450
129 488
129 489
129 490
130 131
130 169
130 170
130 171
130 209
130 210
130 211
130 249
130 250
130 251
130 289
130 290
130 291
130 329
130 330
130 331
130 369
130 370
130 371
130 409
130 410
130 411
130 449
130 450
130 451
130 489
130 490
130 491
131 132
131 170
131 171
131 172
131 210
131 211
131 212
131 250
131 251
131 252
131 290
131 291
131 292
131 330
131 331
131 332
131 370
131 371
131 372
131 410
131 411
131 412
131 450
131 451
131 452
131 490
131 491
131 492
132 133
132 171
132 172
132 173
132 211
132 212
132 213
132 251
132 252
132 253
132 291
132 292
132 293
132 331
132 332
132 333
132 371
132 372
132 373
132 411
132 412
132 413
132 451
132 452
132 453
132 491
132 492
132 493
133 134
133 172
133 173
133 174
133 212
133 213
133 214
133 252
133 253
133 254
133 292
133 293
133 294
133 332
133 333
133 334
133 372
133 373
133 374
133 412
133 413
133 414
133 452
133 453
133 454
133 492
133 493
133 494
134 135
134 173
134 174
134 175
134 213
134 214
134 215
134 253
134 254
134 255
134 293
134 294
134 295
134 333
134 334
134 335
134 373
134 374
134 375
134 413
134 414
134 415
134 453
134 454
134 455
134 493
134 494
134 495
135 136
135 174
135 175
135 176
135 214
135 215
135 216
135 254
135 255
135 256
135 294
135 295
135 296
135 334
135 335
135 336
135 374
135 375
135 376
135 414
135 415
135 416
135 454
135 455
135 456
135 494
135 495
135 496
136 137
136 175
136 176
136 177
136 215
136 216
136 217
136 255
136 256
136 257
136 295
136 296
136 297
136 335
136 336
136 337
136 375
136 376
136 377
136 415
136 416
136 417
136 455
136 456
136 457
136 495
136 496
136 497
137 138
137 176
137 177
137 178
137 216
137 217
137 218
137 256
137 257
137 258
137 296
137 297
137 298
137 336
137 337
137 338
137 376
137 377
137 378
137 416
137 417
137 418
137 456
137 457
137 458
137 496
137 497
137 498
138 139
138 177
138 178
138 179
138 217
138 218
138 219
138 257
138 258
138 259
138 297
138 298
138 299
138 337
138 338
138 339
138 377
138 378
138 379
138 417
138 418
138 419
138 457
138 458
138 459
138 497
138 498
138 499
139 140
139 178
139 179
139 180
139 218
139 219
139 220
139 258
139 259
139 260
139 298
139 299
139 300
139 338
139 339
139 340
139 378
139 379
139 380
139 418
139 419
139 420
139 458
139 459
139 460
139 498
139 499
140 141
140 179
140 180
140 181
140 219
140 220
140 221
140 259
140 260
140 261
140 299
140 300
140 301
140 339
140 340
140 341
140 379
140 380
140 381
140 419
140 420
140 421
140 459
140 460
140 461
140 499
141 142
141 180
141 181
141 182
141 220
141 221
141 222
141 260
141 261
141 262
141 300
141 301
141 302
141 340
141 341
141 342
141 380
141 381
141 382
141 420
141 421
141 422
141 460
141 461
141 462
142 143
142 181
142 182
142 183
142 221
142 222
142 223
142 261
142 262
142 263
142 301
142 302
142 303
142 341
142 342
142 343
142 381
142 382
142 383
142 421
142 422
142 423
142 461
142 462
142 463
143 144
143 182
143 183
143 184
143 222
143 223
143 224
143 262
143 263
143 264
143 302
143 303
143 304
143 342
143 343
143 344
143 382
143 383
143 384
143 422
143 423
143 424
143 462
143 463
143 464
144 145
144 183
144 184
144 185
144 223
144 224
144 225
144 263
144 264
144 265
144 303
144 304
144 305
144 343
144 344
144 345
144 383
144 384
144 385
144 423
144 424
144 425
144 463
144 464
144 465
145 146
145 184
145 185
145 186
145 224
145 225
145 226
145 264
145 265
145 266
145 304
145 305
145 306
145 344
145 345
145 346
145 384
145 385
145 386
145 424
145 425
145 426
145 464
145 465
145 466
146 147
146 185
146 186
146 187
146 225
146 226
146 227
146 265
146 266
146 267
146 305
146 306
146 307
146 345
146 346
146 347
146 385
146 386
146 387
146 425
146 426
146 427
146 465
146 466
146 467
147 148
147 186
147 187
147 188
147 226
147 227
147 228
147 266
147 267
147 268
147 306
147 307
147 308
147 346
147 347
147 348
147 386
147 387
147 388
147 426
147 427
147 428
147 466
147 467
147 468
148 149
148 187
148 188
148 189
148 227
148 228
148 229
148 267
148 268
148 269
148 307
148 308
148 309
148 347
148 348
148 349
148 387
148 388
148 389
148 427
148 428
148 429
148 467
148 468
148 469
149 150
149 188
149 189
149 190
149 228
149 229
149 230
149 268
149 269
149 270
149 308
149 309
149 310
149 348
149 349
149 350
149 388
149 389
149 390
149 428
149 429
149 430
149 468
149 469
149 470
150 151
150 189
150 190
150 191
150 229
150 230
150 231
150 269
150 270
150 271
150 309
150 310
150 311
150 349
150 350
150 351
150 389
150 390
150 391
150 429
150 430
150 431
150 469
150 470
150 471
151 152
151 190
151 191
151 192
151 230
151 231
151 232
151 270
151 271
151 272
151 310
151 311
151 312
151 350
151 351
151 352
151 390
151 391
151 392
151 430
151 431
151 432
151 470
151 471
151 472
152 153
152 191
152 192
152 193
152 231
152 232
152 233
152 271
152 272
152 273
152 311
152 312
152 313
152 351
152 352
152 353
152 391
152 392
152 393
152 431
152 432
152 433
152 471
152 472
152 473
153 154
153 192
153 193
153 194
153 232
153 233
153 234
153 272
153 273
153 274
153 312
153 313
153 314
153 352
153 353
153 354
153 392
153 393
153 394
153 432
153 433
153 434
153 472
153 473
153 474
154 155
154 193
154 194
154 195
154 233
154 234
154 235
154 273
154 274
154 275
154 313
154 314
154 315
154 353
154 354
154 355
154 393
154 394
154 395
154 433
154 434
154 435
154 473
154 474
154 475
155 156
155 194
155 195
155 196
155 234
155 235
155 236
155 274
155 275
155 276
155 314
155 315
155 316
155 354
155 355
155 356
155 394
155 395
155 396
155 434
155 435
155 436
155 474
155 475
155 476
156 157
156 195
156 196
156 197
156 235
156 236
156 237
156 275
156 276
156 277
156 315
156 316
156 317
156 355
156 356
156 357
156 395
156 396
156 397
156 435
156 436
156 437
156 475
156 476
156 477
157 158
157 196
157 197
157 198
157 236
157 237
157 238
157 276
157 277
157 278
157 316
157 317
157 318
157 356
157 357
157 358
157 396
157 397
157 398
157 436
157 437
157 438
157 476
157 477
157 478
158 159
158 197
158 198
158 199
158 237
158 238
158 239
158 277
158 278
158 279
158 317
158 318
158 319
158 357
158 358
158 359
158 397
158 398
158 399
158 437
158 438
158 439
158 477
158 478
158 479
159 160
159 198
159 199
159 200
159 238
159 239
159 240
159 278
159 279
159 280
159 318
159 319
159 320
159 358
159 359
159 360
159 398
159 399
159 400
159 438
159 439
159 440
159 478
159 479
159 480
160 161
160 199
160 200
160 201
160 239
160 240
160 241
160 279
160 280
160 281
160 319
160 320
160 321
160 359
160 360
160 361
160 399
160 400
160 401
160 439
160 440
160 441
160 479
160 480
160 481
161 162
161 200
161 201
161 202
161 240
161 241
161 242
161 280
161 281
161 282
161 320
161 321
161 322
161 360
161 361
161 362
161 400
161 401
161 402
161 440
161 441
161 442
161 480
161 481
161 482
162 163
162 201
162 202
162 203
162 241
162 242
162 243
162 281
162 282
162 283
162 321
162 322
162 323
162 361
162 362
162 363
162 401
162 402
162 403
162 441
162 442
162 443
162 481
162 482
162 483
163 164
163 202
163 203
163 204
163 242
163 243
163 244
163 282
163 283
163 284
163 322
163 323
163 324
163 362
163 363
163 364
163 402
163 403
163 404
163 442
163 443
163 444
163 482
163 483
163 484
164 165
164 203
164 204
164 205
164 243
164 244
164 245
164 283
164 284
164 285
164 323
164 324
164 325
164 363
164 364
164 365
164 403
164 404
164 405
164 443
164 444
164 445
164 483
164 484
164 485
165 166
165 204
165 205
165 206
165 244
165 245
165 246
165 284
165 285
165 286
165 324
165 325
165 326
165 364
165 365
165 366
165 404
165 405
165 406
165 444
165 445
165 446
165 484
165 485
165 486
166 167
166 205
166 206
166 207
166 245
166 246
166 247
166 285
166 286
166 287
166 325
166 326
166 327
166 365
166 366
166 367
166 405
166 406
166 407
166 445
166 446
166 447
166 485
166 486
166 487
167 168
167 206
167 207
167 208
167 246
167 247
167 248
167 286
167 287
167 288
167 326
167 327
167 328
167 366
167 367
167 368
167 406
167 407
167 408
167 446
167 447
167 448
167 486
167 487
167 488
168 169
168 207
168 208
168 209
168 247
168 248
168 249
168 287
168 288
168 289
168 327
168 328
168 329
168 367
168 368
168 369
168 407
168 408
168 409
168 447
168 448
168 449
168 487
168 488
168 489
169 170
169 208
169 209
169 210
169 248
169 249
169 250
169 288
169 289
169 290
169 328
169 329
169 330
169 368
169 369
169 370
169 408
169 409
169 410
169 448
169 449
169 450
169 488
169 489
169 490
170 171
170 209
170 210
170 211
170 249
170 250
170 251
170 289
170 290
170 291
170 329
170 330
170 331
170 369
170 370
170 371
170 409
170 410
170 411
170 449
170 450
170 451
170 489
170 490
170 491
171 172
171 210
171 211
171 212
171 250
171 251
171 252
171 290
171 291
171 292
171 330
171 331
171 332
171 370
171 371
171 372
171 410
171 411
171 412
171 450
171 451
171 452
171 490
171 491
171 492
172 173
172 211
172 212
172 213
172 251
172 252
172 253
172 291
172 292
172 293
172 331
172 332
172 333
172 371
172 372
172 373
172 411
172 412
172 413
172 451
172 452
172 453
172 491
172 492
172 493
173 174
173 212
173 213
173 214
173 252
173 253
173 254
173 292
173 293
173 294
173 332
173 333
173 334
173 372
173 373
173 374
173 412
173 413
173 414
173 452
173 453
173 454
173 492
173 493
173 494
174 175
174 213
174 214
174 215
174 253
174 254
174 255
174 293
174 294
174 295
174 333
174 334
174 335
174 373
174 374
174 375
174 413
174 414
174 415
174 453
174 454
174 455
174 493
174 494
174 495
175 176
175 214
175 215
175 216
175 254
175 255
175 256
175 294
175 295
175 296
175 334
175 335
175 336
175 374
175 375
175 376
175 414
175 415
175 416
175 454
175 455
175 456
175 494
175 495
175 496
176 177
176 215
176 216
176 217
176 255
176 256
176 257
176 295
176 296
176 297
176 335
176 336
176 337
176 375
176 376
176 377
176 415
176 416
176 417
176 455
176 456
176 457
176 495
176 496
176 497
177 178
177 216
177 217
177 218
177 256
177 257
177 258
177 296
177 297
177 298
177 336
177 337
177 338
177 376
177 377
177 378
177 416
177 417
177 418
177 456
177 457
177 458
177 496
177 497
177 498
178 179
178 217
178 218
178 219
178 257
178 258
178 259
178 297
178 298
178 299
178 337
178 338
178 339
178 377
178 378
178 379
178 417
178 418
178 419
178 457
178 458
178 459
178 497
178 498
178 499
179 180
179 218
179 219
179 220
179 258
179 259
179 260
179 298
179 299
179 300
179 338
179 339
179 340
179 378
179 379
179 380
179 418
179 419
179 420
179 458
179 459
179 460
179 498
179 499
180 181
180 219
180 220
180 221
180 259
180 260
180 261
180 299
180 300
180 301
180 339
180 340
180 341
180 379
180 380
180 381
180 419
180 420
180 421
180 459
180 460
180 461
180 499
181 182
181 220
181 221
181 222
181 260
181 261
181 262
181 300
181 301
181 302
181 340
181 341
181 342
181 380
181 381
181 382
181 420
181 421
181 422
181 460
181 461
181 462
182 183
182 221
182 222
182 223
182 261
182 262
182 263
182 301
182 302
182 303
182 341
182 342
182 343
182 381
182 382
182 383
182 421
182 422
182 423
182 461
182 462
182 463
183 184
183 222
183 223
183 224
183 262
183 263
183 264
183 302
183 303
183 304
183 342
183 343
183 344
183 382
183 383
183 384
183 422
183 423
183 424
183 462
183 463
183 464
184 185
184 223
184 224
184 225
184 263
184 264
184 265
184 303
184 304
184 305
184 343
184 344
184 345
184 383
184 384
184 385
184 423
184 424
184 425
184 463
184 464
184 465
185 186
185 224
185 225
185 226
185 264
185 265
185 266
185 304
185 305
185 306
185 344
185 345
185 346
185 384
185 385
185 386
185 424
185 425
185 426
185 464
185 465
185 466
186 187
186 225
186 226
186 227
186 265
186 266
186 267
186 305
186 306
186 307
186 345
186 346
186 347
186 385
186 386
186 387
186 425
186 426
186 427
186 465
186 466
186 467
187 188
187 226
187 227
187 228
187 266
187 267
187 268
187 306
187 307
187 308
187 346
187 347
187 348
187 386
187 387
187 388
187 426
187 427
187 428
187 466
187 467
187 468
188 189
188 227
188 228
188 229
188 267
188 268
188 269
188 307
188 308
188 309
188 347
188 348
188 349
188 387
188 388
188 389
188 427
188 428
188 429
188 467
188 468
188 469
189 190
189 228
189 229
189 230
189 268
189 269
189 270
189 308
189 309
189 310
189 348
189 349
189 350
189 388
189 389
189 390
189 428
189 429
189 430
189 468
189 469
189 470
190 191
190 229
190 230
190 231
190 269
190 270
190 271
190 309
190 310
190 311
190 349
190 350
190 351
190 389
190 390
190 391
190 429
190 430
190 431
190 469
190 470
190 471
191 192
191 230
191 231
191 232
191 270
191 271
191 272
191 310
191 311
191 312
191 350
191 351
191 352
191 390
191 391
191 392
191 430
191 431
191 432
191 470
191 471
191 472
192 193
192 231
192 232
192 233
192 271
192 272
192 273
192 311
192 312
192 313
192 351
192 352
192 353
192 391
192 392
192 393
192 431
192 432
192 433
192 471
192 472
192 473
193 194
193 232
193 233
193 234
193 272
193 273
193 274
193 312
193 313
193 314
193 352
193 353
193 354
193 392
193 393
193 394
193 432
193 433
193 434
193 472
193 473
193 474
194 195
194 233
194 234
194 235
194 273
194 274
194 275
194 313
194 314
194 315
194 353
194 354
194 355
194 393
194 394
194 395
194 433
194 434
194 435
194 473
194 474
194 475
195 196
195 234
195 235
195 236
195 274
195 275
195 276
195 314
195 315
195 316
195 354
195 355
195 356
195 394
195 395
195 396
195 434
195 435
195 436
195 474
195 475
195 476
196 197
196 235
196 236
196 237
196 275
196 276
196 277
196 315
196 316
196 317
196 355
196 356
196 357
196 395
196 396
196 397
196 435
196 436
196 437
196 475
196 476
196 477
197 198
197 236
197 237
197 238
197 276
197 277
197 278
197 316
197 317
197 318
197 356
197 357
197 358
197 396
197 397
197 398
197 436
197 437
197 438
197 476
197 477
197 478
198 199
198 237
198 238
198 239
198 277
198 278
198 279
198 317
198 318
198 319
198 357
198 358
198 359
198 397
198 398
198 399
198 437
198 438
198 439
198 477
198 478
198 479
199 200
199 238
199 239
199 240
199 278
199 279
199 280
199 318
199 319
199 320
199 358
199 359
199 360
199 398
199 399
199 400
199 438
199 439
199 440
199 478
199 479
199 480
200 201
200 239
200 240
200 241
200 279
200 280
200 281
200 319
200 320
200 321
200 359
200 360
200 361
200 399
200 400
200 401
200 439
200 440
200 441
200 479
200 480
200 481
201 202
201 240
201 241
201 242
201 280
201 281
201 282
201 320
201 321
201 322
201 360
201 361
201 362
201 400
201 401
201 402
201 440
201 441
201 442
201 480
201 481
201 482
202 203
202 241
202 242
202 243
202 281
202 282
202 283
202 321
202 322
202 323
202 361
202 362
202 363
202 401
202 402
202 403
202 441
202 442
202 443
202 481
202 482
202 483
203 204
203 242
203 243
203 244
203 282
203 283
203 284
203 322
203 323
203 324
203 362
203 363
203 364
203 402
203 403
203 404
203 442
203 443
203 444
203 482
203 483
203 484
204 205
204 243
204 244
204 245
204 283
204 284
204 285
204 323
204 324
204 325
204 363
204 364
204 365
204 403
204 404
204 405
204 443
204 444
204 445
204 483
204 484
204 485
205 206
205 244
205 245
205 246
205 284
205 285
205 286
205 324
205 325
205 326
205 364
205 365
205 366
205 404
205 405
205 406
205 444
205 445
205 446
205 484
205 485
205 486
206 207
206 245
206 246
206 247
206 285
206 286
206 287
206 325
206 326
206 327
206 365
206 366
206 367
206 405
206 406
206 407
206 445
206 446
206 447
206 485
206 486
206 487
207 208
207 246
207 247
207 248
207 286
207 287
207 288
207 326
207 327
207 328
207 366
207 367
207 368
207 406
207 407
207 408
207 446
207 447
207 448
207 486
207 487
207 488
208 209
208 247
208 248
208 249
208 287
208 288
208 289
208 327
208 328
208 329
208 367
208 368
208 369
208 407
208 408
208 409
208 447
208 448
208 449
208 487
208 488
208 489
209 210
209 248
209 249
209 250
209 288
209 289
209 290
209 328
209 329
209 330
209 368
209 369
209 370
209 408
209 409
209 410
209 448
209 449
209 450
209 488
209 489
209 490
210 211
210 249
210 250
210 251
210 289
210 290
210 291
210 329
210 330
210 331
210 369
210 370
210 371
210 409
210 410
210 411
210 449
210 450
210 451
210 489
210 490
210 491
211 212
211 250
211 251
211 252
211 290
211 291
211 292
211 330
211 331
211 332
211 370
211 371
211 372
211 410
211 411
211 412
211 450
211 451
211 452
211 490
211 491
211 492
212 213
212 251
212 252
212 253
212 291
212 292
212 293
212 331
212 332
212 333
212 371
212 372
212 373
212 411
212 412
212 413
212 451
212 452
212 453
212 491
212 492
212 493
213 214
213 252
213 253
213 254
213 292
213 293
213 294
213 332
213 333
213 334
213 372
213 373
213 374
213 412
213 413
213 414
213 452
213 453
213 454
213 492
213 493
213 494
214 215
214 253
214 254
214 255
214 293
214 294
214 295
214 333
214 334
214 335
214 373
214 374
214 375
214 413
214 414
214 415
214 453
214 454
214 455
214 493
214 494
214 495
215 216
215 254
215 255
215 256
215 294
215 295
215 296
215 334
215 335
215 336
215 374
215 375
215 376
215 414
215 415
215 416
215 454
215 455
215 456
215 494
215 495
215 496
216 217
216 255
216 256
216 257
216 295
216 296
216 297
216 335
216 336
216 337
216 375
216 376
216 377
216 415
216 416
216 417
216 455
216 456
216 457
216 495
216 496
216 497
217 218
217 256
217 257
217 258
217 296
217 297
217 298
217 336
217 337
217 338
217 376
217 377
217 378
217 416
217 417
217 418
217 456
217 457
217 458
217 496
217 497
217 498
218 219
218 257
218 258
218 259
218 297
218 298
218 299
218 337
218 338
218 339
218 377
218 378
218 379
218 417
218 418
218 419
218 457
218 458
218 459
218 497
218 498
218 499
219 220
219 258
219 259
219 260
219 298
219 299
219 300
219 338
219 339
219 340
219 378
219 379
219 380
219 418
219 419
219 420
219 458
219 459
219 460
219 498
219 499
220 221
220 259
220 260
220 261
220 299
220 300
220 301
220 339
220 340
220 341
220 379
220 380
220 381
220 419
220 420
220 421
220 459
220 460
220 461
220 499
221 222
221 260
221 261
221 262
221 300
221 301
221 302
221 340
221 341
221 342
221 380
221 381
221 382
221 420
221 421
221 422
221 460
221 461
221 462
222 223
222 261
222 262
222 263
222 301
222 302
222 303
222 341
222 342
222 343
222 381
222 382
222 383
222 421
222 422
222 423
222 461
222 462
222 463
223 224
223 262
223 263
223 264
223 302
223 303
223 304
223 342
223 343
223 344
223 382
223 383
223 384
223 422
223 423
223 424
223 462
223 463
223 464
224 225
224 263
224 264
224 265
224 303
224 304
224 305
224 343
224 344
224 345
224 383
224 384
224 385
224 423
224 424
224 425
224 463
224 464
224 465
225 226
225 264
225 265
225 266
225 304
225 305
225 306
225 344
225 345
225 346
225 384
225 385
225 386
225 424
225 425
225 426
225 464
225 465
225 466
226 227
226 265
226 266
226 267
226 305
226 306
226 307
226 345
226 346
226 347
226 385
226 386
226 387
226 425
226 426
226 427
226 465
226 466
226 467
227 228
227 266
227 267
227 268
227 306
227 307
227 308
227 346
227 347
227 348
227 386
227 387
227 388
227 426
227 427
227 428
227 466
227 467
227 468
228 229
228 267
228 268
228 269
228 307
228 308
228 309
228 347
228 348
228 349
228 387
228 388
228 389
228 427
228 428
228 429
228 467
228 468
228 469
229 230
229 268
229 269
229 270
229 308
229 309
229 310
229 348
229 349
229 350
229 388
229 389
229 390
229 428
229 429
229 430
229 468
229 469
229 470
230 231
230 269
230 270
230 271
230 309
230 310
230 311
230 349
230 350
230 351
230 389
230 390
230 391
230 429
230 430
230 431
230 469
230 470
230 471
231 232
231 270
231 271
231 272
231 310
231 311
231 312
231 350
231 351
231 352
231 390
231 391
231 392
231 430
231 431
231 432
231 470
231 471
231 472
232 233
232 271
232 272
232 273
232 311
232 312
232 313
232 351
232 352
232 353
232 391
232 392
232 393
232 431
232 432
232 433
232 471
232 472
232 473
233 234
233 272
233 273
233 274
233 312
233 313
233 314
233 352
233 353
233 354
233 392
233 393
233 394
233 432
233 433
233 434
233 472
233 473
233 474
234 235
234 273
234 274
234 275
234 313
234 314
234 315
234 353
234 354
234 355
234 393
234 394
234 395
234 433
234 434
234 435
234 473
234 474
234 475
235 236
235 274
235 275
235 276
235 314
235 315
235 316
235 354
235 355
235 356
235 394
235 395
235 396
235 434
235 435
235 436
235 474
235 475
235 476
236 237
236 275
236 276
236 277
236 315
236 316
236 317
236 355
236 356
236 357
236 395
236 396
236 397
236 435
236 436
236 437
236 475
236 476
236 477
237 238
237 276
237 277
237 278
237 316
237 317
237 318
237 356
237 357
237 358
237 396
237 397
237 398
237 436
237 437
237 438
237 476
237 477
237 478
238 239
238 277
238 278
238 279
238 317
238 318
238 319
238 357
238 358
238 359
238 397
238 398
238 399
238 437
238 438
238 439
238 477
238 478
238 479
239 240
239 278
239 279
239 280
239 318
239 319
239 320
239 358
239 359
239 360
239 398
239 399
239 400
239 438
239 439
239 440
239 478
239 479
239 480
240 241
240 279
240 280
240 281
240 319
240 320
240 321
240 359
240 360
240 361
240 399
240 400
240 401
240 439
240 440
240 441
240 479
240 480
240 481
241 242
241 280
241 281
241 282
241 320
241 321
241 322
241 360
241 361
241 362
241 400
241 401
241 402
241 440
241 441
241 442
241 480
241 481
241 482
242 243
242 281
242 282
242 283
242 321
242 322
242 323
242 361
242 362
242 363
242 401
242 402
242 403
242 441
242 442
242 443
242 481
242 482
242 483
243 244
243 282
243 283
243 284
243 322
243 323
243 324
243 362
243 363
243 364
243 402
243 403
243 404
243 442
243 443
243 444
243 482
243 483
243 484
244 245
244 283
244 284
244 285
244 323
244 324
244 325
244 363
244 364
244 365
244 403
244 404
244 405
244 443
244 444
244 445
244 483
244 484
244 485
245 246
245 284
245 285
245 286
245 324
245 325
245 326
245 364
245 365
245 366
245 404
245 405
245 406
245 444
245 445
245 446
245 484
245 485
245 486
246 247
246 285
246 286
246 287
246 325
246 326
246 327
246 365
246 366
246 367
246 405
246 406
246 407
246 445
246 446
246 447
246 485
246 486
246 487
247 248
247 286
247 287
247 288
247 326
247 327
247 328
247 366
247 367
247 368
247 406
247 407
247 408
247 446
247 447
247 448
247 486
247 487
247 488
248 249
248 287
248 288
248 289
248 327
248 328
248 329
248 367
248 368
248 369
248 407
248 408
248 409
248 447
248 448
248 449
248 487
248 488
248 489
249 250
249 288
249 289
249 290
249 328
249 329
249 330
249 368
249 369
249 370
249 408
249 409
249 410
249 448
249 449
249 450
249 488
249 489
249 490
250 251
250 289
250 290
250 291
250 329
250 330
250 331
250 369
250 370
250 371
250 409
250 410
250 411
250 449
250 450
250 451
250 489
250 490
250 491
251 252
251 290
251 291
251 292
251 330
251 331
251 332
251 370
251 371
251 372
251 410
251 411
251 412
251 450
251 451
251 452
251 490
251 491
251 492
252 253
252 291
252 292
252 293
252 331
252 332
252 333
252 371
252 372
252 373
252 411
252 412
252 413
252 451
252 452
252 453
252 491
252 492
252 493
253 254
253 292
253 293
253 294
253 332
253 333
253 334
253 372
253 373
253 374
253 412
253 413
253 414
253 452
253 453
253 454
253 492
253 493
253 494
254 255
254 293
254 294
254 295
254 333
254 334
254 335
254 373
254 374
254 375
254 413
254 414
254 415
254 453
254 454
254 455
254 493
254 494
254 495
255 256
255 294
255 295
255 296
255 334
255 335
255 336
255 374
255 375
255 376
255 414
255 415
255 416
255 454
255 455
255 456
255 494
255 495
255 496
256 257
256 295
256 296
256 297
256 335
256 336
256 337
256 375
256 376
256 377
256 415
256 416
256 417
256 455
256 456
256 457
256 495
256 496
256 497
257 258
257 296
257 297
257 298
257 336
257 337
257 338
257 376
257 377
257 378
257 416
257 417
257 418
257 456
257 457
257 458
257 496
257 497
257 498
258 259
258 297
258 298
258 299
258 337
258 338
258 339
258 377
258 378
258 379
258 417
258 418
258 419
258 457
258 458
258 459
258 497
258 498
258 499
259 260
259 298
259 299
259 300
259 338
259 339
259 340
259 378
259 379
259 380
259 418
259 419
259 420
259 458
259 459
259 460
259 498
259 499
260 261
260 299
260 300
260 301
260 339
260 340
260 341
260 379
260 380
260 381
260 419
260 420
260 421
260 459
260 460
260 461
260 499
261 262
261 300
261 301
261 302
261 340
261 341
261 342
261 380
261 381
261 382
261 420
261 421
261 422
261 460
261 461
261 462
262 263
262 301
262 302
262 303
262 341
262 342
262 343
262 381
262 382
262 383
262 421
262 422
262 423
262 461
262 462
262 463
263 264
263 302
263 303
263 304
263 342
263 343
263 344
263 382
263 383
263 384
263 422
263 423
263 424
263 462
263 463
263 464
264 265
264 303
264 304
264 305
264 343
264 344
264 345
264 383
264 384
264 385
264 423
264 424
264 425
264 463
264 464
264 465
265 266
265 304
265 305
265 306
265 344
265 345
265 346
265 384
265 385
265 386
265 424
265 425
265 426
265 464
265 465
265 466
266 267
266 305
266 306
266 307
266 345
266 346
266 347
266 385
266 386
266 387
266 425
266 426
266 427
266 465
266 466
266 467
267 268
267 306
267 307
267 308
267 346
267 347
267 348
267 386
267 387
267 388
267 426
267 427
267 428
267 466
267 467
267 468
268 269
268 307
268 308
268 309
268 347
268 348
268 349
268 387
268 388
268 389
268 427
268 428
268 429
268 467
268 468
268 469
269 270
269 308
269 309
269 310
269 348
269 349
269 350
269 388
269 389
269 390
269 428
269 429
269 430
269 468
269 469
269 470
270 271
270 309
270 310
270 311
270 349
270 350
270 351
270 389
270 390
270 391
270 429
270 430
270 431
270 469
270 470
270 471
271 272
271 310
271 311
271 312
271 350
271 351
271 352
271 390
271 391
271 392
271 430
271 431
271 432
271 470
271 471
271 472
272 273
272 311
272 312
272 313
272 351
272 352
272 353
272 391
272 392
272 393
272 431
272 432
272 433
272 471
272 472
272 473
273 274
273 312
273 313
273 314
273 352
273 353
273 354
273 392
273 393
273 394
273 432
273 433
273 434
273 472
273 473
273 474
274 275
274 313
274 314
274 315
274 353
274 354
274 355
274 393
274 394
274 395
274 433
274 434
274 435
274 473
274 474
274 475
275 276
275 314
275 315
275 316
275 354
275 355
275 356
275 394
275 395
275 396
275 434
275 435
275 436
275 474
275 475
275 476
276 277
276 315
276 316
276 317
276 355
276 356
276 357
276 395
276 396
276 397
276 435
276 436
276 437
276 475
276 476
276 477
277 278
277 316
277 317
277 318
277 356
277 357
277 358
277 396
277 397
277 398
277 436
277 437
277 438
277 476
277 477
277 478
278 279
278 317
278 318
278 319
278 357
278 358
278 359
278 397
278 398
278 399
278 437
278 438
278 439
278 477
278 478
278 479
279 280
279 318
279 319
279 320
279 358
279 359
279 360
279 398
279 399
279 400
279 438
279 439
279 440
279 478
279 479
279 480
280 281
280 319
280 320
280 321
280 359
280 360
280 361
280 399
280 400
280 401
280 439
280 440
280 441
280 479
280 480
280 481
281 282
281 320
281 321
281 322
281 360
281 361
281 362
281 400
281 401
281 402
281 440
281 441
281 442
281 480
281 481
281 482
282 283
282 321
282 322
282 323
282 361
282 362
282 363
282 401
282 402
282 403
282 441
282 442
282 443
282 481
282 482
282 483
283 284
283 322
283 323
283 324
283 362
283 363
283 364
283 402
283 403
283 404
283 442
283 443
283 444
283 482
283 483
283 484
284 285
284 323
284 324
284 325
284 363
284 364
284 365
284 403
284 404
284 405
284 443
284 444
284 445
284 483
284 484
284 485
285 286
285 324
285 325
285 326
285 364
285 365
285 366
285 404
285 405
285 406
285 444
285 445
285 446
285 484
285 485
285 486
286 287
286 325
286 326
286 327
286 365
286 366
286 367
286 405
286 406
286 407
286 445
286 446
286 447
286 485
286 486
286 487
287 288
287 326
287 327
287 328
287 366
287 367
287 368
287 406
287 407
287 408
287 446
287 447
287 448
287 486
287 487
287 488
288 289
288 327
288 328
288 329
288 367
288 368
288 369
288 407
288 408
288 409
288 447
288 448
288 449
288 487
288 488
288 489
289 290
289 328
289 329
289 330
289 368
289 369
289 370
289 408
289 409
289 410
289 448
289 449
289 450
289 488
289 489
289 490
290 291
290 329
290 330
290 331
290 369
290 370
290 371
290 409
290 410
290 411
290 449
290 450
290 451
290 489
290 490
290 491
291 292
291 330
291 331
291 332
291 370
291 371
291 372
291 410
291 411
291 412
291 450
291 451
291 452
291 490
291 491
291 492
292 293
292 331
292 332
292 333
292 371
292 372
292 373
292 411
292 412
292 413
292 451
292 452
292 453
292 491
292 492
292 493
293 294
293 332
293 333
293 334
293 372
293 373
293 374
293 412
293 413
293 414
293 452
293 453
293 454
293 492
293 493
293 494
294 295
294 333
294 334
294 335
294 373
294 374
294 375
294 413
294 414
294 415
294 453
294 454
294 455
294 493
294 494
294 495
295 296
295 334
295 335
295 336
295 374
295 375
295 376
295 414
295 415
295 416
295 454
295 455
295 456
295 494
295 495
295 496
296 297
296 335
296 336
296 337
296 375
296 376
296 377
296 415
296 416
296 417
296 455
296 456
296 457
296 495
296 496
296 497
297 298
297 336
297 337
297 338
297 376
297 377
297 378
297 416
297 417
297 418
297 456
297 457
297 458
297 496
297 497
297 498
298 299
298 337
298 338
298 339
298 377
298 378
298 379
298 417
298 418
298 419
298 457
298 458
298 459
298 497
298 498
298 499
299 300
299 338
299 339
299 340
299 378
299 379
299 380
299 418
299 419
299 420
299 458
299 459
299 460
299 498
299 499
300 301
300 339
300 340
300 341
300 379
300 380
300 381
300 419
300 420
300 421
300 459
300 460
300 461
300 499
301 302
301 340
301 341
301 342
301 380
301 381
301 382
301 420
301 421
301 422
301 460
301 461
301 462
302 303
302 341
302 342
302 343
302 381
302 382
302 383
302 421
302 422
302 423
302 461
302 462
302 463
303 304
303 342
303 343
303 344
303 382
303 383
303 384
303 422
303 423
303 424
303 462
303 463
303 464
304 305
304 343
304 344
304 345
304 383
304 384
304 385
304 423
304 424
304 425
304 463
304 464
304 465
305 306
305 344
305 345
305 346
305 384
305 385
305 386
305 424
305 425
305 426
305 464
305 465
305 466
306 307
306 345
306 346
306 347
306 385
306 386
306 387
306 425
306 426
306 427
306 465
306 466
306 467
307 308
307 346
307 347
307 348
307 386
307 387
307 388
307 426
307 427
307 428
307 466
307 467
307 468
308 309
308 347
308 348
308 349
308 387
308 388
308 389
308 427
308 428
308 429
308 467
308 468
308 469
309 310
309 348
309 349
309 350
309 388
309 389
309 390
309 428
309 429
309 430
309 468
309 469
309 470
310 311
310 349
310 350
310 351
310 389
310 390
310 391
310 429
310 430
310 431
310 469
310 470
310 471
311 312
311 350
311 351
311 352
311 390
311 391
311 392
311 430
311 431
311 432
311 470
311 471
311 472
312 313
312 351
312 352
312 353
312 391
312 392
312 393
312 431
312 432
312 433
312 471
312 472
312 473
313 314
313 352
313 353
313 354
313 392
313 393
313 394
313 432
313 433
313 434
313 472
313 473
313 474
314 315
314 353
314 354
314 355
314 393
314 394
314 395
314 433
314 434
314 435
314 473
314 474
314 475
315 316
315 354
315 355
315 356
315 394
315 395
315 396
315 434
315 435
315 436
315 474
315 475
315 476
316 317
316 355
316 356
316 357
316 395
316 396
316 397
316 435
316 436
316 437
316 475
316 476
316 477
317 318
317 356
317 357
317 358
317 396
317 397
317 398
317 436
317 437
317 438
317 476
317 477
317 478
318 319
318 357
318 358
318 359
318 397
318 398
318 399
318 437
318 438
318 439
318 477
318 478
318 479
319 320
319 358
319 359
319 360
319 398
319 399
319 400
319 438
319 439
319 440
319 478
319 479
319 480
320 321
320 359
320 360
320 361
320 399
320 400
320 401
320 439
320 440
320 441
320 479
320 480
320 481
321 322
321 360
321 361
321 362
321 400
321 401
321 402
321 440
321 441
321 442
321 480
321 481
321 482
322 323
322 361
322 362
322 363
322 401
322 402
322 403
322 441
322 442
322 443
322 481
322 482
322 483
323 324
323 362
323 363
323 364
323 402
323 403
323 404
323 442
323 443
323 444
323 482
323 483
323 484
324 325
324 363
324 364
324 365
324 403
324 404
324 405
324 443
324 444
324 445
324 483
324 484
324 485
325 326
325 364
325 365
325 366
325 404
325 405
325 406
325 444
325 445
325 446
325 484
325 485
325 486
326 327
326 365
326 366
326 367
326 405
326 406
326 407
326 445
326 446
326 447
326 485
326 486
326 487
327 328
327 366
327 367
327 368
327 406
327 407
327 408
327 446
327 447
327 448
327 486
327 487
327 488
328 329
328 367
328 368
328 369
328 407
328 408
328 409
328 447
328 448
328 449
328 487
328 488
328 489
329 330
329 368
329 369
329 370
329 408
329 409
329 410
329 448
329 449
329 450
329 488
329 489
329 490
330 331
330 369
330 370
330 371
330 409
330 410
330 411
330 449
330 450
330 451
330 489
330 490
330 491
331 332
331 370
331 371
331 372
331 410
331 411
331 412
331 450
331 451
331 452
331 490
331 491
331 492
332 333
332 371
332 372
332 373
332 411
332 412
332 413
332 451
332 452
332 453
332 491
332 492
332 493
333 334
333 372
333 373
333 374
333 412
333 413
333 414
333 452
333 453
333 454
333 492
333 493
333 494
334 335
334 373
334 374
334 375
334 413
334 414
334 415
334 453
334 454
334 455
334 493
334 494
334 495
335 336
335 374
335 375
335 376
335 414
335 415
335 416
335 454
335 455
335 456
335 494
335 495
335 496
336 337
336 375
336 376
336 377
336 415
336 416
336 417
336 455
336 456
336 457
336 495
336 496
336 497
337 338
337 376
337 377
337 378
337 416
337 417
337 418
337 456
337 457
337 458
337 496
337 497
337 498
338 339
338 377
338 378
338 379
338 417
338 418
338 419
338 457
338 458
338 459
338 497
338 498
338 499
339 340
339 378
339 379
339 380
339 418
339 419
339 420
339 458
339 459
339 460
339 498
339 499
340 341
340 379
340 380
340 381
340 419
340 420
340 421
340 459
340 460
340 461
340 499
341 342
341 380
341 381
341 382
341 420
341 421
341 422
341 460
341 461
341 462
342 343
342 381
342 382
342 383
342 421
342 422
342 423
342 461
342 462
342 463
343 344
343 382
343 383
343 384
343 422
343 423
343 424
343 462
343 463
343 464
344 345
344 383
344 384
344 385
344 423
344 424
344 425
344 463
344 464
344 465
345 346
345 384
345 385
345 386
345 424
345 425
345 426
345 464
345 465
345 466
346 347
346 385
346 386
346 387
346 425
346 426
346 427
346 465
346 466
346 467
347 348
347 386
347 387
347 388
347 426
347 427
347 428
347 466
347 467
347 468
348 349
348 387
348 388
348 389
348 427
348 428
348 429
348 467
348 468
348 469
349 350
349 388
349 389
349 390
349 428
349 429
349 430
349 468
349 469
349 470
350 351
350 389
350 390
350 391
350 429
350 430
350 431
350 469
350 470
350 471
351 352
351 390
351 391
351 392
351 430
351 431
351 432
351 470
351 471
351 472
352 353
352 391
352 392
352 393
352 431
352 432
352 433
352 471
352 472
352 473
353 354
353 392
353 393
353 394
353 432
353 433
353 434
353 472
353 473
353 474
354 355
354 393
354 394
354 395
354 433
354 434
354 435
354 473
354 474
354 475
355 356
355 394
355 395
355 396
355 434
355 435
355 436
355 474
355 475
355 476
356 357
356 395
356 396
356 397
356 435
356 436
356 437
356 475
356 476
356 477
357 358
357 396
357 397
357 398
357 436
357 437
357 438
357 476
357 477
357 478
358 359
358 397
358 398
358 399
358 437
358 438
358 439
358 477
358 478
358 479
359 360
359 398
359 399
359 400
359 438
359 439
359 440
359 478
359 479
359 480
360 361
360 399
360 400
360 401
360 439
360 440
360 441
360 479
360 480
360 481
361 362
361 400
361 401
361 402
361 440
361 441
361 442
361 480
361 481
361 482
362 363
362 401
362 402
362 403
362 441
362 442
362 443
362 481
362 482
362 483
363 364
363 402
363 403
363 404
363 442
363 443
363 444
363 482
363 483
363 484
364 365
364 403
364 404
364 405
364 443
364 444
364 445
364 483
364 484
364 485
365 366
365 404
365 405
365 406
365 444
365 445
365 446
365 484
365 485
365 486
366 367
366 405
366 406
366 407
366 445
366 446
366 447
366 485
366 486
366 487
367 368
367 406
367 407
367 408
367 446
367 447
367 448
367 486
367 487
367 488
368 369
368 407
368 408
368 409
368 447
368 448
368 449
368 487
368 488
368 489
369 370
369 408
369 409
369 410
369 448
369 449
369 450
369 488
369 489
369 490
370 371
370 409
370 410
370 411
370 449
370 450
370 451
370 489
370 490
370 491
371 372
371 410
371 411
371 412
371 450
371 451
371 452
371 490
371 491
371 492
372 373
372 411
372 412
372 413
372 451
372 452
372 453
372 491
372 492
372 493
373 374
373 412
373 413
373 414
373 452
373 453
373 454
373 492
373 493
373 494
374 375
374 413
374 414
374 415
374 453
374 454
374 455
374 493
374 494
374 495
375 376
375 414
375 415
375 416
375 454
375 455
375 456
375 494
375 495
375 496
376 377
376 415
376 416
376 417
376 455
376 456
376 457
376 495
376 496
376 497
377 378
377 416
377 417
377 418
377 456
377 457
377 458
377 496
377 497
377 498
378 379
378 417
378 418
378 419
378 457
378 458
378 459
378 497
378 498
378 499
379 380
379 418
379 419
379 420
379 458
379 459
379 460
379 498
379 499
380 381
380 419
380 420
380 421
380 459
380 460
380 461
380 499
381 382
381 420
381 421
381 422
381 460
381 461
381 462
382 383
382 421
382 422
382 423
382 461
382 462
382 463
383 384
383 422
383 423
383 424
383 462
383 463
383 464
384 385
384 423
384 424
384 425
384 463
384 464
384 465
385 386
385 424
385 425
385 426
385 464
385 465
385 466
386 387
386 425
386 426
386 427
386 465
386 466
386 467
387 388
387 426
387 427
387 428
387 466
387 467
387 468
388 389
388 427
388 428
388 429
388 467
388 468
388 469
389 390
389 428
389 429
389 430
389 468
389 469
389 470
390 391
390 429
390 430
390 431
390 469
390 470
390 471
391 392
391 430
391 431
391 432
391 470
391 471
391 472
392 393
392 431
392 432
392 433
392 471
392 472
392 473
393 394
393 432
393 433
393 434
393 472
393 473
393 474
394 395
394 433
394 434
394 435
394 473
394 474
394 475
395 396
395 434
395 435
395 436
395 474
395 475
395 476
396 397
396 435
396 436
396 437
396 475
396 476
396 477
397 398
397 436
397 437
397 438
397 476
397 477
397 478
398 399
398 437
398 438
398 439
398 477
398 478
398 479
399 400
399 438
399 439
399 440
399 478
399 479
399 480
400 401
400 439
400 440
400 441
400 479
400 480
400 481
401 402
401 440
401 441
401 442
401 480
401 481
401 482
402 403
402 441
402 442
402 443
402 481
402 482
402 483
403 404
403 442
403 443
403 444
403 482
403 483
403 484
404 405
404 443
404 444
404 445
404 483
404 484
404 485
405 406
405 444
405 445
405 446
405 484
405 485
405 486
406 407
406 445
406 446
406 447
406 485
406 486
406 487
407 408
407 446
407 447
407 448
407 486
407 487
407 488
408 409
408 447
408 448
408 449
408 487
408 488
408 489
409 410
409 448
409 449
409 450
409 488
409 489
409 490
410 411
410 449
410 450
410 451
410 489
410 490
410 491
411 412
411 450
411 451
411 452
411 490
411 491
411 492
412 413
412 451
412 452
412 453
412 491
412 492
412 493
413 414
413 452
413 453
413 454
413 492
413 493
413 494
414 415
414 453
414 454
414 455
414 493
414 494
414 495
415 416
415 454
415 455
415 456
415 494
415 495
415 496
416 417
416 455
416 456
416 457
416 495
416 496
416 497
417 418
417 456
417 457
417 458
417 496
417 497
417 498
418 419
418 457
418 458
418 459
418 497
418 498
418 499
419 420
419 458
419 459
419 460
419 498
419 499
420 421
420 459
420 460
420 461
420 499
421 422
421 460
421 461
421 462
422 423
422 461
422 462
422 463
423 424
423 462
423 463
423 464
424 425
424 463
424 464
424 465
425 426
425 464
425 465
425 466
426 427
426 465
426 466
426 467
427 428
427 466
427 467
427 468
428 429
428 467
428 468
428 469
429 430
429 468
429 469
429 470
430 431
430 469
430 470
430 471
431 432
431 470
431 471
431 472
432 433
432 471
432 472
432 473
433 434
433 472
433 473
433 474
434 435
434 473
434 474
434 475
435 436
435 474
435 475
435 476
436 437
436 475
436 476
436 477
437 438
437 476
437 477
437 478
438 439
438 477
438 478
438 479
439 440
439 478
439 479
439 480
440 441
440 479
440 480
440 481
441 442
441 480
441 481
441 482
442 443
442 481
442 482
442 483
443 444
443 482
443 483
443 484
444 445
444 483
444 484
444 485
445 446
445 484
445 485
445 486
446 447
446 485
446 486
446 487
447 448
447 486
447 487
447 488
448 449
448 487
448 488
448 489
449 450
449 488
449 489
449 490
450 451
450 489
450 490
450 491
451 452
451 490
451 491
451 492
452 453
452 491
452 492
452 493
453 454
453 492
453 493
453 494
454 455
454 493
454 494
454 495
455 456
455 494
455 495
455 496
456 457
456 495
456 496
456 497
457 458
457 496
457 497
457 498
458 459
458 497
458 498
458 499
459 460
459 498
459 499
460 461
460 499
461 462
462 463
463 464
464 465
465 466
466 467
467 468
468 469
469 470
470 471
471 472
472 473
473 474
474 475
475 476
476 477
477 478
478 479
479 480
480 481
481 482
482 483
483 484
484 485
485 486
486 487
487 488
488 489
489 490
490 491
491 492
492 493
493 494
494 495
495 496
496 497
497 498
498 499
