0 15
0 23
0 27
0 29
0 30
0 31
0 39
0 43
0 45
0 46
0 47
0 51
0 53
0 54
0 55
0 57
0 58
0 59
0 60
0 61
0 62
0 63
1 14
1 22
1 26
1 28
1 30
1 31
1 38
1 42
1 44
1 46
1 47
1 50
1 52
1 54
1 55
1 56
1 58
1 59
1 60
1 61
1 62
1 63
2 13
2 21
2 25
2 28
2 29
2 31
2 37
2 41
2 44
2 45
2 47
2 49
2 52
2 53
2 55
2 56
2 57
2 59
2 60
2 61
2 62
2 63
3 12
3 20
3 24
3 28
3 29
3 30
3 36
3 40
3 44
3 45
3 46
3 48
3 52
3 53
3 54
3 56
3 57
3 58
3 60
3 61
3 62
3 63
4 11
4 19
4 25
4 26
4 27
4 31
4 35
4 41
4 42
4 43
4 47
4 49
4 50
4 51
4 55
4 56
4 57
4 58
4 59
4 61
4 62
4 63
5 10
5 18
5 24
5 26
5 27
5 30
5 34
5 40
5 42
5 43
5 46
5 48
5 50
5 51
5 54
5 56
5 57
5 58
5 59
5 60
5 62
5 63
6 9
6 17
6 24
6 25
6 27
6 29
6 33
6 40
6 41
6 43
6 45
6 48
6 49
6 51
6 53
6 56
6 57
6 58
6 59
6 60
6 61
6 63
7 8
7 16
7 24
7 25
7 26
7 28
7 32
7 40
7 41
7 42
7 44
7 48
7 49
7 50
7 52
7 56
7 57
7 58
7 59
7 60
7 61
7 62
8 19
8 21
8 22
8 23
8 31
8 35
8 37
8 38
8 39
8 47
8 49
8 50
8 51
8 52
8 53
8 54
8 55
8 59
8 61
8 62
8 63
9 18
9 20
9 22
9 23
9 30
9 34
9 36
9 38
9 39
9 46
9 48
9 50
9 51
9 52
9 53
9 54
9 55
9 58
9 60
9 62
9 63
10 17
10 20
10 21
10 23
10 29
10 33
10 36
10 37
10 39
10 45
10 48
10 49
10 51
10 52
10 53
10 54
10 55
10 57
10 60
10 61
10 63
11 16
11 20
11 21
11 22
11 28
11 32
11 36
11 37
11 38
11 44
11 48
11 49
11 50
11 52
11 53
11 54
11 55
11 56
11 60
11 61
11 62
12 17
12 18
12 19
12 23
12 27
12 33
12 34
12 35
12 39
12 43
12 48
12 49
12 50
12 51
12 53
12 54
12 55
12 57
12 58
12 59
12 63
13 16
13 18
13 19
13 22
13 26
13 32
13 34
13 35
13 38
13 42
13 48
13 49
13 50
13 51
13 52
13 54
13 55
13 56
13 58
13 59
13 62
14 16
14 17
14 19
14 21
14 25
14 32
14 33
14 35
14 37
14 41
14 48
14 49
14 50
14 51
14 52
14 53
14 55
14 56
14 57
14 59
14 61
15 16
15 17
15 18
15 20
15 24
15 32
15 33
15 34
15 36
15 40
15 48
15 49
15 50
15 51
15 52
15 53
15 54
15 56
15 57
15 58
15 60
16 31
16 35
16 37
16 38
16 39
16 41
16 42
16 43
16 44
16 45
16 46
16 47
16 55
16 59
16 61
16 62
16 63
17 30
17 34
17 36
17 38
17 39
17 40
17 42
17 43
17 44
17 45
17 46
17 47
17 54
17 58
17 60
17 62
17 63
18 29
18 33
18 36
18 37
18 39
18 40
18 41
18 43
18 44
18 45
18 46
18 47
18 53
18 57
18 60
18 61
18 63
19 28
19 32
19 36
19 37
19 38
19 40
19 41
19 42
19 44
19 45
19 46
19 47
19 52
19 56
19 60
19 61
19 62
20 27
20 33
20 34
20 35
20 39
20 40
20 41
20 42
20 43
20 45
20 46
20 47
20 51
20 57
20 58
20 59
20 63
21 26
21 32
21 34
21 35
21 38
21 40
21 41
21 42
21 43
21 44
21 46
21 47
21 50
21 56
21 58
21 59
21 62
22 25
22 32
22 33
22 35
22 37
22 40
22 41
22 42
22 43
22 44
22 45
22 47
22 49
22 56
22 57
22 59
22 61
23 24
23 32
23 33
23 34
23 36
23 40
23 41
23 42
23 43
23 44
23 45
23 46
23 48
23 56
23 57
23 58
23 60
24 33
24 34
24 35
24 36
24 37
24 38
24 39
24 43
24 45
24 46
24 47
24 51
24 53
24 54
24 55
24 63
25 32
25 34
25 35
25 36
25 37
25 38
25 39
25 42
25 44
25 46
25 47
25 50
25 52
25 54
25 55
25 62
26 32
26 33
26 35
26 36
26 37
26 38
26 39
26 41
26 44
26 45
26 47
26 49
26 52
26 53
26 55
26 61
27 32
27 33
27 34
27 36
27 37
27 38
27 39
27 40
27 44
27 45
27 46
27 48
27 52
27 53
27 54
27 60
28 32
28 33
28 34
28 35
28 37
28 38
28 39
28 41
28 42
28 43
28 47
28 49
28 50
28 51
28 55
28 59
29 32
29 33
29 34
29 35
29 36
29 38
29 39
29 40
29 42
29 43
29 46
29 48
29 50
29 51
29 54
29 58
30 32
30 33
30 34
30 35
30 36
30 37
30 39
30 40
30 41
30 43
30 45
30 48
30 49
30 51
30 53
30 57
31 32
31 33
31 34
31 35
31 36
31 37
31 38
31 40
31 41
31 42
31 44
31 48
31 49
31 50
31 52
31 56
32 47
32 55
32 59
32 61
32 62
32 63
33 46
33 54
33 58
33 60
33 62
33 63
34 45
34 53
34 57
34 60
34 61
34 63
35 44
35 52
35 56
35 60
35 61
35 62
36 43
36 51
36 57
36 58
36 59
36 63
37 42
37 50
37 56
37 58
37 59
37 62
38 41
38 49
38 56
38 57
38 59
38 61
39 40
39 48
39 56
39 57
39 58
39 60
40 51
40 53
40 54
40 55
40 63
41 50
41 52
41 54
41 55
41 62
42 49
42 52
42 53
42 55
42 61
43 48
43 52
43 53
43 54
43 60
44 49
44 50
44 51
44 55
44 59
45 48
45 50
45 51
45 54
45 58
46 48
46 49
46 51
46 53
46 57
47 48
47 49
47 50
47 52
47 56
48 63
49 62
50 61
51 60
52 59
53 58
54 57
55 56
