0 1087
0 911
0 68
1 412
1 538
1 640
2 2255
2 746
2 2114
3 826
3 2347
3 1344
4 1643
4 1547
4 1395
5 2045
5 206
5 452
6 42
6 1633
6 2350
7 1291
7 74
7 705
8 1602
8 2253
8 666
9 1095
9 2036
9 814
10 628
10 1989
10 1473
11 931
11 2136
11 572
12 1510
12 1994
12 2336
13 91
13 754
13 1598
14 214
14 2058
14 388
15 1683
15 953
15 2388
16 577
16 2633
16 246
17 2477
17 39
17 324
18 385
18 1558
18 126
19 2228
19 2408
19 1825
20 2024
20 1208
20 1003
21 1574
21 69
21 305
22 1672
22 2390
22 1779
23 1181
23 167
23 2493
24 2622
24 1254
24 1959
25 2345
25 241
25 1135
26 1105
26 1788
26 2167
27 826
27 1891
27 2399
28 2120
28 2677
28 1191
29 689
29 701
29 2091
30 1901
30 2352
30 332
31 2268
31 1622
31 1213
32 2229
32 2011
32 306
33 424
33 423
33 707
34 2331
34 1288
34 659
35 436
35 805
35 576
36 55
36 2348
36 663
37 1444
37 952
37 767
38 1961
38 749
38 1851
39 1837
39 763
40 2493
40 1463
40 118
41 2289
41 1622
41 1546
42 87
42 1930
43 117
43 2288
43 603
44 344
44 2688
44 65
45 611
45 193
45 2400
46 2227
46 112
46 528
47 2124
47 1109
47 1586
48 2054
48 2027
48 626
49 2247
49 1932
49 1755
50 2597
50 1784
50 1829
51 2351
51 2627
51 363
52 2288
52 2302
52 2694
53 527
53 857
53 1866
54 1398
54 2026
54 1047
55 2685
55 2440
56 1173
56 2023
56 2300
57 132
57 2339
57 129
58 298
58 585
58 2531
59 820
59 1296
59 440
60 2312
60 1641
60 1734
61 2454
61 1704
61 421
62 562
62 301
62 1801
63 2220
63 678
63 1132
64 1561
64 1609
64 882
65 2218
65 831
66 722
66 726
66 1583
67 394
67 519
67 1744
68 1233
68 705
69 1335
69 105
70 551
70 983
70 2606
71 1353
71 1961
71 1904
72 2057
72 2446
72 2524
73 1819
73 1426
73 2664
74 1123
74 1909
75 884
75 711
75 1420
76 710
76 1658
76 1498
77 2037
77 692
77 1469
78 2208
78 837
78 394
79 1610
79 2250
79 326
80 1879
80 1777
80 769
81 808
81 1321
81 101
82 103
82 773
82 621
83 235
83 1824
83 113
84 380
84 406
84 1092
85 2452
85 1380
85 807
86 1969
86 911
86 1649
87 919
87 1175
88 2313
88 2032
88 2210
89 1106
89 1329
89 1223
90 1195
90 1683
90 658
91 1011
91 1944
92 993
92 2265
92 945
93 1442
93 496
93 2632
94 1955
94 960
94 1957
95 2361
95 2374
95 2082
96 1014
96 202
96 2290
97 853
97 1065
97 1093
98 1203
98 2044
98 2206
99 650
99 1920
99 1447
100 1241
100 2136
100 586
101 325
101 559
102 2167
102 1405
102 335
103 1825
103 1454
104 210
104 939
104 1788
105 141
105 995
106 201
106 531
106 1036
107 1204
107 544
107 2143
108 1874
108 1477
108 2644
109 1940
109 810
109 393
110 1887
110 404
110 1211
111 1669
111 613
111 572
112 2460
112 125
113 2134
113 1929
114 2077
114 1814
114 1594
115 1153
115 1455
115 2667
116 605
116 1060
116 2242
117 1475
117 395
118 2243
118 1253
119 1782
119 1330
119 2532
120 2347
120 1796
120 1205
121 2477
121 2115
121 1754
122 1805
122 1412
122 2370
123 1732
123 2571
123 2111
124 473
124 2236
124 1831
125 435
125 1586
126 372
126 1355
127 1293
127 1408
127 1754
128 809
128 1442
128 1224
129 2636
129 1016
130 2564
130 923
130 894
131 510
131 1606
131 2171
132 602
132 2568
133 1437
133 1705
133 1434
134 2031
134 1416
134 2068
135 2100
135 1253
135 2563
136 1235
136 1908
136 2131
137 1148
137 499
137 391
138 1563
138 1641
138 1599
139 1069
139 1888
139 373
140 2080
140 614
140 777
141 2623
141 919
142 2150
142 1148
142 2617
143 159
143 2033
143 302
144 909
144 1439
144 1543
145 1987
145 1430
145 2338
146 192
146 2295
146 1568
147 1062
147 2237
147 420
148 1918
148 1065
148 748
149 2354
149 2468
149 1016
150 1151
150 933
150 802
151 2003
151 1376
151 2483
152 341
152 819
152 315
153 2348
153 1618
153 1451
154 2510
154 1900
154 2518
155 2626
155 512
155 844
156 2526
156 2101
156 1956
157 2081
157 1842
157 2397
158 491
158 2576
158 1387
159 1633
159 2431
160 2652
160 2004
160 1931
161 972
161 358
161 1992
162 2146
162 1564
162 2655
163 1626
163 405
163 2019
164 2075
164 767
164 2323
165 2017
165 2373
165 1911
166 711
166 2696
166 727
167 177
167 729
168 1827
168 2480
168 841
169 2423
169 2042
169 1935
170 264
170 2283
170 434
171 1627
171 2192
171 1975
172 211
172 1381
172 1433
173 829
173 785
173 1562
174 1897
174 829
174 554
175 2183
175 1799
175 434
176 1664
176 1237
176 304
177 967
177 701
178 1196
178 969
178 474
179 700
179 728
179 1745
180 1860
180 469
180 389
181 596
181 876
181 1345
182 2345
182 1520
182 223
183 282
183 526
183 2627
184 2501
184 2049
184 1955
185 1694
185 638
185 1974
186 1220
186 948
186 1225
187 1039
187 590
187 1958
188 2514
188 2121
188 821
189 233
189 2087
189 1799
190 1791
190 2255
190 1883
191 2230
191 1786
191 385
192 975
192 513
193 2019
193 2181
194 1532
194 2311
194 2502
195 1722
195 557
195 1552
196 1322
196 2537
196 1146
197 438
197 1256
197 2005
198 336
198 283
198 1074
199 1983
199 716
199 1713
200 1746
200 2487
200 222
201 2273
201 1825
202 1265
202 958
203 211
203 541
203 457
204 1850
204 1304
204 1525
205 600
205 2014
205 966
206 1124
206 558
207 1420
207 638
207 1844
208 1048
208 573
208 1339
209 1720
209 1467
209 2141
210 2474
210 1565
211 1632
212 1722
212 1702
212 1482
213 753
213 1262
213 2672
214 1848
214 1540
215 2580
215 355
215 2252
216 1145
216 1356
216 574
217 809
217 998
217 1971
218 2189
218 1926
218 1765
219 2056
219 1524
219 1118
220 1729
220 1266
220 2414
221 2666
221 274
221 2333
222 887
222 1891
223 2577
223 2014
224 2349
224 1701
224 1583
225 1007
225 1481
225 1059
226 2128
226 248
226 890
227 2643
227 1396
227 328
228 1578
228 1738
228 850
229 745
229 2155
229 505
230 569
230 2389
230 278
231 455
231 613
231 272
232 978
232 1144
232 2541
233 1297
233 2594
234 2258
234 1924
234 1429
235 1037
235 2172
236 1067
236 1889
236 2387
237 1719
237 2243
237 239
238 317
238 265
238 2053
239 760
239 1490
240 1878
240 1063
240 1990
241 343
241 1707
242 1735
242 491
242 1057
243 1303
243 1875
243 1239
244 1042
244 759
244 1112
245 1699
245 2452
245 636
246 1428
246 1885
247 1912
247 2396
247 524
248 1637
248 550
249 1352
249 604
249 1724
250 553
250 865
250 1152
251 1277
251 566
251 1626
252 1173
252 2244
252 1624
253 2193
253 2591
253 1782
254 2492
254 1855
254 800
255 904
255 2561
255 1548
256 696
256 673
256 2497
257 978
257 2480
257 2495
258 1230
258 1351
258 1485
259 1435
259 658
259 833
260 2409
260 2094
260 1995
261 2280
261 2037
261 608
262 1176
262 630
262 2539
263 1327
263 2544
263 296
264 272
264 2581
265 1847
265 2507
266 366
266 2311
266 1659
267 2634
267 1701
267 1099
268 1107
268 2386
268 1901
269 815
269 1902
269 327
270 1065
270 2175
270 2169
271 1222
271 1478
271 2164
272 1380
273 2668
273 1171
273 965
274 369
274 2482
275 402
275 2694
275 1312
276 1445
276 578
276 1598
277 1818
277 1908
277 2210
278 1612
278 1520
279 855
279 1600
279 1613
280 867
280 1960
280 743
281 1336
281 465
281 755
282 1339
282 2136
283 1045
283 484
284 2221
284 528
284 2518
285 2145
285 2126
285 1422
286 2009
286 1372
286 688
287 961
287 1833
287 1416
288 532
288 1352
288 1053
289 1288
289 684
289 2223
290 1223
290 1467
290 853
291 740
291 843
291 1690
292 300
292 1316
292 743
293 1005
293 1569
293 862
294 1771
294 717
294 2601
295 401
295 1166
295 1280
296 1456
296 2658
297 1570
297 2661
297 2482
298 1918
298 363
299 1138
299 1647
299 2269
300 406
300 2496
301 2204
301 839
302 1630
302 476
303 1550
303 1763
303 2481
304 725
304 818
305 2182
305 2034
306 1513
306 2578
307 523
307 567
307 536
308 1180
308 647
308 793
309 1192
309 1496
309 746
310 1484
310 753
310 849
311 2038
311 1033
311 1487
312 1130
312 1167
312 517
313 1204
313 562
313 2129
314 1330
314 2434
314 572
315 955
315 347
316 881
316 1499
316 795
317 1392
317 623
318 1515
318 1449
318 2540
319 2599
319 1436
319 1659
320 1864
320 424
320 1614
321 1243
321 2063
321 2463
322 401
322 1593
322 835
323 1492
323 2012
323 1043
324 2008
324 1019
325 1128
325 2478
326 1295
326 1115
327 2270
327 2050
328 1022
328 1157
329 2551
329 2457
329 2149
330 589
330 2598
330 1056
331 1385
331 427
331 1934
332 746
332 1485
333 2699
333 423
333 1580
334 419
334 540
334 1832
335 854
335 1389
336 339
336 1414
337 1548
337 1638
337 1085
338 2254
338 2421
338 2688
339 2050
339 1500
340 1186
340 1255
340 1785
341 1468
341 713
342 2230
342 839
342 2144
343 721
343 2379
344 2533
344 1649
345 1216
345 2215
345 1917
346 445
346 2110
346 437
347 1855
347 1362
348 1332
348 2257
348 660
349 1682
349 2444
349 1982
350 1343
350 788
350 636
351 2464
351 2095
351 358
352 2499
352 722
352 2410
353 2225
353 1421
353 2289
354 888
354 912
354 2360
355 1521
355 1405
356 1077
356 773
356 2601
357 1457
357 1781
357 614
358 1707
359 1150
359 1210
359 851
360 2221
360 812
360 516
361 1215
361 680
361 1167
362 1880
362 481
362 587
363 530
364 1132
364 456
364 390
365 1164
365 789
365 1308
366 2279
366 1080
367 797
367 554
367 954
368 1631
368 1721
368 1638
369 1373
369 2124
370 1826
370 1303
370 1363
371 734
371 889
371 2577
372 2532
372 1134
373 560
373 774
374 2349
374 1795
374 1366
375 1533
375 402
375 1420
376 755
376 2265
376 431
377 1019
377 527
377 1850
378 1384
378 871
378 1225
379 1186
379 2267
379 1000
380 2286
380 1440
381 1133
381 1752
381 2380
382 693
382 1214
382 2439
383 2471
383 1999
383 2112
384 711
384 1066
384 741
385 1336
386 1286
386 2173
386 1905
387 493
387 1800
387 778
388 2381
388 2157
389 891
389 815
390 2424
390 1046
391 2052
391 548
392 1027
392 1059
392 885
393 2596
393 2094
394 1438
395 2669
395 2229
396 1349
396 1724
396 1249
397 770
397 2339
397 2321
398 1923
398 573
398 1104
399 1564
399 438
399 2610
400 1715
400 2149
400 972
401 675
402 1116
403 1675
403 1674
403 1283
404 654
404 1873
405 2418
405 2683
406 1174
407 729
407 603
407 574
408 1931
408 1660
408 925
409 1108
409 2177
409 1408
410 2461
410 1914
410 1587
411 1640
411 1165
411 1508
412 931
412 509
413 1119
413 1684
413 1963
414 2020
414 2671
414 2498
415 955
415 2427
415 2561
416 1013
416 1047
416 2591
417 2513
417 1848
417 503
418 857
418 1300
418 2570
419 706
419 1603
420 2213
420 1688
421 1544
421 1189
422 1160
422 1517
422 2068
423 2134
424 2511
425 1742
425 1822
425 1007
426 2599
426 1506
426 2315
427 1512
427 1511
428 2385
428 1495
428 1458
429 1052
429 1285
429 1360
430 2406
430 1184
430 1327
431 2276
431 2462
432 1281
432 975
432 1595
433 1698
433 1281
433 1240
434 1897
435 903
435 1916
436 1068
436 2132
437 2102
437 2278
438 1651
439 2038
439 2074
439 777
440 621
440 1347
441 2148
441 545
441 1143
442 558
442 1072
442 797
443 521
443 482
443 1751
444 947
444 1951
444 1569
445 2024
445 1477
446 875
446 2687
446 1568
447 1947
447 980
447 675
448 1796
448 1900
448 1435
449 2071
449 948
449 1603
450 1619
450 1315
450 951
451 679
451 973
451 2651
452 1762
452 1228
453 1388
453 643
453 634
454 1439
454 1398
454 1773
455 2469
455 1975
456 737
456 1895
457 599
457 2254
458 530
458 2154
458 2467
459 1123
459 1806
459 2558
460 2353
460 2511
460 2272
461 1804
461 1565
461 2304
462 1864
462 2105
462 2118
463 2442
463 1649
463 2108
464 2070
464 2197
464 609
465 2086
465 985
466 872
466 1113
466 1943
467 1518
467 1611
467 2340
468 980
468 1858
468 1560
469 1049
469 2529
470 1221
470 1884
470 998
471 2371
471 1645
471 910
472 2159
472 1127
472 2137
473 2562
473 2566
474 2042
474 1367
475 1101
475 1676
475 1257
476 731
476 877
477 764
477 2640
477 2356
478 877
478 979
478 763
479 1006
479 2421
479 2476
480 1629
480 1379
480 1402
481 1713
481 1479
482 2064
482 2499
483 1459
483 1292
483 2352
484 2139
484 1293
485 1023
485 2612
485 1369
486 2124
486 1026
486 2156
487 741
487 822
487 2365
488 2559
488 1693
488 2026
489 1058
489 2286
489 1183
490 2340
490 908
490 1949
491 1773
492 786
492 2609
492 1080
493 1156
493 2422
494 1560
494 2637
494 2218
495 930
495 546
495 2655
496 2090
496 971
497 1831
497 2282
497 2284
498 1573
498 2007
498 1712
499 1624
499 1096
500 561
500 1385
500 1114
501 1222
501 2180
501 1743
502 2685
502 618
502 807
503 1841
503 1556
504 1609
504 1471
504 1271
505 1633
505 1073
506 1742
506 599
506 822
507 941
507 2643
507 1960
508 2350
508 1888
508 1479
509 620
509 2521
510 1468
510 714
511 1672
511 1708
511 2581
512 1965
512 2318
513 1984
513 2441
514 733
514 1981
514 1116
515 2099
515 2556
515 617
516 1342
516 2413
517 2125
517 1997
518 587
518 1451
518 2223
519 541
519 579
520 2335
520 1275
520 1937
521 1214
521 787
522 2104
522 2573
522 756
523 1302
523 1121
524 1843
524 1998
525 2603
525 1245
525 1557
526 1214
526 1484
527 629
528 1210
529 2010
529 1185
529 928
530 2158
531 2438
531 1582
532 1000
532 849
533 657
533 2395
533 1924
534 1518
534 835
534 2140
535 1325
535 1305
535 1064
536 900
536 2442
537 958
537 2390
537 1113
538 583
538 1862
539 994
539 2685
539 1288
540 2514
540 2085
541 2675
542 1736
542 1979
542 2236
543 1172
543 674
543 2500
544 2259
544 1820
545 2329
545 1223
546 1828
546 669
547 2667
547 2602
547 2671
548 639
548 1798
549 1860
549 1827
549 1597
550 799
550 2569
551 1049
551 1643
552 1368
552 1798
552 1693
553 726
553 2108
554 1225
555 1024
555 2414
555 1828
556 2575
556 803
556 1555
557 918
557 2179
558 1255
559 2488
559 2699
560 1447
560 1703
561 830
561 2492
562 1997
563 2041
563 1912
563 1516
564 2631
564 1913
564 1418
565 651
565 886
565 2366
566 2333
566 909
567 2569
567 1667
568 1997
568 982
568 722
569 1331
569 949
570 1217
570 1794
570 959
571 575
571 1414
571 1319
573 1938
574 1590
575 1779
575 2092
576 816
576 610
577 2035
577 2438
578 1726
578 762
579 2053
579 1870
580 2376
580 914
580 802
581 2462
581 2245
581 1211
582 2239
582 2364
582 2320
583 1795
583 1203
584 2263
584 1165
584 2178
585 649
585 1172
586 832
586 1030
587 2023
588 2249
588 843
588 1428
589 1706
589 2204
590 1866
590 1121
591 2556
591 2546
591 1885
592 842
592 1760
592 2193
593 1648
593 1123
593 981
594 2299
594 1936
594 796
595 1679
595 1956
595 1397
596 1010
596 1433
597 1310
597 1314
597 1040
598 1749
598 724
598 910
599 1422
600 2213
600 1934
601 1368
601 2027
601 1837
602 1603
602 1331
603 1879
604 1323
604 959
605 1279
605 834
606 2442
606 1991
606 1067
607 1777
607 635
607 1220
608 700
608 1728
609 2486
609 951
610 634
610 911
611 1303
611 1251
612 2322
612 633
612 1655
613 2140
614 2604
615 1407
615 2156
615 665
616 1463
616 2052
616 921
617 1871
617 1696
618 963
618 1361
619 623
619 2094
619 2073
620 1995
620 1766
621 2605
622 2571
622 1728
622 1786
623 2673
624 2304
624 1986
624 1628
625 2296
625 2573
625 1153
626 1262
626 824
627 772
627 2393
627 2594
628 1351
628 2538
629 1060
629 1127
630 921
630 2123
631 778
631 2332
631 2272
632 2119
632 1813
632 2220
633 1604
633 1192
634 1153
635 2329
635 1079
636 1547
637 2636
637 687
637 1861
638 1386
639 2211
639 2567
640 2635
640 2320
641 1430
641 814
641 1962
642 1215
642 988
642 2326
643 1710
643 2198
644 889
644 1990
644 2466
645 2279
645 1776
645 2139
646 2488
646 2609
646 1838
647 2355
647 2495
648 1663
648 2039
648 1952
649 835
649 1634
650 1940
650 883
651 1772
651 1351
652 2303
652 2338
652 960
653 2472
653 1020
653 1199
654 1248
654 2530
655 2614
655 1597
655 2575
656 2553
656 814
656 2600
657 2463
657 2656
658 1117
659 2096
659 697
660 1144
660 1688
661 1010
661 1001
661 1454
662 1778
662 703
662 1699
663 1296
663 2668
664 1130
664 2533
664 1591
665 1852
665 2342
666 2551
666 960
667 788
667 2354
667 734
668 1939
668 793
668 1494
669 1438
669 1184
670 1230
670 1254
670 725
671 1048
671 1976
671 2212
672 1162
672 1275
672 1244
673 2042
673 1032
674 1434
674 2183
675 824
676 1335
676 2377
676 1861
677 757
677 860
677 1513
678 2219
678 2541
679 1276
679 1212
680 2015
680 1590
681 1991
681 1209
681 1877
682 2148
682 1038
682 2035
683 2231
683 1246
683 907
684 2074
684 1130
685 2181
685 1823
685 1767
686 1703
686 845
686 1278
687 1531
687 2005
688 2415
688 1537
689 2515
689 2628
690 2224
690 1023
690 761
691 1515
691 877
691 2434
692 898
692 1892
693 1895
693 2449
694 1314
694 832
694 1686
695 2278
695 2194
695 826
696 2235
696 1875
697 2643
697 1844
698 2582
698 2012
698 2290
699 1295
699 707
699 2429
700 2119
701 1994
702 2631
702 1877
702 1263
703 2119
703 1948
704 2040
704 1746
704 1708
705 2553
706 1535
706 713
707 1248
708 974
708 1820
708 783
709 1667
709 792
709 1950
710 1031
710 1613
712 1978
712 787
712 842
713 754
714 1617
714 1746
715 2695
715 1626
715 798
716 2405
716 1306
717 995
717 2696
718 1767
718 1194
718 944
719 2087
719 1061
719 1429
720 2437
720 1383
720 2135
721 2478
721 2399
723 1388
723 739
723 2291
724 1229
724 1269
725 2296
726 1210
727 2398
727 1685
728 733
728 2402
729 1389
730 1817
730 2346
730 904
731 2008
731 976
732 2182
732 1744
732 1976
733 2546
734 2160
735 754
735 1261
735 1503
736 2371
736 2314
736 1796
737 1670
737 1902
738 2650
738 2179
738 791
739 2659
739 1141
740 1863
740 1021
741 1815
742 2133
742 2114
742 1146
743 1789
744 1404
744 1530
744 2401
745 2380
745 1036
747 1636
747 1344
747 2152
748 1029
748 2274
749 2211
749 873
750 1916
750 2082
750 1700
751 1690
751 2509
751 1706
752 1784
752 2114
752 2287
753 1236
755 1365
756 2526
756 2242
757 1596
757 2097
758 818
758 1356
758 1601
759 2581
759 1086
760 2344
760 1177
761 1757
761 2031
762 2276
762 2386
763 1952
764 1189
764 1538
765 1309
765 2547
765 1028
766 946
766 1960
766 2528
767 1294
768 2589
768 1498
768 1588
769 1639
769 1364
770 2447
770 2262
771 827
771 1721
771 1482
772 1107
772 1495
773 2690
774 1971
774 1280
775 1546
775 2058
775 1883
776 812
776 2061
776 1668
777 2441
778 1840
779 1903
779 2612
779 2121
780 1768
780 846
780 2197
781 1003
781 2395
781 1016
782 2245
782 2324
782 1620
783 2134
783 888
784 2368
784 1106
784 2076
785 848
785 1314
786 2669
786 2058
787 1472
788 1700
789 1232
789 1839
790 2226
790 1346
790 1056
791 1493
791 2381
792 2639
792 2178
793 2122
794 1769
794 1357
794 2141
795 1099
795 1349
796 1044
796 1845
797 1023
798 1326
798 1207
799 1750
799 2105
800 2502
800 1878
801 958
801 1974
801 1517
802 863
803 1188
803 1670
804 1714
804 1648
804 899
805 2277
805 2689
806 1170
806 1411
806 1226
807 936
808 2370
808 1189
809 1802
810 2444
810 884
811 1539
811 1399
811 1533
812 1673
813 2056
813 2369
813 2440
815 2444
816 2558
816 1664
817 1607
817 1958
817 2465
818 2636
819 2175
819 1973
820 1528
820 1078
821 1076
821 2081
822 1229
823 1085
823 2583
823 2311
824 2653
825 872
825 1927
825 1887
827 1483
827 1446
828 1299
828 1425
828 1516
829 2120
830 1452
830 2414
831 2354
831 2595
832 2007
833 2051
833 1639
834 2527
834 942
836 1257
836 1093
836 2413
837 1354
837 1540
838 1074
838 1763
838 1730
839 1701
840 2599
840 1632
840 2656
841 1921
841 1988
842 1830
843 2115
844 1241
844 2344
845 878
845 1459
846 2626
846 1492
847 1145
847 1697
847 1238
848 2382
848 2409
849 1329
850 2226
850 1399
851 1409
851 1543
852 1058
852 1121
852 1950
853 2399
854 1194
854 2612
855 1183
855 1696
856 2406
856 1787
856 2619
857 2277
858 2394
858 1519
858 1597
859 1507
859 2293
859 1977
860 2006
860 2251
861 1525
861 1835
861 1713
862 2291
862 1653
863 1859
863 1887
864 1993
864 993
864 1755
865 2393
865 1358
866 1874
866 1568
866 1890
867 1357
867 2287
868 1265
868 2632
868 913
869 2233
869 947
869 2051
870 1578
870 2362
870 1793
871 1865
871 1458
872 1913
873 2618
873 2523
874 1231
874 1849
874 1102
875 942
875 2644
876 1627
876 1480
878 2170
878 2623
879 1846
879 1099
879 1966
880 1451
880 1760
880 1922
881 1838
881 2113
882 2312
882 1073
883 2153
883 1734
884 1941
885 1075
885 2224
886 2679
886 1371
887 2172
887 2243
888 1978
889 994
890 2088
890 1939
891 2273
891 1323
892 1727
892 1444
892 2670
893 1285
893 2111
893 1269
894 1497
894 915
895 1988
895 1830
895 2184
896 1959
896 1876
896 2317
897 1178
897 1018
897 1370
898 2678
898 2449
899 989
899 1604
900 1847
900 2540
901 1760
901 1136
901 1704
902 2516
902 2187
902 1967
903 1177
903 1759
904 1457
905 1710
905 1646
905 982
906 1004
906 1236
906 977
907 940
907 1792
908 1680
908 1925
909 1586
910 1467
912 2360
912 1886
913 1673
913 1158
914 1974
914 997
915 1437
915 1756
916 2583
916 1834
916 1441
917 1642
917 1347
917 1836
918 2625
918 2060
919 2364
920 2590
920 1381
920 1073
921 2437
922 1161
922 974
922 1294
923 1691
923 1131
924 1360
924 1377
924 2369
925 2519
925 1637
926 2483
926 1143
926 1538
927 2265
927 1627
927 1444
928 2184
928 1712
929 2116
929 1456
929 2504
930 1302
930 2086
931 1125
932 1496
932 1289
932 2592
933 2270
933 2146
934 1534
934 2606
934 1350
935 1415
935 1562
935 1915
936 1056
936 1048
937 1160
937 2594
937 1978
938 2449
938 1669
938 1088
939 1985
939 2282
940 2696
940 1535
941 2557
941 2305
942 2194
943 2552
943 1999
943 1042
944 2554
944 985
945 1858
945 2331
946 1628
946 2405
947 1784
948 2307
949 2176
949 2145
950 1397
950 2043
950 1152
951 1671
952 2103
952 1267
953 2648
953 1063
954 2676
954 1081
955 1126
956 2190
956 1475
956 2171
957 2262
957 1384
957 1576
959 1705
961 1453
961 2151
962 2578
962 1873
962 1051
963 1125
963 2030
964 2657
964 1875
964 993
965 2130
965 1757
966 1852
966 1728
967 1122
967 1755
968 2234
968 1739
968 1179
969 2184
969 1190
970 2603
970 2249
970 1824
971 2503
971 2029
972 1300
973 1380
973 2383
974 2486
975 1290
976 1574
976 2658
977 1527
977 2147
978 2503
979 1554
979 2206
980 1911
981 1382
981 2131
982 2039
983 1679
983 1625
984 1676
984 2173
984 2252
985 1259
986 1542
986 1685
986 1442
987 1536
987 1187
987 1496
988 1559
988 1254
989 1772
989 1621
990 1365
990 1642
990 2450
991 2561
991 1264
991 1587
992 1111
992 1524
992 2548
994 1248
995 1904
996 1240
996 2047
996 1431
997 2128
997 1263
998 2325
999 1430
999 1797
999 2402
1000 1692
1001 2487
1001 1440
1002 1411
1002 1170
1002 2436
1003 2276
1004 1410
1004 1089
1005 2448
1005 1142
1006 1109
1006 1691
1007 1776
1008 2335
1008 1962
1008 2209
1009 1198
1009 1906
1009 1468
1010 2488
1011 2192
1011 2439
1012 1152
1012 2322
1012 1448
1013 2214
1013 2175
1014 2512
1014 2117
1015 2598
1015 2083
1015 1218
1017 2400
1017 2274
1017 1076
1018 2330
1018 1174
1019 2121
1020 2649
1020 2363
1021 1346
1021 1339
1022 2638
1022 1969
1024 1845
1024 1347
1025 2566
1025 2569
1025 1789
1026 2043
1026 1774
1027 1914
1027 1233
1028 1572
1028 2494
1029 1400
1029 2116
1030 2383
1030 1107
1031 2610
1031 2161
1032 1688
1032 1502
1033 1312
1033 1546
1034 2595
1034 2367
1034 1984
1035 1594
1035 1168
1035 1475
1036 1738
1037 1989
1037 2269
1038 1605
1038 1650
1039 2321
1039 2403
1040 1338
1040 1231
1041 2448
1041 1481
1041 1463
1042 1523
1043 2056
1043 2336
1044 2559
1044 2309
1045 2373
1045 1512
1046 1087
1046 2316
1047 1117
1049 2466
1050 2579
1050 1819
1050 2152
1051 1613
1051 1089
1052 1885
1052 1665
1053 1207
1053 2342
1054 1935
1054 1695
1054 1180
1055 1588
1055 2216
1055 2649
1057 1725
1057 1715
1058 2592
1059 1954
1060 1067
1061 1411
1061 2197
1062 2322
1062 1927
1063 1748
1064 1807
1064 1698
1066 1762
1066 2458
1068 1687
1068 2258
1069 2545
1069 1491
1070 1202
1070 2429
1070 1147
1071 2358
1071 1389
1071 2674
1072 1271
1072 1557
1074 2420
1075 1320
1075 2639
1076 1722
1077 2533
1077 1522
1078 1287
1078 2314
1079 1334
1079 1524
1080 2568
1081 2567
1081 2553
1082 2633
1082 1732
1082 2411
1083 2049
1083 1337
1083 2697
1084 1592
1084 2412
1084 2071
1085 1983
1086 1409
1086 1882
1087 2067
1088 2537
1088 2460
1089 1698
1090 1781
1090 2608
1090 2138
1091 1238
1091 1139
1091 1623
1092 2200
1092 1274
1093 2142
1094 1954
1094 1393
1094 1702
1095 2001
1095 2587
1096 1654
1096 1159
1097 1268
1097 1446
1097 2473
1098 1227
1098 2112
1098 1817
1100 2022
1100 1491
1100 1427
1101 2296
1101 2531
1102 2107
1102 2057
1103 2021
1103 1785
1103 1390
1104 1841
1104 2537
1105 2470
1105 2115
1106 1306
1108 2669
1108 1237
1109 2536
1110 2368
1110 1228
1110 2529
1111 1631
1111 1657
1112 1863
1112 2328
1113 2431
1114 1379
1114 1274
1115 1933
1115 2361
1116 2662
1117 1441
1118 1864
1118 2285
1119 2170
1119 1237
1120 1681
1120 1682
1120 2676
1122 2586
1122 2459
1124 2188
1124 2524
1125 1739
1126 1171
1126 2232
1127 2368
1128 1319
1128 1663
1129 1628
1129 2346
1129 1449
1131 1407
1131 1169
1132 1689
1133 1951
1133 1401
1134 2693
1134 1650
1135 2659
1135 2155
1136 1150
1136 2475
1137 2319
1137 2622
1137 2334
1138 2428
1138 1759
1139 2425
1139 2295
1140 1572
1140 2555
1140 1809
1141 2257
1141 2572
1142 1901
1142 2634
1143 2010
1144 1423
1145 1907
1146 2063
1147 2102
1147 1148
1149 2654
1149 2506
1149 2254
1150 1729
1151 2034
1151 1178
1154 2647
1154 1945
1154 2003
1155 2353
1155 1361
1155 1258
1156 1888
1156 1782
1157 2522
1157 1761
1158 2645
1158 2644
1159 1514
1159 2309
1160 2161
1161 1881
1161 2358
1162 1842
1162 1494
1163 2663
1163 1839
1163 1415
1164 1486
1164 1731
1165 2325
1166 1694
1166 1540
1167 1802
1168 2697
1168 1275
1169 1735
1169 2389
1170 1657
1171 1970
1172 1652
1173 2426
1174 1665
1175 1576
1175 1964
1176 1464
1176 2193
1177 1292
1178 1872
1179 1629
1179 1683
1180 2343
1181 1400
1181 2489
1182 1332
1182 2497
1182 1198
1183 1402
1184 2183
1185 1390
1185 1283
1186 2650
1187 1718
1187 1916
1188 1855
1188 1804
1190 1790
1190 2522
1191 1328
1191 2625
1192 2397
1193 2060
1193 1355
1193 1304
1194 2639
1195 1419
1195 2390
1196 1541
1196 1658
1197 2520
1197 2472
1197 2065
1198 2122
1199 1998
1199 2621
1200 1975
1200 1654
1200 1925
1201 2548
1201 1744
1201 2476
1202 2413
1202 1898
1203 2392
1204 1222
1205 1461
1205 1761
1206 2142
1206 2427
1206 2240
1207 2630
1208 1517
1208 2006
1209 1297
1209 2335
1211 2283
1212 2359
1212 2165
1213 2684
1213 2588
1215 1549
1216 1823
1216 2319
1217 1609
1217 1599
1218 2419
1218 1902
1219 2279
1219 2544
1219 2138
1220 2154
1221 1510
1221 2301
1224 2307
1224 1403
1226 2008
1226 1833
1227 1951
1227 2000
1228 2018
1229 1607
1230 1643
1231 2451
1232 2570
1232 1691
1233 2419
1234 2162
1234 2607
1234 2093
1235 1575
1235 2059
1236 2646
1238 2002
1239 1375
1239 2634
1240 1658
1241 1639
1242 2133
1242 2046
1242 1398
1243 2206
1243 2387
1244 1805
1244 2600
1245 1509
1245 2261
1246 1561
1246 2417
1247 1617
1247 2477
1247 2681
1249 2010
1249 1933
1250 1800
1250 1970
1250 1696
1251 2261
1251 2396
1252 2576
1252 2234
1252 1333
1253 1545
1255 2666
1256 2299
1256 2664
1257 1312
1258 1616
1258 1740
1259 2618
1259 2683
1260 1880
1260 1278
1260 2443
1261 2130
1261 2242
1262 1871
1263 2692
1264 2680
1264 1675
1265 1773
1266 1575
1266 2028
1267 2574
1267 2687
1268 2145
1268 1640
1269 1598
1270 2155
1270 2405
1270 2084
1271 1731
1272 2545
1272 1906
1272 2404
1273 1758
1273 2541
1273 1563
1274 2015
1276 2125
1276 2662
1277 2455
1277 2542
1278 1493
1279 2022
1279 1969
1280 2573
1281 1315
1282 2159
1282 2217
1282 1772
1283 1659
1284 1343
1284 1966
1284 1511
1285 1747
1286 2106
1286 1595
1287 1963
1287 1615
1289 1614
1289 2078
1290 1465
1290 2627
1291 1367
1291 1460
1292 1600
1293 2142
1294 1918
1295 1363
1296 2453
1297 2292
1298 2550
1298 2597
1298 1991
1299 1652
1299 2069
1300 2035
1301 1324
1301 1653
1301 1483
1302 2465
1304 2609
1305 1505
1305 2543
1306 2452
1307 2135
1307 2095
1307 2549
1308 1548
1308 2055
1309 2267
1309 2077
1310 2103
1310 2672
1311 2316
1311 1476
1311 2682
1313 2514
1313 2074
1313 2320
1315 2351
1316 1909
1316 2690
1317 2096
1317 1500
1317 2495
1318 2285
1318 1859
1318 2223
1319 1674
1320 2694
1320 1560
1321 2260
1321 1808
1322 1464
1322 2009
1323 1946
1324 1724
1324 2451
1325 1449
1325 2126
1326 1763
1326 2429
1327 1365
1328 1575
1328 1829
1329 1543
1330 1334
1331 2201
1332 2620
1333 2505
1333 2013
1334 1436
1335 2397
1336 2589
1337 1718
1337 2424
1338 2162
1338 1421
1340 2498
1340 2005
1340 1528
1341 2648
1341 2064
1341 2571
1342 2092
1342 2217
1343 2144
1344 2164
1345 1822
1345 1924
1346 1945
1348 1972
1348 2575
1348 2509
1349 1465
1350 1425
1350 1726
1352 1712
1353 1932
1353 1980
1354 1514
1354 1454
1355 2165
1356 2066
1357 1852
1358 2091
1358 1753
1359 2178
1359 1551
1359 2062
1360 2508
1361 2565
1362 1982
1362 1412
1363 1737
1364 2433
1364 1716
1366 2324
1366 2048
1367 1487
1368 2373
1369 2100
1369 1511
1370 1623
1370 1862
1371 1612
1371 2065
1372 2191
1372 1490
1373 2100
1373 1400
1374 1706
1374 2026
1374 1656
1375 2579
1375 2248
1376 1414
1376 2330
1377 2680
1377 2549
1378 2126
1378 2103
1378 1742
1379 2076
1381 1589
1382 2271
1382 1892
1383 2071
1383 2198
1384 1590
1385 1393
1386 1715
1386 1556
1387 1890
1387 1423
1388 2348
1390 1920
1391 1938
1391 1862
1391 1579
1392 1445
1392 1814
1393 2384
1394 2018
1394 2546
1394 1574
1395 1955
1395 1559
1396 1443
1396 2362
1397 1680
1399 2195
1401 1983
1401 1666
1402 1937
1403 2616
1403 2378
1404 1899
1404 2317
1405 2563
1406 2202
1406 1504
1406 2376
1407 2295
1408 2490
1409 1507
1410 2214
1410 2695
1412 2430
1413 1554
1413 2428
1413 1937
1415 2451
1416 1730
1417 2589
1417 1895
1417 2098
1418 1816
1418 1942
1419 2529
1419 2402
1421 2170
1422 1501
1423 1513
1424 2257
1424 2679
1424 2096
1425 2394
1426 2284
1426 1867
1427 2147
1427 1811
1428 2491
1429 2075
1431 2490
1431 2422
1432 2337
1432 1551
1432 2547
1433 1972
1434 1536
1435 2228
1436 2330
1437 1947
1438 2079
1439 2108
1440 2317
1441 2238
1443 2157
1443 2202
1445 2509
1446 1640
1447 2542
1448 1807
1448 2435
1450 1488
1450 1644
1450 2255
1452 2440
1452 2432
1453 2018
1453 2421
1455 2365
1455 2341
1456 2358
1457 2555
1458 1811
1459 1668
1460 1497
1460 2030
1461 1948
1461 2607
1462 2436
1462 1646
1462 1770
1464 2475
1465 1835
1466 2438
1466 2420
1466 1541
1469 2588
1469 1630
1470 2292
1470 1790
1470 1623
1471 1977
1471 2310
1472 1669
1472 1827
1473 2002
1473 2493
1474 2001
1474 1817
1474 1730
1476 2024
1476 2275
1477 2388
1478 1542
1478 2261
1479 2425
1480 1544
1480 1988
1481 2251
1482 2605
1483 1525
1484 2563
1485 1559
1486 2684
1486 2622
1487 1790
1488 1499
1488 2084
1489 1783
1489 1998
1489 1942
1490 2686
1491 2535
1492 2323
1493 1979
1494 1677
1495 2032
1497 2082
1498 2615
1499 2070
1500 2004
1501 1680
1501 1981
1502 2021
1502 2346
1503 1993
1503 1535
1504 2092
1504 2072
1505 1968
1505 1829
1506 1894
1506 1734
1507 1723
1508 1735
1508 1571
1509 1675
1509 1523
1510 1592
1512 2273
1514 1634
1515 1532
1516 2521
1518 1917
1519 2647
1519 1673
1520 1826
1521 2232
1521 1858
1522 2301
1522 2350
1523 1646
1526 2433
1526 1949
1526 2185
1527 2224
1527 1764
1528 2281
1529 1743
1529 2067
1529 2602
1530 2283
1530 1854
1531 1985
1531 2453
1532 2604
1533 1847
1534 1538
1534 1836
1536 2484
1537 1583
1537 1555
1539 2597
1539 2577
1541 2226
1542 2613
1544 2572
1545 1651
1545 2534
1547 1754
1549 1943
1549 2508
1550 2593
1550 1770
1551 1638
1552 2528
1552 2618
1553 1592
1553 2248
1553 1911
1554 1604
1555 2153
1556 2190
1557 1808
1558 1797
1558 2286
1561 2379
1562 2567
1563 2118
1564 2297
1565 1567
1566 2013
1566 1894
1566 2113
1567 2148
1567 2138
1569 1815
1570 2574
1570 2674
1571 2179
1571 2635
1572 2080
1573 2099
1573 1778
1576 1741
1577 2637
1577 2012
1577 1872
1578 2331
1579 2196
1579 2411
1580 2679
1580 1733
1581 2435
1581 2416
1581 1879
1582 2066
1582 1757
1584 2343
1584 1707
1584 2691
1585 2324
1585 2445
1585 2481
1587 2072
1588 1642
1589 2385
1589 2407
1591 2557
1591 2461
1593 2613
1593 1953
1594 2459
1595 1915
1596 2404
1596 2375
1599 2621
1600 2190
1601 2061
1601 2017
1602 2461
1602 2548
1605 2566
1605 2129
1606 2487
1606 1723
1607 2695
1608 2304
1608 2097
1608 2443
1610 2360
1610 2256
1611 2565
1611 2446
1612 2264
1614 2605
1615 1723
1615 2691
1616 1979
1616 1661
1617 2469
1618 1711
1618 2655
1619 2615
1619 2660
1620 2410
1620 1711
1621 1931
1621 1678
1622 2458
1624 2515
1625 2415
1625 2454
1629 2106
1630 2523
1631 2416
1632 1695
1634 2258
1635 2212
1635 1905
1635 2467
1636 2013
1636 1941
1637 2518
1641 1764
1644 1898
1644 1933
1645 2642
1645 1868
1647 2041
1647 2264
1648 2504
1650 2611
1651 2219
1652 2460
1653 1968
1654 1876
1655 1800
1655 2228
1656 2045
1656 2660
1657 2691
1660 2480
1660 1835
1661 2162
1661 2540
1662 1751
1662 2699
1662 1720
1663 2016
1664 1849
1665 2475
1666 2105
1666 1686
1667 2090
1668 2586
1670 2377
1671 1977
1671 2083
1672 2163
1674 2079
1676 2123
1677 2141
1677 2166
1678 2404
1678 2327
1679 2377
1681 2645
1681 2149
1682 1729
1684 2447
1684 2028
1685 2375
1686 2378
1687 2686
1687 2379
1689 1795
1689 2006
1690 1912
1692 2146
1692 1832
1693 2222
1694 1923
1695 2291
1697 2127
1697 2697
1699 1876
1700 2663
1702 2357
1703 1986
1704 2499
1705 2054
1708 2328
1709 2657
1709 2570
1709 2534
1710 1976
1711 2562
1714 2608
1714 2554
1716 2681
1716 2203
1717 2109
1717 1831
1717 2216
1718 2587
1719 2045
1719 2016
1720 2062
1721 1881
1725 2535
1725 2557
1726 1737
1727 2469
1727 1780
1731 2445
1732 2658
1733 2234
1733 2381
1736 1947
1736 2128
1737 1915
1738 2284
1739 1759
1740 2225
1740 2646
1741 1926
1741 2302
1743 2584
1745 2432
1745 2446
1747 2560
1747 1867
1748 1846
1748 1938
1749 2160
1749 2678
1750 2496
1750 2039
1751 2510
1752 2101
1752 1964
1753 2066
1753 2340
1756 2025
1756 1881
1758 1981
1758 2462
1761 1971
1762 2349
1764 1946
1765 2306
1765 2269
1766 1961
1766 2539
1767 2428
1768 2401
1768 2070
1769 2620
1769 2527
1770 2629
1771 2282
1771 2507
1774 2098
1774 2288
1775 2232
1775 2635
1775 2281
1776 2072
1777 2017
1778 1872
1779 1809
1780 1793
1780 1797
1781 2398
1783 2497
1783 2313
1785 2084
1786 2165
1787 2208
1787 1900
1788 2370
1789 2212
1791 1818
1791 1996
1792 1921
1792 2312
1793 1849
1794 1801
1794 2307
1798 2498
1799 2329
1801 1818
1802 2585
1803 2671
1803 2191
1803 1842
1804 2549
1805 2231
1806 2530
1806 2448
1807 2692
1808 2510
1809 1884
1810 2511
1810 2471
1810 2021
1811 1903
1812 2562
1812 2672
1812 1894
1813 1867
1813 2445
1814 1822
1815 2595
1816 2585
1816 2366
1819 2192
1820 2031
1821 2409
1821 2464
1821 2681
1823 2116
1824 2366
1826 2698
1828 2321
1830 2229
1832 2088
1833 2327
1834 1863
1834 2169
1836 2168
1837 1904
1838 2432
1839 1889
1840 2611
1840 1929
1841 1992
1843 2150
1843 2055
1844 2651
1845 2219
1846 1874
1848 2019
1850 1857
1851 2538
1851 2250
1853 2222
1853 1880
1853 2401
1854 1882
1854 2650
1856 2621
1856 2053
1856 2683
1857 1958
1857 2624
1859 2201
1860 2376
1861 2641
1865 2050
1865 2252
1866 2361
1868 1940
1868 2298
1869 2207
1869 1909
1869 2356
1870 2246
1870 1996
1871 1897
1873 2500
1877 2614
1878 2195
1882 2374
1883 2253
1884 2674
1886 2364
1886 2619
1889 1953
1890 2163
1891 2459
1892 2365
1893 2147
1893 2515
1893 2117
1896 2603
1896 2055
1896 2543
1898 2001
1899 2176
1899 2237
1903 2560
1905 2201
1906 2593
1907 2523
1907 1942
1908 2479
1910 2180
1910 2248
1910 1927
1913 2357
1914 2357
1917 2629
1919 2651
1919 2410
1919 2249
1920 2648
1921 2011
1922 2422
1922 2204
1923 2387
1925 2294
1926 2467
1928 2239
1928 2020
1928 2266
1929 2308
1930 2693
1930 2318
1932 2171
1934 2468
1935 1980
1936 2033
1936 2015
1939 2522
1941 2227
1943 2266
1944 2272
1944 2532
1945 2632
1946 2200
1948 2110
1949 2687
1950 2661
1952 2241
1953 1982
1954 2047
1956 2666
1957 2476
1957 2520
1959 2004
1962 2285
1963 1972
1964 2473
1965 2403
1965 2491
1966 2455
1967 2450
1967 2501
1968 2047
1970 2654
1973 2534
1973 2341
1980 2513
1984 2392
1985 2545
1986 2217
1987 2456
1987 2062
1989 2130
1990 2684
1992 2458
1993 2194
1994 2334
1995 2601
1996 2313
1999 2253
2000 2085
2000 2314
2002 2211
2003 2513
2007 2450
2009 2408
2011 2028
2014 2180
2016 2297
2020 2590
2022 2425
2023 2417
2025 2137
2025 2098
2027 2424
2029 2143
2029 2215
2030 2443
2032 2281
2033 2240
2034 2213
2036 2127
2036 2220
2037 2485
2038 2494
2040 2623
2040 2271
2041 2484
2043 2177
2044 2274
2044 2544
2046 2471
2046 2061
2048 2431
2048 2104
2049 2613
2051 2455
2052 2611
2054 2624
2057 2151
2059 2161
2059 2388
2060 2239
2063 2068
2064 2306
2065 2246
2067 2583
2069 2416
2069 2275
2073 2437
2073 2418
2075 2642
2076 2512
2077 2512
2078 2083
2078 2300
2079 2624
2080 2337
2081 2205
2085 2319
2086 2343
2087 2536
2088 2426
2089 2631
2089 2303
2089 2447
2090 2238
2091 2516
2093 2303
2093 2378
2095 2489
2097 2218
2099 2479
2101 2380
2102 2334
2104 2267
2106 2408
2107 2615
2107 2200
2109 2191
2109 2465
2110 2391
2111 2150
2112 2482
2113 2690
2117 2494
2118 2620
2120 2240
2122 2167
2123 2231
2125 2628
2127 2241
2129 2333
2131 2186
2132 2189
2132 2552
2133 2268
2135 2565
2137 2187
2139 2332
2140 2412
2143 2680
2144 2439
2151 2153
2152 2492
2154 2592
2156 2237
2157 2591
2158 2173
2158 2316
2159 2525
2160 2163
2164 2177
2166 2539
2166 2289
2168 2398
2168 2472
2169 2517
2172 2698
2174 2646
2174 2682
2174 2584
2176 2290
2181 2585
2182 2209
2185 2241
2185 2263
2186 2301
2186 2505
2187 2278
2188 2434
2188 2210
2189 2579
2195 2318
2196 2400
2196 2262
2198 2676
2199 2385
2199 2362
2199 2483
2202 2293
2203 2345
2203 2394
2205 2640
2205 2630
2207 2339
2207 2531
2208 2306
2209 2588
2214 2457
2215 2363
2216 2225
2221 2590
2222 2598
2227 2535
2230 2629
2233 2481
2233 2649
2235 2578
2235 2670
2236 2454
2238 2617
2244 2341
2244 2554
2245 2593
2246 2298
2247 2517
2247 2266
2250 2675
2251 2670
2256 2642
2256 2547
2259 2423
2259 2580
2260 2351
2260 2504
2263 2479
2264 2673
2268 2298
2270 2663
2271 2359
2275 2342
2277 2384
2280 2519
2280 2665
2287 2682
2292 2294
2293 2300
2294 2675
2297 2302
2299 2661
2305 2633
2305 2406
2308 2474
2308 2652
2309 2486
2310 2383
2310 2392
2315 2596
2315 2489
2323 2653
2325 2558
2326 2626
2326 2464
2327 2426
2328 2403
2332 2411
2336 2525
2337 2660
2338 2543
2344 2502
2347 2638
2352 2536
2353 2574
2355 2396
2355 2530
2356 2435
2359 2501
2363 2677
2367 2453
2367 2665
2369 2389
2371 2606
2372 2470
2372 2427
2372 2521
2374 2520
2375 2417
2382 2491
2382 2568
2384 2506
2386 2542
2391 2614
2391 2430
2393 2519
2395 2607
2407 2637
2407 2506
2412 2468
2415 2500
2418 2508
2419 2538
2420 2602
2423 2524
2430 2665
2433 2616
2436 2608
2441 2551
2456 2645
2456 2485
2457 2668
2463 2587
2466 2552
2470 2652
2473 2516
2474 2659
2478 2619
2484 2528
2485 2657
2490 2662
2496 2656
2503 2580
2505 2527
2507 2693
2517 2582
2525 2586
2526 2572
2550 2556
2550 2689
2555 2582
2559 2673
2560 2604
2564 2641
2564 2689
2576 2596
2584 2610
2600 2686
2616 2677
2617 2678
2625 2698
2628 2630
2638 2640
2641 2653
2647 2692
2654 2664
2667 2688
