0 1638
0 318
0 1695
1 499
1 217
1 184
2 239
2 1992
2 778
3 956
3 1884
3 840
4 1277
4 1093
4 376
5 702
5 1854
5 1965
6 404
6 905
6 1668
7 1698
7 1271
7 1880
8 927
8 256
8 1572
9 1171
9 98
9 1213
10 1897
10 1599
10 1771
11 1954
11 478
11 1107
12 1892
12 1684
12 1882
13 81
13 777
13 1694
14 642
14 1161
14 1308
15 1360
15 571
15 616
16 1361
16 2193
16 278
17 1648
17 1320
17 805
18 1306
18 1961
18 966
19 1861
19 1764
19 1511
20 1639
20 463
20 654
21 1950
21 746
21 978
22 901
22 1485
22 1103
23 309
23 1758
23 2181
24 1266
24 1884
24 354
25 743
25 1482
25 80
26 1418
26 1914
26 803
27 796
27 250
27 648
28 259
28 1573
28 1000
29 2055
29 599
29 1217
30 1163
30 947
30 312
31 886
31 131
31 618
32 1138
32 1867
32 1009
33 734
33 1087
33 1079
34 1560
34 797
34 1056
35 1121
35 1645
35 546
36 326
36 1426
36 765
37 597
37 983
37 545
38 1694
38 2024
38 1301
39 1179
39 1955
39 1008
40 169
40 1484
40 449
41 1645
41 1114
41 613
42 112
42 1176
42 704
43 142
43 1438
43 711
44 1414
44 1146
44 2096
45 2119
45 412
45 604
46 627
46 1565
46 1610
47 1614
47 269
47 1108
48 876
48 548
48 1594
49 2180
49 1113
49 1612
50 867
50 382
50 2183
51 763
51 1961
51 628
52 1098
52 1323
52 1905
53 1003
53 91
53 477
54 1507
54 394
54 1528
55 280
55 1335
55 1969
56 1515
56 1184
56 379
57 384
57 886
57 1471
58 115
58 1921
58 535
59 1805
59 606
59 1763
60 499
60 612
60 1845
61 771
61 2071
61 1998
62 921
62 1738
62 1152
63 251
63 1785
63 1761
64 100
64 2196
64 1259
65 1647
65 646
65 859
66 181
66 1949
66 1304
67 436
67 334
67 864
68 1455
68 952
68 1527
69 800
69 951
69 907
70 310
70 1732
70 624
71 764
71 888
71 1243
72 833
72 1132
72 1634
73 2062
73 685
73 635
74 419
74 191
74 1891
75 357
75 2022
75 528
76 2052
76 1503
76 1956
77 87
77 1879
77 801
78 634
78 593
78 309
79 708
79 1140
79 1649
80 671
80 935
81 1924
81 1333
82 888
82 1762
82 222
83 434
83 2027
83 1250
84 2077
84 691
84 1783
85 1628
85 2049
85 1679
86 1482
86 833
86 133
87 102
87 514
88 680
88 1177
88 1466
89 259
89 1250
89 1405
90 804
90 1516
90 1256
91 625
91 1186
92 133
92 973
92 1712
93 1651
93 1999
93 955
94 632
94 1467
94 1136
95 246
95 1946
95 1561
96 1700
96 1258
96 2082
97 1844
97 103
97 1772
98 2185
98 1115
99 866
99 1280
99 2160
100 729
100 355
101 208
101 440
101 511
102 1584
102 935
103 804
103 2150
104 1474
104 1765
104 633
105 1006
105 702
105 1562
106 1492
106 1613
106 1871
107 705
107 1369
107 1790
108 385
108 1784
108 739
109 1137
109 1661
109 803
110 1816
110 598
110 282
111 524
111 1699
111 1158
112 704
112 1941
113 1157
113 376
113 973
114 1128
114 533
114 152
115 1707
115 2072
116 1615
116 2048
116 1394
117 1348
117 299
117 1125
118 473
118 1183
118 1601
119 1707
119 1255
119 1899
120 1162
120 1241
120 471
121 1914
121 1600
121 1932
122 990
122 1609
122 578
123 571
123 417
123 942
124 471
124 1896
124 875
125 160
125 523
125 2047
126 1370
126 1468
126 667
127 665
127 1398
127 1534
128 333
128 821
128 394
129 1047
129 497
129 1297
130 1948
130 153
130 774
131 160
131 1848
132 2009
132 1447
132 1626
133 1831
134 1530
134 2007
134 1339
135 1926
135 2040
135 341
136 1837
136 381
136 1257
137 274
137 155
137 2187
138 582
138 794
138 533
139 1101
139 1148
139 366
140 1944
140 1008
140 1244
141 802
141 1536
141 238
142 697
142 393
143 508
143 1005
143 2100
144 865
144 2089
144 1487
145 1302
145 1758
145 1453
146 956
146 485
146 848
147 1292
147 482
147 1089
148 1175
148 458
148 1234
149 1993
149 1586
149 707
150 1901
150 1411
150 1269
151 1220
151 945
151 1206
152 2045
152 808
153 1020
153 1087
154 301
154 392
154 192
155 1726
155 1118
156 828
156 1191
156 1022
157 1476
157 2042
157 193
158 247
158 909
158 1387
159 2095
159 1116
159 1171
160 780
161 1110
161 1208
161 2052
162 654
162 330
162 2181
163 1670
163 2070
163 1386
164 1284
164 1660
164 496
165 2125
165 181
165 171
166 1483
166 228
166 466
167 1704
167 891
167 1104
168 2017
168 1381
168 1590
169 1034
169 2084
170 972
170 1955
170 854
171 670
171 1604
172 2061
172 2072
172 1607
173 740
173 1811
173 910
174 2171
174 2142
174 1183
175 235
175 1085
175 1737
176 388
176 1691
176 1363
177 1626
177 2048
177 1247
178 651
178 2100
178 2018
179 1210
179 441
179 454
180 1983
180 902
180 1422
181 1720
182 1207
182 1199
182 279
183 1449
183 1177
183 660
184 1850
184 2012
185 413
185 2022
185 1904
186 610
186 768
186 999
187 737
187 1790
187 415
188 1645
188 1579
188 304
189 1632
189 2122
189 1339
190 241
190 2117
190 1017
191 792
191 350
192 455
192 1682
193 2007
193 1230
194 974
194 1625
194 1299
195 1502
195 634
195 2148
196 405
196 251
196 775
197 2109
197 1977
197 1665
198 207
198 1322
198 2031
199 745
199 767
199 893
200 1309
200 1080
200 1523
201 273
201 346
201 314
202 1417
202 603
202 2008
203 1950
203 286
203 452
204 780
204 1842
204 261
205 1172
205 1338
205 1962
206 936
206 865
206 1859
207 1509
207 1725
208 1953
208 1644
209 2033
209 1143
209 285
210 1456
210 713
210 1533
211 1061
211 1559
211 857
212 1689
212 1178
212 1037
213 1925
213 1376
213 2173
214 2095
214 2042
214 859
215 1934
215 1431
215 1200
216 1729
216 729
216 1723
217 792
217 1989
218 1384
218 241
218 263
219 1319
219 900
219 1975
220 727
220 1876
220 337
221 1684
221 721
221 710
222 1736
222 643
223 417
223 1599
223 1088
224 1282
224 1834
224 1662
225 278
225 2087
225 788
226 1473
226 2090
226 1035
227 1787
227 268
227 1796
228 722
228 329
229 977
229 679
229 2184
230 568
230 558
230 305
231 1272
231 407
231 1885
232 459
232 251
232 813
233 1933
233 653
233 1704
234 1112
234 1719
234 1480
235 1298
235 1034
236 1181
236 1724
236 1101
237 1032
237 1655
237 1153
238 2060
238 1709
239 332
239 1209
240 1984
240 1817
240 2159
241 248
242 1346
242 1085
242 2133
243 512
243 1641
243 1544
244 937
244 1512
244 582
245 498
245 1122
245 2137
246 1292
246 366
247 2091
247 1400
248 718
248 290
249 1997
249 566
249 1590
250 1512
250 1672
252 672
252 550
252 1036
253 1634
253 898
253 987
254 1233
254 454
254 1425
255 276
255 1928
255 615
256 1762
256 2154
257 2136
257 662
257 1009
258 1890
258 1029
258 844
259 1479
260 687
260 1351
260 499
261 1888
261 1904
262 2082
262 1123
262 1810
263 360
263 1010
264 998
264 352
264 397
265 1957
265 1419
265 817
266 1406
266 1739
266 1359
267 1181
267 873
267 1527
268 814
268 2151
269 636
269 2073
270 639
270 1182
270 1403
271 1805
271 1743
271 332
272 1446
272 1887
272 1927
273 1256
273 958
274 963
274 1033
275 477
275 1229
275 1758
276 1675
276 1732
277 674
277 875
277 592
278 570
279 1557
279 402
280 1288
280 406
281 1940
281 729
281 797
282 864
282 1096
283 647
283 1069
283 1435
284 1116
284 845
284 612
285 1433
285 2098
286 1135
286 1391
287 2020
287 2121
287 1659
288 1600
288 391
288 777
289 846
289 1104
289 401
290 1943
290 603
291 849
291 1260
291 1641
292 1344
292 1061
292 1150
293 1054
293 879
293 482
294 1346
294 1735
294 1550
295 491
295 1806
295 565
296 556
296 1491
296 2000
297 1497
297 1189
297 2069
298 2111
298 880
298 2108
299 878
299 2070
300 661
300 783
300 974
301 462
301 1151
302 1063
302 824
302 1421
303 1864
303 1114
303 1623
304 1227
304 1053
305 1029
305 561
306 1275
306 1852
306 1182
307 1281
307 1936
307 1774
308 1180
308 895
308 954
309 807
310 1397
310 904
311 1446
311 336
311 953
312 1265
312 1719
313 1272
313 624
313 936
314 2179
314 1321
315 1294
315 1330
315 1640
316 1276
316 327
316 1723
317 1220
317 1959
317 1278
318 836
318 757
319 1926
319 1554
319 700
320 1856
320 1571
320 910
321 737
321 462
321 2043
322 926
322 1494
322 1252
323 882
323 1605
323 1473
324 1856
324 1835
324 391
325 1934
325 1428
325 1119
326 1030
326 682
327 2147
327 1312
328 652
328 2054
328 1114
329 1812
329 1828
330 1163
330 1225
331 1815
331 1684
331 386
332 1032
333 1809
333 1788
334 1242
334 1094
335 855
335 701
335 356
336 1146
336 1301
337 2048
337 1987
338 894
338 914
338 949
339 1916
339 538
339 1784
340 1535
340 2101
340 979
341 1666
341 385
342 784
342 1348
342 1602
343 1752
343 1920
343 532
344 1355
344 1904
344 1619
345 504
345 407
345 1248
346 783
346 1223
347 2100
347 1340
347 1549
348 896
348 880
348 1112
349 501
349 633
349 2038
350 2016
350 883
351 924
351 1614
351 1712
352 1268
352 574
353 2114
353 1390
353 1667
354 1297
354 1157
355 357
355 1097
356 1389
356 566
357 1389
358 684
358 797
358 407
359 1312
359 1722
359 1512
360 643
360 970
361 569
361 1099
361 1596
362 1471
362 827
362 2098
363 779
363 961
363 542
364 1731
364 1577
364 2151
365 1572
365 2190
365 688
366 719
367 2084
367 1688
367 837
368 1755
368 1326
368 1923
369 785
369 1548
369 1859
370 834
370 1079
370 712
371 1148
371 1307
371 627
372 1665
372 1616
372 1212
373 1362
373 2006
373 1792
374 1702
374 1184
374 1178
375 1973
375 521
375 666
376 1169
377 1052
377 1392
377 877
378 1812
378 559
378 1291
379 710
379 1932
380 1768
380 1776
380 686
381 814
381 1378
382 1260
382 2067
383 543
383 2099
383 1703
384 2113
384 1680
385 1013
386 433
386 1725
387 1917
387 1972
387 1767
388 888
388 976
389 1464
389 1566
389 1137
390 1899
390 1493
390 1671
391 1251
392 1605
392 934
393 1214
393 1521
394 2080
395 2063
395 1546
395 400
396 1820
396 916
396 2139
397 2148
397 1156
398 1379
398 1766
398 456
399 930
399 1050
399 807
400 1990
400 1993
401 1214
401 1612
402 408
402 1896
403 583
403 925
403 1337
404 2082
404 760
405 1745
405 1320
406 1307
406 903
408 420
408 731
409 771
409 1147
409 1624
410 1800
410 668
410 1222
411 1990
411 897
411 1111
412 1978
412 516
413 1309
413 625
414 816
414 1256
414 554
415 1464
415 1781
416 1190
416 949
416 1249
417 1207
418 958
418 686
418 1581
419 811
419 1461
420 1422
420 1603
421 1865
421 1168
421 1770
422 990
422 1153
422 1453
423 476
423 1341
423 426
424 959
424 1847
424 1331
425 1465
425 1015
425 770
426 573
426 1985
427 652
427 1623
427 1427
428 1714
428 889
428 1863
429 787
429 2043
429 1809
430 771
430 1813
430 589
431 1954
431 2013
431 1016
432 1404
432 2067
432 2114
433 439
433 473
434 2001
434 1328
435 799
435 1162
435 878
436 1257
436 596
437 2058
437 849
437 1996
438 2128
438 479
438 1888
439 1730
439 805
440 1749
440 1167
441 536
441 615
442 1903
442 1716
442 594
443 1164
443 2112
443 1344
444 1537
444 1298
444 716
445 921
445 1859
445 1630
446 1891
446 1630
446 1201
447 1516
447 1534
447 503
448 2013
448 1597
448 1721
449 881
449 984
450 646
450 1705
450 1735
451 989
451 1457
451 1797
452 759
452 1779
453 1508
453 1125
453 750
454 918
455 2074
455 1129
456 1556
456 1347
457 2188
457 911
457 1695
458 2138
458 890
459 1263
459 1285
460 1980
460 826
460 871
461 1142
461 1958
461 1668
462 754
463 1000
463 2157
464 2003
464 716
464 919
465 1318
465 1311
465 1260
466 1931
466 1976
467 1830
467 2065
467 1528
468 1226
468 1360
468 2165
469 1578
469 563
469 855
470 581
470 693
470 1610
471 1801
472 1377
472 1545
472 1822
473 2127
474 840
474 931
474 1014
475 874
475 988
475 1705
476 1278
476 1535
477 791
478 1681
478 1399
479 1353
479 1369
480 1608
480 798
480 1769
481 1796
481 683
481 1280
482 1345
483 1430
483 607
483 509
484 1462
484 758
484 727
485 1526
485 1460
486 1587
486 1742
486 599
487 2045
487 1838
487 845
488 572
488 1429
488 2188
489 1384
489 821
489 801
490 1040
490 688
490 1243
491 882
491 820
492 601
492 914
492 994
493 2021
493 1998
493 1492
494 1660
494 1035
494 1506
495 1968
495 733
495 2003
496 1920
496 1289
497 1089
497 1745
498 926
498 617
500 1708
500 1317
500 831
501 1970
501 1245
502 1486
502 1613
502 886
503 675
503 1338
504 1224
504 1944
505 1357
505 1455
505 1568
506 950
506 1304
506 1628
507 1337
507 525
507 638
508 2075
508 1721
509 2149
509 1445
510 2120
510 2078
510 862
511 1808
511 828
512 1848
512 2071
513 761
513 1625
513 656
514 1077
514 533
515 631
515 1706
515 2019
516 1375
516 749
517 878
517 2001
517 2121
518 925
518 1888
518 910
519 1037
519 2106
519 1193
520 695
520 1967
520 1747
521 1866
521 1514
522 1100
522 1701
522 1470
523 1352
523 2115
524 1714
524 2003
525 1650
525 1342
526 720
526 762
526 610
527 1434
527 1212
527 1928
528 921
528 1808
529 1726
529 1718
529 1180
530 1946
530 1533
530 1064
531 2121
531 934
531 1368
532 825
532 1368
534 1663
534 1664
534 1425
535 650
535 1285
536 1409
536 1756
537 1195
537 1449
537 1123
538 1477
538 1682
539 1074
539 1180
539 1389
540 1139
540 701
540 1187
541 1067
541 663
541 1496
542 1101
542 1430
543 1953
543 568
544 950
544 1038
544 2032
545 1569
545 894
546 1578
546 1339
547 2169
547 1579
547 1604
548 1354
548 563
549 657
549 1691
549 1403
550 1786
550 1534
551 784
551 731
551 587
552 2015
552 1563
552 940
553 793
553 1071
553 1625
554 860
554 744
555 1061
555 1247
555 2101
556 1073
556 1266
557 863
557 1144
557 1353
558 2175
558 1542
559 876
559 1488
560 1457
560 1448
560 2004
561 979
561 2118
562 1596
562 1674
562 1706
563 1575
564 1107
564 1167
564 931
565 939
565 887
566 1795
567 668
567 680
567 866
568 1370
569 1421
569 1480
570 1670
570 2036
571 1338
572 2180
572 1796
573 1710
573 2135
574 1313
574 2056
575 1675
575 852
575 1656
576 1225
576 2089
576 1922
577 2002
577 1718
577 1960
578 1538
578 1105
579 1382
579 1652
579 2018
580 947
580 1102
580 2097
581 673
581 1270
582 827
583 1222
583 941
584 1036
584 1952
584 589
585 1622
585 1311
585 928
586 1238
586 1426
586 2102
587 1466
587 1396
588 2044
588 941
588 812
589 2087
590 1646
590 2175
590 1792
591 1720
591 806
591 869
592 1259
592 1876
593 1329
593 1674
594 677
594 1205
595 1118
595 1641
595 891
596 1907
596 1822
597 1017
597 1174
598 1019
598 1959
599 848
600 1836
600 1067
600 1138
601 1236
601 877
602 649
602 1937
602 1969
603 1194
604 2044
604 1442
605 813
605 1770
605 670
606 1522
606 1461
607 741
607 713
608 1832
608 1814
608 1287
609 917
609 1126
609 1607
610 1740
611 929
611 1635
611 829
612 974
613 1780
613 1137
614 1693
614 658
614 1937
615 1155
616 2079
616 1186
617 2144
617 950
618 629
618 986
619 1036
619 1246
619 1991
620 1513
620 1901
620 1451
621 1352
621 648
621 1112
622 1726
622 2066
622 1860
623 1359
623 1206
623 1873
624 1843
625 2191
626 688
626 1697
626 1223
627 697
628 2113
628 1446
629 996
629 2108
630 1261
630 1942
630 2174
631 721
631 1477
632 1046
632 826
633 726
634 2083
635 1131
635 1573
636 1609
636 2166
637 1328
637 1287
637 1230
638 1961
638 1988
639 730
639 1902
640 2085
640 1325
640 1121
641 1931
641 678
641 2191
642 1188
642 2037
643 1813
644 1041
644 1450
644 1715
645 690
645 1332
645 1237
646 751
647 2093
647 872
648 2172
649 2189
649 1877
650 1991
650 1274
651 1986
651 1679
652 1072
653 1681
653 1902
654 1608
655 1518
655 660
655 1836
656 1789
656 1762
657 1554
657 2185
658 1372
658 1637
659 1076
659 1374
659 1818
660 2039
661 1215
661 2146
662 725
662 1038
663 1220
663 1468
664 1330
664 1420
664 706
665 1336
665 1151
666 1591
666 1273
667 989
667 1617
668 1883
669 1330
669 2170
669 2195
670 1251
671 2029
671 1624
672 1710
672 1448
673 1844
673 1562
674 2178
674 726
675 731
675 1300
676 817
676 1131
676 1453
677 1981
677 1277
678 971
678 1237
679 1558
679 1724
680 815
681 757
681 1917
681 1267
682 868
682 709
683 1397
683 1128
684 1199
684 2137
685 1510
685 1499
686 1444
687 940
687 2186
689 2064
689 1286
689 1908
690 2154
690 1905
691 1218
691 894
692 1589
692 2119
692 1941
693 2055
693 1658
694 1197
694 2125
694 1840
695 2185
695 1810
696 780
696 858
696 1928
697 1761
698 2037
698 976
698 1241
699 1141
699 1500
699 1394
700 841
700 2076
701 1777
702 1120
703 1929
703 1696
703 1825
704 1994
705 1110
705 1564
706 1906
706 1585
707 1951
707 1869
708 1599
708 1942
709 856
709 1332
710 1448
711 2142
711 1419
712 1009
712 1679
713 871
714 1646
714 1364
714 1861
715 1113
715 1688
715 1380
716 1750
717 1567
717 941
717 1296
718 815
718 776
719 1887
719 1090
720 2178
720 890
721 2040
722 1505
722 1718
723 1643
723 2107
723 1463
724 1671
724 1830
724 1436
725 743
725 1952
726 996
727 1213
728 2132
728 1068
728 1467
730 1366
730 1955
732 1760
732 835
732 973
733 2136
733 1578
734 1505
734 1398
735 1319
735 1027
735 2145
736 1056
736 1204
736 774
737 1132
738 1558
738 1717
738 1974
739 1273
739 1464
740 1960
740 1490
741 1713
741 1434
742 1447
742 1938
742 1676
743 875
744 843
744 1154
745 2094
745 1533
746 1839
746 885
747 1865
747 850
747 1945
748 1618
748 786
748 1098
749 1291
749 2032
750 1602
750 934
751 1404
751 1106
752 792
752 787
752 1591
753 1841
753 1107
753 1760
754 1089
754 1327
755 1314
755 1954
755 1235
756 1336
756 1002
756 1122
757 1636
758 799
758 1136
759 1228
759 2046
760 1692
760 2170
761 2057
761 1885
762 2110
762 2163
763 2047
763 1127
764 1711
764 853
765 1678
765 863
766 1898
766 1073
766 1524
767 1631
767 1746
768 1510
768 1392
769 1161
769 1519
769 1424
770 1921
770 2066
772 2086
772 1019
772 1297
773 818
773 775
773 885
774 854
775 987
776 1415
776 2131
777 2112
778 2054
778 1382
779 1728
779 1795
781 1192
781 1536
781 1019
782 1823
782 824
782 1744
783 1160
784 1620
785 1035
785 1649
786 1819
786 1639
787 1236
788 821
788 2058
789 994
789 1301
789 1402
790 2018
790 1638
790 826
791 2164
791 811
793 1776
793 1438
794 1418
794 1410
795 1872
795 1070
795 1866
796 923
796 915
798 1792
798 1847
799 952
800 1407
800 901
801 2165
802 1373
802 1539
803 1048
804 1728
805 1532
806 1026
806 1915
807 1781
808 995
808 1806
809 1794
809 1459
809 1857
810 1008
810 2116
810 1547
811 1444
812 1357
812 1601
813 1360
814 1777
815 1985
816 1854
816 2120
817 1233
818 855
818 889
819 1126
819 1740
819 1543
820 1669
820 1196
822 1070
822 843
822 1637
823 1989
823 1021
823 1963
824 1064
825 1690
825 1917
827 2068
828 925
829 2086
829 1290
830 1117
830 1519
830 1303
831 1580
831 2156
832 1541
832 2162
832 1853
833 2019
834 1175
834 1717
835 1439
835 1029
836 1111
836 1739
837 2174
837 2143
838 1417
838 1014
838 1667
839 1766
839 1429
839 1398
840 1388
841 1416
841 1577
842 919
842 1415
842 1269
843 2122
844 1822
844 1134
845 1858
846 1497
846 1007
847 1720
847 1687
847 1900
848 1531
849 1771
850 1878
850 2148
851 1828
851 2131
851 2022
852 1854
852 1010
853 1078
853 1730
854 1405
856 2061
856 1298
857 2011
857 1551
858 2002
858 1246
859 2144
860 1383
860 1025
861 1636
861 1981
861 1430
862 1352
862 1923
863 1547
864 1637
865 1810
866 959
867 2030
867 955
868 2025
868 1804
869 2129
869 1593
870 1540
870 1470
870 1172
871 967
872 2011
872 1582
873 1922
873 917
874 1734
874 986
876 1437
877 1597
879 1782
879 1951
880 1306
881 930
881 1615
882 1768
883 2104
883 1775
884 1507
884 2030
884 1559
885 1779
887 1994
887 1300
889 2182
890 1475
891 1730
892 2040
892 1657
892 1084
893 1680
893 1663
895 1166
895 1501
896 1388
896 1028
897 1802
897 1383
898 1038
898 1493
899 1498
899 1210
899 1376
900 1873
900 1809
901 1441
902 1802
902 1062
903 983
903 1042
904 1775
904 2187
905 2050
905 1575
906 2132
906 1001
906 1323
907 1341
907 1524
908 1932
908 1169
908 1080
909 1659
909 1754
911 915
911 1401
912 1262
912 1615
912 2164
913 1055
913 1276
913 1642
914 2122
915 1458
916 1525
916 2068
917 1655
918 1183
918 1629
919 1886
920 1881
920 1778
920 2026
922 966
922 1048
922 1015
923 2013
923 1387
924 1371
924 1913
926 2152
927 1416
927 1268
928 2016
928 1829
929 1693
929 1764
930 1140
931 1132
932 1663
932 1364
932 1699
933 1149
933 1570
933 943
935 1499
936 1794
937 1991
937 1376
938 1451
938 1528
938 1093
939 1824
939 1563
940 1830
942 1310
942 1458
943 2176
943 1551
944 1103
944 1825
944 1801
945 1531
945 1015
946 1374
946 1479
946 1811
947 1514
948 1849
948 1731
948 1006
949 1083
951 1361
951 1724
952 2062
953 1189
953 2190
954 1907
954 1640
955 2101
956 1864
957 1158
957 1236
957 2012
958 1651
959 1613
960 1295
960 2015
960 1532
961 1167
961 1324
962 2112
962 1508
962 1875
963 1259
963 1539
964 1095
964 1026
964 1282
965 1905
965 1576
965 2041
966 1139
967 1874
967 1665
968 1039
968 1747
968 1683
969 1587
969 1778
969 1552
970 2126
970 1756
971 2176
971 2079
972 1113
972 1066
975 1010
975 1728
975 1581
976 1173
977 1722
977 1843
978 1239
978 1052
979 2037
980 1633
980 1733
980 1704
981 1833
981 985
981 1582
982 1227
982 2138
982 1863
983 1040
984 1719
984 1536
985 2198
985 1870
986 2127
987 1594
988 1469
988 1049
989 1276
990 1392
991 1191
991 1187
991 2057
992 1176
992 1257
992 1875
993 1564
993 1290
993 2097
994 2171
995 1459
995 1100
996 1883
997 1841
997 1097
997 1043
998 1413
998 1881
999 1658
999 1540
1000 2096
1001 1900
1001 1872
1002 1835
1002 2001
1003 1947
1003 1837
1004 1141
1004 1385
1004 1929
1005 1974
1005 2029
1006 1354
1007 1636
1007 1595
1011 2126
1011 1386
1011 1979
1012 1606
1012 1535
1012 1325
1013 1642
1013 1868
1014 1447
1016 2145
1016 1196
1017 1653
1018 1754
1018 1308
1018 1455
1020 2068
1020 1452
1021 2072
1021 1290
1022 2187
1022 1090
1023 1538
1023 1412
1023 2105
1024 2189
1024 1086
1024 1596
1025 1639
1025 1381
1026 1760
1027 1506
1027 2054
1028 1837
1028 1763
1030 1253
1030 2116
1031 1826
1031 1358
1031 1911
1032 2080
1033 1520
1033 1240
1034 1052
1037 1855
1039 1753
1039 2130
1040 1363
1041 1140
1041 1321
1042 1450
1042 1836
1043 1919
1043 2153
1044 1995
1044 1481
1044 1911
1045 1483
1045 2069
1045 2140
1046 1984
1046 1275
1047 2029
1047 1669
1048 1817
1049 1058
1049 1314
1050 2071
1050 2159
1051 1159
1051 1906
1051 1765
1053 2166
1053 1350
1054 1951
1054 1992
1055 1367
1055 1582
1056 1765
1057 1407
1057 1065
1057 1855
1058 2131
1058 1484
1059 1616
1059 2079
1059 1986
1060 1749
1060 1198
1060 2161
1062 1577
1062 1586
1063 1860
1063 1229
1064 1627
1065 1984
1065 1126
1066 2135
1066 1924
1067 1502
1068 1550
1068 1154
1069 1379
1069 1164
1070 1517
1071 1463
1071 1201
1072 1558
1072 1710
1073 1882
1074 1549
1074 1906
1075 1405
1075 1250
1075 1154
1076 1147
1076 1565
1077 1620
1077 2081
1078 1155
1078 1427
1079 1293
1080 1913
1081 2059
1081 2110
1081 1193
1082 1212
1082 1182
1082 2089
1083 1440
1083 1629
1084 1993
1084 1165
1085 1481
1086 1939
1086 1800
1087 1959
1088 1886
1088 1835
1090 1537
1091 1511
1091 1610
1091 2077
1092 1239
1092 2057
1092 1757
1093 1335
1094 1797
1094 1614
1095 1504
1095 1892
1096 2012
1096 1265
1097 1711
1098 1815
1099 2006
1099 1685
1100 1545
1102 1911
1102 1960
1103 2053
1104 1202
1105 1708
1105 1511
1106 1673
1106 1233
1108 1757
1108 1999
1109 2076
1109 1372
1109 2167
1110 2007
1111 2134
1115 1696
1115 1652
1116 1162
1117 1240
1117 1903
1118 1525
1119 1776
1119 1886
1120 2199
1120 1683
1121 1973
1122 1560
1123 2087
1124 1552
1124 1224
1124 2111
1125 1693
1127 1221
1127 1538
1128 1367
1129 1567
1129 2132
1130 1952
1130 1258
1130 1877
1131 1517
1133 1661
1133 1292
1133 1274
1134 2109
1134 1914
1135 2143
1135 1727
1136 1971
1138 1650
1139 1920
1141 1832
1142 1617
1142 1947
1143 2147
1143 1773
1144 2094
1144 1925
1145 1315
1145 1827
1145 1400
1146 1271
1147 1898
1148 1981
1149 2107
1149 1807
1150 1366
1150 1414
1151 1975
1152 1659
1152 1783
1153 1313
1155 1284
1156 1365
1156 1619
1157 1274
1158 1933
1159 2134
1159 1803
1160 1299
1160 1826
1161 1707
1163 1907
1164 1315
1165 1476
1165 1441
1166 1772
1166 1678
1168 1420
1168 2136
1169 1751
1170 1521
1170 1603
1170 2033
1171 1591
1172 2129
1173 2190
1173 2073
1174 1432
1174 1789
1175 1335
1176 1251
1177 1672
1178 1179
1179 1688
1181 1798
1184 1207
1185 1975
1185 1238
1185 1517
1186 1308
1187 2118
1188 1681
1188 1654
1189 1824
1190 2092
1190 1211
1191 1620
1192 1506
1192 1675
1193 1439
1194 2049
1194 1548
1195 1349
1195 1445
1196 1355
1197 1296
1197 1797
1198 1476
1198 1217
1199 2162
1200 1485
1200 1542
1201 2105
1202 1380
1202 1987
1203 1638
1203 1485
1203 1794
1204 1916
1204 1500
1205 1778
1205 2010
1206 1334
1208 1548
1208 1552
1209 1532
1209 1612
1210 1799
1211 1831
1211 2090
1213 1428
1214 1323
1215 2092
1215 2104
1216 1871
1216 1780
1216 1648
1217 1749
1218 1912
1218 1288
1219 2126
1219 1782
1219 1489
1221 1469
1221 1478
1222 2170
1223 1918
1224 1918
1225 1936
1226 1513
1226 1526
1227 1235
1228 1741
1228 1986
1229 2157
1230 2093
1231 1423
1231 1956
1231 2105
1232 2150
1232 2028
1232 1299
1234 1910
1234 2026
1235 1873
1237 1752
1238 2017
1239 1623
1240 1583
1241 1619
1242 1702
1242 1848
1243 1383
1244 1803
1244 1491
1245 1467
1245 1782
1246 1994
1247 1673
1248 1622
1248 1747
1249 2085
1249 1793
1252 1759
1252 1456
1253 1395
1253 1575
1254 1611
1254 1569
1254 1438
1255 1561
1255 2158
1258 1978
1261 1791
1261 1402
1262 1348
1262 1880
1263 1833
1263 1957
1264 1306
1264 2044
1264 1397
1265 1343
1266 1595
1267 1333
1267 1598
1268 1497
1269 1371
1270 2139
1270 1303
1271 1580
1272 2189
1273 1486
1275 2174
1277 1995
1278 1982
1279 1454
1279 1686
1279 1845
1280 1422
1281 1557
1281 1373
1282 1927
1283 1509
1283 1309
1283 2115
1284 2052
1285 1324
1286 1616
1286 1313
1287 2144
1288 2123
1289 1715
1289 2156
1291 2195
1293 1555
1293 1864
1294 1520
1294 1934
1295 1977
1295 1518
1296 2154
1300 1874
1302 1343
1302 1413
1303 1819
1304 2125
1305 1541
1305 1424
1305 1358
1307 1556
1310 2046
1310 2169
1311 2088
1312 1384
1314 1516
1315 1937
1316 2078
1316 1576
1316 1666
1317 1432
1317 1875
1318 2027
1318 2031
1319 1965
1320 2006
1321 1846
1322 1973
1322 1753
1324 2178
1325 1945
1326 1908
1326 1912
1327 2155
1327 2074
1328 1382
1329 1729
1329 1571
1331 1478
1331 1584
1332 1942
1333 2073
1334 1985
1334 1709
1336 1658
1337 1603
1340 1630
1340 1423
1341 1502
1342 1853
1342 1391
1343 1701
1344 2045
1345 1912
1345 1568
1346 1644
1347 1889
1347 1712
1349 2103
1349 2194
1350 2194
1350 1425
1351 1967
1351 2004
1353 1370
1354 1375
1355 1541
1356 1522
1356 1885
1356 1909
1357 1734
1358 1940
1359 1935
1361 1690
1362 1965
1362 1811
1363 2146
1364 1494
1365 1424
1365 1935
1366 1431
1367 1757
1368 1390
1369 1727
1371 1656
1372 1404
1373 1412
1374 1628
1375 1419
1377 1750
1377 1546
1378 2162
1378 2031
1379 2060
1380 1705
1381 1408
1385 1682
1385 1971
1386 1738
1387 1530
1388 1971
1390 2056
1391 2033
1393 1669
1393 2014
1393 1402
1394 1463
1395 1592
1395 1703
1396 1958
1396 1549
1399 2142
1399 2023
1400 1738
1401 1721
1401 1543
1403 1846
1406 2191
1406 1543
1407 1970
1408 1722
1408 2064
1409 2183
1409 1700
1410 1597
1410 1589
1411 1799
1411 1899
1412 2090
1413 1593
1414 1966
1415 2016
1416 1484
1417 2164
1418 2152
1420 1964
1421 1466
1423 1736
1426 1504
1427 1935
1428 1909
1429 1527
1431 2035
1432 1852
1433 1826
1433 1683
1434 2168
1435 1939
1435 1529
1436 1551
1436 1829
1437 2025
1437 1742
1439 1515
1440 2156
1440 2145
1441 1995
1442 2038
1442 1660
1443 2158
1443 1842
1443 1602
1444 2160
1445 1717
1449 1803
1450 2117
1451 2035
1452 1574
1452 1773
1454 1868
1454 1773
1456 1927
1457 2011
1458 1890
1459 1889
1460 1592
1460 1871
1461 1908
1462 1685
1462 2088
1465 1509
1465 1977
1468 1895
1469 1939
1470 2176
1471 1901
1472 1494
1472 1748
1472 1554
1473 1887
1474 2173
1474 1998
1475 2083
1475 2065
1477 1481
1478 1979
1479 2129
1480 1555
1482 1861
1483 2124
1486 2177
1487 1879
1487 1787
1488 1735
1488 1501
1489 1842
1489 1531
1490 2061
1490 1711
1491 1817
1492 2078
1493 2000
1495 1618
1495 1870
1495 1839
1496 1913
1496 2038
1498 1609
1498 1559
1499 1566
1500 1648
1501 1697
1503 2183
1503 1963
1504 2074
1505 1629
1507 2058
1508 2024
1510 1627
1513 1664
1514 1592
1515 2198
1518 2133
1519 1930
1520 2084
1521 1919
1522 1769
1523 1980
1523 1697
1524 1673
1525 2103
1526 1557
1529 2053
1529 1849
1530 2141
1537 2116
1539 1566
1540 1759
1542 2063
1544 1671
1544 1672
1545 2032
1546 1798
1547 2034
1550 2153
1553 1880
1553 2035
1553 1569
1555 1784
1556 1618
1560 2009
1561 2080
1562 1664
1563 1997
1564 2050
1565 1604
1567 1828
1568 1893
1570 2167
1570 1950
1571 2188
1572 1734
1573 1925
1574 1853
1574 1856
1576 2096
1579 2160
1580 1930
1581 2051
1583 2153
1583 1706
1584 2152
1585 2146
1585 2118
1586 2046
1587 2128
1588 1667
1588 1774
1588 1972
1589 1598
1590 2059
1593 2171
1594 1827
1595 2106
1598 1992
1600 2119
1601 1748
1605 2181
1606 2106
1606 1800
1607 1764
1608 2055
1611 1685
1611 2198
1617 1737
1621 2005
1621 1632
1621 2161
1622 1736
1624 1855
1626 1753
1627 1653
1631 2047
1631 1938
1632 2166
1633 2077
1633 1893
1634 1691
1635 1816
1635 1808
1640 1889
1642 1744
1643 1849
1643 1862
1644 2159
1646 1858
1647 1716
1647 1756
1649 1657
1650 2192
1651 1702
1652 1896
1653 1943
1654 2005
1654 1943
1655 2102
1656 2056
1657 1953
1661 2197
1662 1698
1662 1763
1666 2042
1668 1739
1670 1743
1674 1840
1676 2005
1676 2130
1677 1851
1677 2017
1677 2140
1678 2180
1680 2113
1686 2036
1686 1733
1687 1883
1687 1821
1689 2193
1689 2186
1690 2004
1692 1957
1692 2051
1694 1818
1695 2076
1696 1709
1698 2115
1699 2184
1700 2184
1701 2109
1703 1791
1708 2192
1713 2143
1713 2081
1714 1824
1715 1895
1716 1936
1723 2124
1725 1786
1727 2107
1729 1860
1731 1878
1732 1891
1733 1874
1737 1964
1740 2127
1741 1894
1741 1910
1742 2034
1743 2002
1744 1945
1745 1857
1746 1879
1746 2091
1748 1840
1750 1801
1751 1921
1751 1949
1752 2008
1754 1823
1755 2067
1755 1814
1759 2128
1761 2099
1766 1804
1767 2034
1767 2014
1768 2075
1769 1944
1770 2169
1771 2039
1772 2050
1774 1820
1775 2199
1777 1948
1779 1963
1780 1948
1781 1831
1783 1791
1785 1893
1785 2095
1786 2010
1787 2141
1788 1962
1788 1819
1789 2168
1790 1989
1793 2083
1793 1988
1795 1867
1798 2135
1799 1983
1802 1931
1804 1851
1805 1807
1806 1892
1807 1869
1812 1894
1813 1823
1814 2179
1815 1938
1816 2172
1818 2008
1820 2177
1821 1976
1821 2133
1825 2051
1827 1882
1829 1915
1832 2137
1833 1877
1834 1956
1834 2049
1838 2014
1838 1983
1839 1922
1841 2009
1843 2175
1844 1923
1845 2149
1846 2021
1847 2104
1850 2194
1850 1897
1851 1974
1852 2123
1857 2147
1858 1946
1862 2199
1862 1982
1863 1867
1865 2023
1866 2094
1868 1884
1869 2123
1870 2182
1872 1966
1876 2155
1878 2085
1881 1997
1890 2124
1894 2010
1895 2019
1897 1978
1898 2161
1900 2158
1902 2172
1903 1969
1909 2026
1910 1987
1915 1979
1916 1962
1918 1930
1919 2063
1924 1949
1926 1980
1929 1996
1933 2197
1940 2168
1941 2196
1947 2093
1958 2167
1964 2099
1966 1970
1967 2020
1968 2000
1968 2097
1972 2028
1976 2163
1982 2092
1988 2149
1990 2134
1996 2059
1999 2041
2015 2139
2020 2036
2021 2193
2023 2192
2024 2053
2025 2155
2027 2066
2028 2197
2030 2120
2039 2062
2041 2060
2043 2151
2064 2165
2065 2157
2069 2098
2070 2117
2075 2196
2081 2108
2086 2195
2088 2141
2091 2163
2102 2150
2103 2140
2110 2177
2111 2179
2114 2173
2130 2186
2138 2182
