0 229
0 84
0 198
1 154
1 270
1 223
2 337
2 391
2 97
3 368
3 229
3 309
4 337
4 387
4 112
5 25
5 146
5 33
6 191
6 18
6 242
7 113
7 360
7 246
8 103
8 130
8 22
9 332
9 201
9 199
10 239
10 46
10 77
11 368
11 60
11 12
12 343
12 267
13 132
13 355
13 131
14 19
14 203
14 164
15 393
15 178
15 173
16 96
16 38
16 387
17 373
17 208
17 258
18 158
18 321
19 176
19 99
20 326
20 329
20 162
21 371
21 34
21 372
22 201
22 173
23 191
23 154
23 137
24 370
24 86
24 144
25 267
25 123
26 158
26 324
26 189
27 226
27 273
27 95
28 323
28 382
28 165
29 287
29 105
29 219
30 347
30 285
30 145
31 284
31 144
31 109
32 185
32 382
32 274
33 120
33 330
34 57
34 294
35 162
35 229
35 250
36 353
36 234
36 359
37 53
37 108
37 386
38 292
38 143
39 182
39 106
39 114
40 319
40 57
40 330
41 293
41 158
41 152
42 118
42 284
42 49
43 199
43 281
43 285
44 136
44 115
44 384
45 122
45 211
45 322
46 235
46 89
47 368
47 390
47 278
48 117
48 386
48 259
49 376
49 235
50 104
50 225
50 141
51 113
51 75
51 153
52 263
52 238
52 299
53 211
53 212
54 181
54 161
54 308
55 280
55 121
55 366
56 177
56 275
56 116
57 68
58 241
58 74
58 292
59 221
59 364
59 261
60 253
60 243
61 125
61 310
61 361
62 325
62 383
62 349
63 256
63 125
63 91
64 67
64 246
64 362
65 208
65 179
65 205
66 321
66 140
66 333
67 132
67 349
68 230
68 81
69 232
69 82
69 175
70 355
70 94
70 233
71 135
71 378
71 346
72 164
72 284
72 385
73 361
73 81
73 346
74 379
74 90
75 147
75 105
76 362
76 355
76 130
77 215
77 310
78 301
78 249
78 275
79 259
79 138
79 387
80 331
80 334
80 389
81 98
82 324
82 119
83 155
83 168
83 156
84 237
84 324
85 255
85 300
85 248
86 135
86 218
87 228
87 179
87 388
88 106
88 328
88 286
89 359
89 107
90 300
90 295
91 379
91 394
92 250
92 254
92 239
93 195
93 389
93 338
94 128
94 116
95 168
95 293
96 148
96 257
97 291
97 238
98 394
98 380
99 245
99 170
100 131
100 332
100 331
101 272
101 244
101 369
102 342
102 198
102 184
103 104
103 327
104 280
105 304
106 215
107 398
107 276
108 138
108 283
109 253
109 234
110 201
110 325
110 375
111 190
111 388
111 182
112 180
112 341
113 133
114 353
114 304
115 256
115 117
116 356
117 362
118 157
118 207
119 342
119 142
120 134
120 305
121 230
121 301
122 235
122 303
123 287
123 165
124 269
124 287
124 365
125 395
126 247
126 347
126 378
127 340
127 395
127 367
128 340
128 159
129 150
129 153
129 269
130 356
131 172
132 174
133 166
133 191
134 177
134 339
135 156
136 290
136 150
137 322
137 358
138 354
139 255
139 329
139 216
140 341
140 177
141 370
141 349
142 208
142 243
143 316
143 180
144 252
145 220
145 236
146 189
146 214
147 392
147 186
148 209
148 282
149 323
149 299
149 192
150 264
151 159
151 336
151 330
152 221
152 190
153 320
154 240
155 389
155 336
156 319
157 193
157 159
160 334
160 318
160 320
161 189
161 188
162 281
163 395
163 315
163 252
164 326
165 197
166 279
166 300
167 226
167 170
167 174
168 277
169 186
169 222
169 262
170 398
171 380
171 249
171 271
172 259
172 398
173 378
174 313
175 316
175 260
176 265
176 260
178 383
178 272
179 352
180 352
181 350
181 231
182 352
183 316
183 338
183 188
184 271
184 358
185 197
185 213
186 343
187 291
187 388
187 344
188 244
190 397
192 266
192 230
193 319
193 220
194 249
194 304
194 272
195 318
195 251
196 320
196 266
196 312
197 222
198 356
199 227
200 353
200 274
200 365
202 276
202 392
202 248
203 306
203 348
204 217
204 308
204 307
205 247
205 275
206 309
206 396
206 379
207 376
207 254
209 263
209 361
210 326
210 315
210 364
211 296
212 268
212 227
213 306
213 366
214 246
214 335
215 291
216 273
216 245
217 346
217 381
218 294
218 219
219 231
220 341
221 339
222 375
223 286
223 244
224 251
224 348
224 296
225 312
225 288
226 278
227 345
228 305
228 264
231 289
232 238
232 331
233 265
233 385
234 296
236 289
236 293
237 297
237 274
239 360
240 351
240 359
241 248
241 344
242 269
242 251
243 345
245 391
247 367
250 260
252 298
253 351
254 314
255 285
256 374
257 276
257 280
258 347
258 311
261 374
261 396
262 377
262 328
263 327
264 305
265 393
266 268
267 335
268 288
270 381
270 313
271 310
273 381
277 288
277 283
278 369
279 299
279 339
281 397
282 306
282 375
283 325
286 298
289 371
290 371
290 374
292 348
294 297
295 302
295 393
297 333
298 363
301 385
302 311
302 314
303 351
303 350
307 366
307 315
308 312
309 318
311 372
313 329
314 364
317 354
317 383
317 337
321 358
322 394
323 350
327 345
328 391
332 340
333 384
334 377
335 343
336 392
338 386
342 377
344 373
354 357
357 372
357 399
360 396
363 380
363 369
365 370
367 399
373 376
382 390
384 390
397 399
