0 219
0 576
0 298
1 513
1 596
1 7
2 571
2 267
2 587
3 423
3 368
3 389
4 285
4 383
4 277
5 365
5 350
5 531
6 569
6 40
6 411
7 290
7 296
8 402
8 234
8 172
9 570
9 257
9 170
10 133
10 404
10 581
11 340
11 592
11 303
12 28
12 51
12 128
13 73
13 180
13 165
14 424
14 358
14 479
15 573
15 256
15 371
16 456
16 558
16 162
17 255
17 208
17 422
18 53
18 174
18 63
19 197
19 452
19 252
20 309
20 297
20 171
21 338
21 402
21 591
22 274
22 314
22 122
23 141
23 390
23 171
24 40
24 564
24 423
25 178
25 363
25 514
26 533
26 337
26 76
27 226
27 171
27 48
28 318
28 559
29 532
29 559
29 266
30 450
30 427
30 445
31 246
31 214
31 445
32 190
32 133
32 298
33 204
33 407
33 472
34 226
34 309
34 264
35 82
35 258
35 395
36 219
36 251
36 498
37 146
37 163
37 232
38 320
38 499
38 392
39 481
39 331
39 177
40 63
41 522
41 446
41 161
42 183
42 543
42 421
43 184
43 229
43 92
44 110
44 475
44 66
45 211
45 198
45 184
46 399
46 369
46 280
47 158
47 227
47 514
48 383
48 145
49 258
49 224
49 401
50 365
50 102
50 492
51 79
51 505
52 116
52 583
52 340
53 346
53 595
54 361
54 502
54 84
55 582
55 455
55 142
56 147
56 76
56 474
57 253
57 293
57 167
58 564
58 395
58 203
59 118
59 387
59 371
60 343
60 81
60 294
61 596
61 580
61 132
62 560
62 477
62 507
63 577
64 470
64 548
64 305
65 473
65 459
65 409
66 540
66 243
67 333
67 170
67 139
68 218
68 474
68 86
69 201
69 135
69 306
70 557
70 156
70 524
71 292
71 170
71 128
72 137
72 394
72 105
73 231
73 568
74 292
74 440
74 439
75 380
75 537
75 83
76 291
77 103
77 552
77 300
78 342
78 458
78 592
79 364
79 588
80 418
80 306
80 514
81 315
81 454
82 469
82 99
83 148
83 492
84 397
84 349
85 245
85 585
85 327
86 528
86 536
87 260
87 120
87 348
88 461
88 342
88 249
89 273
89 526
89 366
90 246
90 92
90 555
91 596
91 431
91 179
92 520
93 521
93 236
93 370
94 339
94 590
94 580
95 502
95 348
95 357
96 442
96 274
96 556
97 444
97 542
97 492
98 268
98 364
98 355
99 335
99 115
100 427
100 293
100 270
101 119
101 164
101 345
102 136
102 261
103 425
103 422
104 555
104 140
104 283
105 377
105 221
106 462
106 452
106 126
107 360
107 568
107 258
108 598
108 500
108 334
109 255
109 479
109 510
110 476
110 218
111 368
111 424
111 433
112 582
112 453
112 517
113 578
113 428
113 380
114 491
114 560
114 532
115 331
115 446
116 187
116 477
117 353
117 344
117 159
118 377
118 305
119 244
119 520
120 265
120 301
121 310
121 318
121 156
122 430
122 152
123 153
123 285
123 401
124 318
124 160
124 593
125 263
125 393
125 420
126 462
126 406
127 272
127 406
127 367
128 460
129 206
129 269
129 370
130 579
130 332
130 330
131 213
131 275
131 345
132 341
132 217
133 361
134 136
134 355
134 476
135 219
135 167
136 469
137 161
137 523
138 309
138 569
138 321
139 311
139 205
140 471
140 467
141 290
141 549
142 381
142 378
143 372
143 419
143 362
144 482
144 299
144 535
145 181
145 398
146 202
146 186
147 344
147 591
148 507
148 442
149 155
149 270
149 519
150 586
150 463
150 378
151 233
151 473
151 295
152 501
152 547
153 278
153 155
154 570
154 518
154 270
155 561
156 240
157 429
157 284
157 519
158 574
158 393
159 484
159 340
160 522
160 400
161 227
162 528
162 311
163 366
163 360
164 326
164 417
165 447
165 576
166 557
166 352
166 294
167 265
168 184
168 490
168 497
169 399
169 254
169 242
172 282
172 490
173 283
173 506
173 244
174 439
174 220
175 308
175 558
175 403
176 231
176 582
176 427
177 230
177 353
178 296
178 179
179 333
180 223
180 441
181 376
181 347
182 291
182 276
182 306
183 223
183 321
185 525
185 341
185 480
186 191
186 300
187 231
187 480
188 586
188 436
188 328
189 373
189 547
189 347
190 393
190 456
191 279
191 207
192 490
192 279
192 538
193 226
193 531
193 516
194 215
194 552
194 425
195 443
195 507
195 381
196 572
196 509
196 457
197 247
197 310
198 230
198 277
199 534
199 598
199 443
200 434
200 290
200 408
201 546
201 455
202 307
202 230
203 420
203 438
204 440
204 286
205 568
205 302
206 546
206 261
207 522
207 461
208 390
208 491
209 495
209 386
209 363
210 483
210 589
210 521
211 488
211 213
212 250
212 484
212 339
213 465
214 360
214 343
215 311
215 286
216 504
216 335
216 240
217 442
217 293
218 283
220 323
220 581
221 516
221 505
222 232
222 542
222 323
223 541
224 367
224 533
225 235
225 429
225 431
227 416
228 337
228 410
228 432
229 571
229 454
232 333
233 269
233 388
234 375
234 235
235 421
236 268
236 487
237 292
237 357
237 249
238 536
238 594
238 588
239 485
239 535
239 502
240 589
241 489
241 254
241 338
242 402
242 446
243 423
243 388
244 531
245 267
245 284
246 435
247 281
247 331
248 451
248 510
248 486
249 350
250 589
250 465
251 382
251 593
252 588
252 418
253 523
253 289
254 374
255 278
256 521
256 395
257 549
257 561
259 420
259 550
259 535
260 322
260 556
261 443
262 544
262 553
262 426
263 493
263 407
264 413
264 275
265 450
266 356
266 322
267 570
268 497
269 566
271 594
271 418
271 352
272 485
272 590
273 498
273 351
274 322
275 410
276 324
276 539
277 329
278 405
279 597
280 448
280 526
281 320
281 564
282 288
282 470
284 482
285 518
286 287
287 317
287 332
288 495
288 494
289 416
289 419
291 345
294 495
295 537
295 481
296 501
297 334
297 433
298 517
299 480
299 569
300 430
301 498
301 470
302 553
302 465
303 329
303 324
304 593
304 315
304 584
305 414
307 351
307 464
308 329
308 438
310 534
312 466
312 405
312 599
313 459
313 580
313 408
314 374
314 513
315 479
316 493
316 412
316 509
317 503
317 361
319 437
319 414
319 391
320 534
321 478
323 370
324 409
325 553
325 392
325 359
326 512
326 539
327 417
327 359
328 506
328 537
330 552
330 523
332 592
334 354
335 491
336 540
336 460
336 486
337 541
338 375
339 577
341 466
342 396
343 349
344 415
346 474
346 496
347 372
348 429
349 353
350 432
351 355
352 358
354 532
354 401
356 508
356 357
358 398
359 519
362 562
362 389
363 525
364 501
365 488
366 545
367 468
368 574
369 494
369 595
371 409
372 513
373 587
373 567
374 527
375 510
376 550
376 577
377 378
379 382
379 565
379 389
380 432
381 538
382 410
383 597
384 547
384 524
384 462
385 428
385 460
385 406
386 512
386 472
387 515
387 583
388 448
390 536
391 573
391 554
392 565
394 456
394 584
396 583
396 562
397 472
397 555
398 550
399 529
400 597
400 489
403 487
403 530
404 469
404 412
405 457
407 476
408 578
411 561
411 571
412 530
413 494
413 503
414 525
415 506
415 527
416 453
417 508
419 518
421 566
422 575
424 505
425 489
426 434
426 488
428 595
430 508
431 453
433 538
434 511
435 485
435 450
436 586
436 549
437 520
437 467
438 511
439 463
440 563
441 598
441 461
444 524
444 581
445 599
447 554
447 483
448 557
449 468
449 451
449 516
451 471
452 475
454 558
455 530
457 544
458 459
458 545
463 585
464 481
464 486
466 493
467 591
468 554
471 477
473 556
475 543
478 527
478 545
482 566
483 500
484 590
487 504
496 548
496 584
497 504
499 548
499 515
500 575
503 526
509 540
511 560
512 562
515 567
517 579
528 541
529 565
529 587
533 542
539 572
543 551
544 551
546 563
551 567
559 563
572 575
573 578
574 599
576 594
579 585
