0 384
0 341
0 1718
1 1716
1 292
1 2202
2 1541
2 2261
2 708
3 628
3 1952
3 2453
4 1508
4 1360
4 1101
5 1212
5 1509
5 2485
6 459
6 276
6 1833
7 308
7 1215
7 338
8 497
8 1745
8 2429
9 243
9 1990
9 1355
10 2059
10 896
10 1053
11 1019
11 1573
11 1589
12 1166
12 1675
12 1589
13 2483
13 727
13 1685
14 1461
14 442
14 2086
15 636
15 2199
15 1109
16 2479
16 695
16 466
17 903
17 738
17 2184
18 1530
18 2105
18 1082
19 1526
19 1601
19 1262
20 878
20 1067
20 548
21 346
21 116
21 1265
22 2101
22 795
22 1148
23 401
23 150
23 1684
24 825
24 1469
24 1894
25 465
25 1813
25 735
26 1668
26 835
26 1947
27 1207
27 2410
27 711
28 755
28 315
28 2256
29 1893
29 692
29 1918
30 106
30 580
30 1091
31 284
31 879
31 1700
32 2253
32 108
32 2400
33 2216
33 1567
33 776
34 2322
34 883
34 1490
35 362
35 665
35 1018
36 362
36 1844
36 785
37 685
37 1382
37 1594
38 1746
38 2429
38 1813
39 2171
39 44
39 1690
40 607
40 1547
40 984
41 1815
41 472
41 2394
42 1182
42 1657
42 1155
43 2217
43 963
43 2087
44 768
44 837
45 46
45 1329
45 1198
46 520
46 2016
47 2332
47 214
47 250
48 1427
48 1668
48 868
49 2107
49 1202
49 276
50 467
50 1407
50 1265
51 2189
51 1256
51 739
52 1637
52 2247
52 881
53 1046
53 836
53 147
54 1796
54 1104
54 2262
55 777
55 289
55 2111
56 299
56 1420
56 1132
57 581
57 88
57 532
58 1389
58 2064
58 190
59 2056
59 2234
59 487
60 2448
60 707
60 696
61 2461
61 1618
61 704
62 1041
62 1772
62 1497
63 2458
63 1257
63 2371
64 1881
64 1828
64 2008
65 1617
65 1639
65 859
66 1154
66 2361
66 2264
67 1658
67 1243
67 1224
68 1816
68 1247
68 146
69 2337
69 2078
69 965
70 1842
70 2227
70 1788
71 112
71 2021
71 293
72 1358
72 1501
72 1856
73 2282
73 2043
73 1857
74 528
74 972
74 2175
75 496
75 1379
75 1244
76 1819
76 1129
76 163
77 860
77 2285
77 1616
78 2482
78 267
78 1459
79 1626
79 700
79 1862
80 1127
80 1774
80 851
81 1225
81 1767
81 2029
82 989
82 1521
82 201
83 2478
83 1519
83 1687
84 697
84 1184
84 1648
85 1430
85 2126
85 1538
86 435
86 1454
86 1250
87 584
87 257
87 1735
88 1298
88 2273
89 838
89 375
89 1134
90 1996
90 1030
90 1802
91 2224
91 2151
91 1899
92 1687
92 1870
92 1772
93 925
93 215
93 1299
94 915
94 1253
94 2469
95 1238
95 1270
95 1056
96 267
96 1379
96 1806
97 1031
97 2094
97 2372
98 489
98 1144
98 2350
99 803
99 1113
99 226
100 1704
100 2054
100 1011
101 1582
101 2028
101 632
102 1885
102 178
102 2065
103 1157
103 1654
103 1647
104 703
104 232
104 2185
105 849
105 1667
105 998
106 773
106 2330
107 1614
107 147
107 1118
108 1486
108 746
109 1913
109 2093
109 894
110 542
110 1848
110 1751
111 1616
111 1594
111 1397
112 1644
112 2025
113 2326
113 2450
113 993
114 2452
114 720
114 879
115 1311
115 1082
115 522
116 2463
116 494
117 832
117 1076
117 899
118 251
118 1466
118 1977
119 2134
119 2228
119 1869
120 1940
120 1074
120 952
121 2347
121 491
121 1968
122 965
122 667
122 485
123 2027
123 344
123 2153
124 740
124 2144
124 656
125 150
125 1297
125 728
126 1631
126 410
126 2428
127 247
127 953
127 1158
128 1017
128 509
128 2088
129 2111
129 139
129 2270
130 1629
130 1959
130 2423
131 541
131 760
131 2052
132 1134
132 881
132 1675
133 898
133 2366
133 1752
134 2052
134 454
134 2301
135 1042
135 2229
135 456
136 2046
136 2445
136 219
137 683
137 1918
137 1843
138 2435
138 2283
138 182
139 2150
139 458
140 385
140 1820
140 1538
141 648
141 465
141 323
142 1819
142 345
142 2085
143 474
143 1502
143 1263
144 481
144 1354
144 839
145 1981
145 2005
145 803
146 1837
146 1137
147 201
148 1290
148 413
148 800
149 1619
149 311
149 1813
150 2177
151 2243
151 185
151 1985
152 1924
152 942
152 2193
153 1368
153 456
153 1199
154 2129
154 823
154 1549
155 166
155 1886
155 524
156 1579
156 1926
156 1817
157 1017
157 212
157 611
158 1677
158 675
158 1508
159 1411
159 1844
159 1473
160 1406
160 2434
160 1267
161 730
161 1360
161 1768
162 2160
162 1327
162 2202
163 2157
163 2130
164 605
164 761
164 630
165 361
165 1973
165 333
166 170
166 1804
167 1811
167 1671
167 1787
168 1739
168 784
168 2263
169 1583
169 1110
169 1719
170 2468
170 1587
171 929
171 1468
171 708
172 683
172 2241
172 2255
173 1960
173 2166
173 2090
174 739
174 732
174 1528
175 2032
175 715
175 682
176 1641
176 1654
176 183
177 1139
177 1525
177 2486
178 1348
178 1163
179 1956
179 1935
179 2446
180 731
180 554
180 2343
181 955
181 2356
181 350
182 337
182 1245
183 2065
183 2105
184 1110
184 1741
184 2316
185 1870
185 486
186 1549
186 2087
186 742
187 793
187 1822
187 931
188 1169
188 2043
188 1646
189 1855
189 1480
189 2266
190 1809
190 1017
191 261
191 957
191 1588
192 1203
192 1394
192 969
193 1282
193 1239
193 1693
194 2374
194 655
194 2126
195 322
195 555
195 1164
196 1896
196 2473
196 608
197 1341
197 1287
197 2104
198 1913
198 1937
198 1764
199 1842
199 896
199 2210
200 1307
200 1155
200 1658
201 1696
202 754
202 2203
202 1381
203 1586
203 786
203 2486
204 1986
204 622
204 821
205 1568
205 1442
205 1180
206 509
206 1025
206 810
207 1916
207 462
207 1458
208 668
208 1086
208 958
209 1542
209 1365
209 318
210 1546
210 2169
210 750
211 1779
211 2057
211 295
212 2152
212 1160
213 954
213 782
213 1070
214 664
214 2248
215 1760
215 982
216 2499
216 967
216 476
217 1970
217 1919
217 1611
218 1134
218 1861
218 1348
219 515
219 1632
220 1545
220 1912
220 887
221 1874
221 1183
221 854
222 1102
222 1489
222 280
223 1764
223 1940
223 1020
224 873
224 327
224 1053
225 2063
225 1853
225 1537
226 1907
226 2108
227 943
227 250
227 1067
228 1799
228 2027
228 1995
229 2497
229 782
229 444
230 1582
230 517
230 2206
231 1808
231 1865
231 2242
232 1964
232 270
233 365
233 1281
233 1598
234 2336
234 1233
234 1500
235 370
235 802
235 861
236 2173
236 545
236 534
237 649
237 2003
237 582
238 1786
238 1578
238 512
239 1453
239 2383
239 2327
240 443
240 940
240 1405
241 1933
241 2090
241 427
242 794
242 1688
242 1685
243 1914
243 458
244 865
244 1487
244 538
245 613
245 1548
245 1531
246 1321
246 1094
246 1138
247 267
247 1527
248 1179
248 585
248 1366
249 348
249 1571
249 1589
250 1406
251 2224
251 1318
252 2079
252 540
252 564
253 1860
253 1026
253 473
254 924
254 2228
254 2012
255 281
255 922
255 318
256 396
256 310
256 1617
257 694
257 525
258 1049
258 1442
258 2092
259 1202
259 2027
259 1146
260 2186
260 1491
260 1307
261 1418
261 1917
262 1140
262 2167
262 2084
263 348
263 402
263 2369
264 1539
264 1476
264 2261
265 469
265 922
265 895
266 999
266 2477
266 790
268 2280
268 778
268 397
269 1001
269 2415
269 1856
270 1683
270 371
271 1817
271 1728
271 623
272 2340
272 700
272 2061
273 682
273 1423
273 387
274 607
274 1298
274 1885
275 2196
275 1218
275 1454
276 892
277 1503
277 1120
277 1222
278 1325
278 812
278 2039
279 1097
279 2133
279 706
280 1979
280 1037
281 1131
281 1423
282 643
282 1806
282 816
283 353
283 852
283 861
284 2461
284 2188
285 1234
285 991
285 1659
286 2198
286 601
286 1707
287 1597
287 1283
287 1065
288 774
288 1693
288 1141
289 1291
289 1891
290 2226
290 969
290 2432
291 961
291 423
291 815
292 2200
292 1508
293 2189
293 1380
294 872
294 1126
294 1350
295 2324
295 2389
296 369
296 600
296 1322
297 448
297 1942
297 1205
298 998
298 680
298 1732
299 380
299 1709
300 2385
300 691
300 690
301 1043
301 695
301 687
302 1241
302 1561
302 1111
303 1591
303 831
303 890
304 913
304 1108
304 636
305 2348
305 2122
305 446
306 1807
306 2490
306 2210
307 453
307 1096
307 1029
308 1424
308 492
309 2416
309 1480
309 963
310 1775
310 1446
311 2057
311 1596
312 1483
312 468
312 1622
313 1650
313 1453
313 2010
314 2073
314 665
314 498
315 1829
315 1181
316 1250
316 1330
316 1916
317 1477
317 830
317 1702
318 810
319 1989
319 2462
319 757
320 1080
320 1545
320 2354
321 2062
321 942
321 434
322 653
322 2489
323 430
323 1909
324 2088
324 1635
324 2000
325 1181
325 800
325 2389
326 1021
326 1061
326 1888
327 1998
327 2237
328 1646
328 2344
328 460
329 1740
329 1027
329 1780
330 2167
330 892
330 2493
331 634
331 561
331 936
332 426
332 597
332 2154
333 650
333 1715
334 801
334 1079
334 1824
335 1046
335 375
335 1731
336 928
336 568
336 2409
337 758
337 975
338 1588
338 339
339 1875
339 2021
340 2385
340 477
340 2111
341 1210
341 1310
342 2231
342 1748
342 1685
343 814
343 2447
343 1677
344 2251
344 1395
345 956
345 971
346 1304
346 1150
347 1333
347 1103
347 1862
348 564
349 2443
349 2040
349 2394
350 1488
350 1285
351 2015
351 1655
351 1821
352 2325
352 1479
352 2222
353 1497
353 533
354 1440
354 1540
354 1018
355 728
355 1560
355 2138
356 1232
356 1434
356 1776
357 1704
357 2344
357 736
358 1703
358 635
358 900
359 1737
359 365
359 2494
360 2308
360 974
360 1366
361 2082
361 1516
362 1455
363 2285
363 447
363 2391
364 395
364 1962
364 2281
365 2062
366 675
366 780
366 1329
367 758
367 748
367 1855
368 1232
368 920
368 609
369 1631
369 1791
370 1485
370 414
371 1731
371 1735
372 1911
372 1128
372 2115
373 399
373 2074
373 2400
374 399
374 989
374 990
375 1983
376 2297
376 2181
376 1392
377 1809
377 2077
377 1169
378 941
378 558
378 2229
379 1394
379 997
379 2381
380 1373
380 415
381 2360
381 631
381 1228
382 1879
382 1338
382 822
383 2146
383 2370
383 1800
384 1408
384 2293
385 1060
385 1305
386 1839
386 654
386 460
387 1133
387 2477
388 2109
388 1463
388 1296
389 1979
389 1282
389 1285
390 2094
390 411
390 2471
391 628
391 422
391 1133
392 1279
392 477
392 1770
393 1621
393 1312
393 1425
394 1435
394 2123
394 1410
395 1021
395 1622
396 2447
396 640
397 1254
397 495
398 874
398 720
398 900
399 1303
400 871
400 775
400 1860
401 1880
401 694
402 912
402 1121
403 1376
403 1003
403 1439
404 2118
404 589
404 748
405 1597
405 1057
405 2484
406 875
406 2177
406 1373
407 1782
407 1036
407 1906
408 1345
408 1332
408 627
409 1371
409 1030
409 860
410 450
410 950
411 2096
411 2145
412 2245
412 1090
412 1826
413 2092
413 1906
414 1416
414 1085
415 1196
415 2428
416 452
416 1743
416 1241
417 890
417 2103
417 1457
418 1793
418 1487
418 678
419 1057
419 1897
419 1441
420 1100
420 560
420 1091
421 1404
421 2286
421 2146
422 1255
422 793
423 916
423 1183
424 1404
424 1008
424 2459
425 1553
425 1552
425 1089
426 1204
426 1821
427 2140
427 677
428 1148
428 1117
428 1722
429 1135
429 1763
429 962
430 461
430 842
431 2189
431 1418
431 1092
432 499
432 741
432 902
433 1554
433 522
433 856
434 1721
434 1206
435 2084
435 1293
436 473
436 1118
436 1019
437 1258
437 1556
437 1438
438 808
438 1871
438 2456
439 783
439 2180
439 933
440 2360
440 1197
440 1112
441 984
441 1209
441 693
442 699
442 1764
443 2252
443 1772
444 1210
444 2457
445 2083
445 1953
445 641
446 1299
446 1445
447 1233
447 2236
448 1689
448 1787
449 935
449 1195
449 755
450 504
450 1050
451 1892
451 1496
451 2363
452 804
452 1086
453 1976
453 1054
454 1125
454 2456
455 739
455 1988
455 1264
456 1374
457 1028
457 1130
457 1135
458 2276
459 1798
459 2139
460 1882
461 2068
461 813
462 1080
462 1499
463 721
463 855
463 894
464 2411
464 1269
464 2277
465 624
466 2108
466 1328
467 2072
467 776
468 672
468 1727
469 2395
469 1559
470 659
470 937
470 885
471 1422
471 1197
471 1562
472 1331
472 877
473 783
474 1834
474 723
475 1859
475 1697
475 806
476 2289
476 1808
477 2110
478 602
478 772
478 1115
479 1272
479 1546
479 1124
480 2420
480 1552
480 2294
481 2300
481 2336
482 1185
482 1561
482 650
483 921
483 1155
483 2361
484 2322
484 2433
484 1415
485 1305
485 2024
486 2165
486 1990
487 2122
487 902
488 1670
488 1385
488 1433
489 1288
489 1058
490 1613
490 579
490 817
491 2020
491 603
492 1383
492 1608
493 514
493 1119
493 2201
494 809
494 2069
495 1152
495 880
496 2127
496 1972
497 1003
497 973
498 966
498 1450
499 1961
499 815
500 592
500 1565
500 1173
501 1180
501 1906
501 705
502 1595
502 2082
502 897
503 1750
503 1673
503 1917
504 1625
504 2414
505 2381
505 904
505 1638
506 1942
506 1411
506 1136
507 1900
507 1692
507 2431
508 1877
508 2211
508 1366
509 751
510 2284
510 1064
510 2278
511 909
511 548
511 661
512 796
512 1214
513 791
513 1340
513 2328
514 732
514 1195
515 2044
515 689
516 1048
516 1787
516 1263
517 2367
517 1650
518 1498
518 727
518 645
519 1342
519 2460
519 2352
520 1865
520 1926
521 932
521 1959
521 1090
522 2421
523 938
523 2259
523 2283
524 2017
524 1022
525 863
525 1894
526 1050
526 1965
526 1839
527 1932
527 862
527 2064
528 1451
528 1804
529 752
529 1547
529 933
530 1771
530 1513
530 587
531 1398
531 2305
531 1040
532 1689
532 2287
533 2378
533 2052
534 860
534 954
535 1104
535 674
535 1901
536 1276
536 1233
536 1482
537 2186
537 2485
537 1960
538 751
538 2186
539 2195
539 1647
539 1012
540 1446
540 582
541 2264
541 1956
542 550
542 1036
543 1701
543 1891
543 681
544 1869
544 1991
544 2182
545 2034
545 1770
546 670
546 1408
546 1236
547 2060
547 1239
547 1185
548 1228
549 626
549 2026
549 2496
550 2398
550 2332
551 1372
551 1967
551 977
552 2236
552 595
552 2471
553 1601
553 1471
553 1042
554 2443
554 1761
555 2067
555 964
556 2163
556 1387
556 1414
557 2094
557 1415
557 1784
558 1131
558 1708
559 1603
559 789
559 575
560 756
560 670
561 1717
561 693
562 2120
562 2023
562 2081
563 1466
563 620
563 949
564 1618
565 1223
565 1371
565 1658
566 2213
566 1489
566 2282
567 1749
567 1499
567 2316
568 1211
568 2007
569 834
569 2499
569 1352
570 2205
570 1576
570 2086
571 2063
571 1227
571 1947
572 1399
572 2089
572 1274
573 1771
573 943
573 1466
574 1754
574 1445
574 802
575 909
575 1563
576 1434
576 1481
576 797
577 1274
577 2204
577 695
578 2415
578 1213
578 1700
579 2430
579 1423
580 1884
580 1590
581 1162
581 1739
582 1167
583 1234
583 749
583 1112
584 2426
584 1779
585 1975
585 1845
586 1695
586 2174
586 1449
587 2438
587 633
588 1635
588 1261
588 811
589 1159
589 813
590 2026
590 1989
590 2001
591 1885
591 840
591 623
592 629
592 702
593 642
593 2299
593 1653
594 1605
594 2314
594 906
595 1680
595 1596
596 791
596 606
596 2363
597 2380
597 696
598 2110
598 2358
598 1170
599 2482
599 1225
599 2208
600 2359
600 2074
601 1624
601 1474
602 2467
602 2009
603 1628
603 1673
604 1634
604 1062
604 1077
605 1299
605 1801
606 2278
606 2433
607 2405
608 845
608 1070
609 1107
609 1097
610 2392
610 2071
610 1337
611 1042
611 968
612 1200
612 1091
612 1799
613 2220
613 2442
614 1219
614 2268
614 2100
615 2184
615 1800
615 1636
616 1728
616 2493
616 1679
617 1078
617 2438
617 1934
618 970
618 2372
618 1946
619 976
619 1402
619 1815
620 1369
620 1098
621 1173
621 2344
621 1112
622 1656
622 1185
623 2190
624 2073
624 2035
625 1997
625 947
625 1907
626 1523
626 2152
627 1208
627 1340
628 2206
629 1538
629 2411
630 2399
630 1450
631 1598
631 1236
632 1725
632 1557
633 2355
633 1465
634 1379
634 1921
635 2042
635 732
636 1541
637 1161
637 2410
637 999
638 2142
638 1005
638 1440
639 2497
639 1014
639 663
640 1994
640 1530
641 1128
641 1278
642 2206
642 706
643 1827
643 1136
644 1592
644 1023
644 1092
645 2135
645 994
646 2409
646 2324
646 797
647 1585
647 2250
647 1946
648 792
648 1447
649 1551
649 2050
650 1463
651 1555
651 973
651 2495
652 847
652 2066
652 1284
653 923
653 746
654 2030
654 1649
655 1094
655 932
656 723
656 869
657 1298
657 2305
657 1767
658 891
658 2140
658 1831
659 1784
659 2051
660 1968
660 1353
660 2161
661 1560
661 1723
662 2162
662 2242
662 901
663 1159
663 2042
664 703
664 1850
665 1467
666 2295
666 1724
666 1537
667 1774
667 1191
668 918
668 823
669 2411
669 2006
669 2230
670 2352
671 2070
671 1604
671 910
672 1374
672 1432
673 812
673 1551
673 1407
674 2423
674 926
675 1737
676 1525
676 1905
676 1487
677 1895
677 1367
678 1198
678 1311
679 711
679 2414
679 2175
680 2171
680 2396
681 1649
681 788
682 2449
683 2307
684 2429
684 2311
684 691
685 1765
685 1682
686 1644
686 1978
686 2421
687 2302
687 1216
688 1593
688 2465
688 779
689 976
689 1433
690 1167
690 1047
691 1840
692 2322
692 828
693 1488
694 1478
696 2227
697 1383
697 1514
698 2404
698 1714
698 2146
699 2333
699 2293
700 988
701 1431
701 914
701 1564
702 1973
702 1834
703 1178
704 1356
704 1139
705 826
705 1421
706 1975
707 919
707 1657
708 908
709 1151
709 2333
709 1388
710 980
710 1016
710 786
711 2360
712 1651
712 1830
712 905
713 1668
713 1887
713 2472
714 1849
714 838
714 1511
715 2024
715 2465
716 2334
716 1246
716 1711
717 2175
717 1051
717 1429
718 2005
718 2358
718 1131
719 1092
719 1821
719 1882
720 886
721 1145
721 1111
722 2288
722 1915
722 849
723 1796
724 1648
724 1927
724 1686
725 1393
725 985
725 811
726 1968
726 1981
726 1211
727 1026
728 2445
729 1409
729 2109
729 955
730 1803
730 2038
731 1358
731 1219
733 2469
733 2181
733 2187
734 1300
734 1456
734 1665
735 1057
735 2116
736 2060
736 1571
737 1520
737 1699
737 1540
738 1016
738 1158
740 1261
740 1031
741 2099
741 1992
742 1606
742 2313
743 1656
743 949
743 1324
744 831
744 1454
744 2138
745 1986
745 1436
745 915
746 1089
747 1189
747 1322
747 1708
748 1535
749 912
749 2219
750 1847
750 1428
751 2148
752 1309
752 2250
753 1763
753 1226
753 1718
754 888
754 1969
755 1306
756 2232
756 778
757 1945
757 1972
758 2318
759 1369
759 2288
759 2377
760 2384
760 1824
761 2173
761 2311
762 1462
762 2260
762 2386
763 2444
763 1114
763 928
764 1620
764 1624
764 1450
765 1714
765 1983
765 2128
766 2277
766 2455
766 1889
767 2042
767 2057
767 1539
768 1414
768 1184
769 2338
769 2011
769 1015
770 1796
770 2106
770 1012
771 1572
771 1575
771 2039
772 886
772 1067
773 1492
773 912
774 2239
774 1623
775 1098
775 2295
776 2269
777 1295
777 987
778 1672
779 1609
779 1633
780 2314
780 1190
781 1995
781 2043
781 2420
782 1035
783 2171
784 1907
784 1330
785 1978
785 2053
786 1566
787 2281
787 870
787 1944
788 1355
788 2302
789 1548
789 944
790 2373
790 1820
791 1352
792 1595
792 1432
793 2356
794 2148
794 2440
795 1202
795 2374
796 1069
796 1338
797 1556
798 1106
798 1548
798 1176
799 1517
799 2259
799 1014
800 2338
801 2116
801 2239
802 891
803 2137
804 2353
804 955
805 1416
805 2312
805 2279
806 899
806 2235
807 1524
807 1617
807 1512
808 1819
808 1697
809 1427
809 1970
810 979
811 2320
812 1833
813 2348
814 1263
814 1550
815 1744
816 1320
816 1706
817 1660
817 1437
818 2006
818 1304
818 1231
819 1140
819 1683
819 1473
820 2203
820 942
820 1349
821 1102
821 2040
822 1778
822 1856
823 1485
824 1867
824 1125
824 839
825 2152
825 1209
826 887
826 1282
827 2010
827 2329
827 2319
828 914
828 1214
829 1064
829 2359
829 1723
830 1113
830 1655
831 1039
832 2113
832 991
833 983
833 1439
833 1573
834 2272
834 1792
835 2482
835 2329
836 1999
836 1726
837 2006
837 1285
838 2489
839 938
840 1218
840 1998
841 978
841 1013
841 1546
842 1980
842 2222
843 1868
843 1468
843 2436
844 1372
844 2232
844 988
845 2205
845 1239
846 2468
846 1667
846 2294
847 2041
847 944
848 947
848 1013
848 1192
849 1403
850 2449
850 917
850 1126
851 1851
851 1922
852 1736
852 1650
853 2301
853 1683
853 2277
854 2075
854 1600
855 2252
855 1943
856 981
856 2315
857 1491
857 1629
857 1609
858 2065
858 1910
858 2157
859 1881
859 935
861 1463
862 2211
862 2080
863 2417
863 1823
864 1762
864 1669
864 2320
865 1590
865 1835
866 1552
866 1923
866 1333
867 1661
867 2154
867 2179
868 1027
868 1835
869 1932
869 922
870 1237
870 1847
871 1328
871 2431
872 1709
872 1286
873 1747
873 2335
874 1271
874 1035
875 965
875 1330
876 1339
876 1839
876 1909
877 1704
877 1124
878 1851
878 2410
879 1323
880 1791
880 1120
881 2296
882 2159
882 2217
882 1152
883 2307
883 1393
884 969
884 1289
884 2338
885 1220
885 1357
886 2242
887 2135
888 1876
888 1442
889 1004
889 2346
889 1244
890 1382
891 1754
892 1793
893 2253
893 2249
893 2381
894 2231
895 1000
895 2405
896 1079
897 1229
897 1327
898 1628
898 2275
899 1272
900 2191
901 2349
901 2200
902 1189
903 1585
903 1081
904 927
904 1585
905 1204
905 2379
906 2070
906 2059
907 995
907 2165
907 2404
908 2143
908 2298
909 1457
910 2221
910 1518
911 1722
911 1368
911 1019
913 1529
913 2290
914 1422
915 2413
916 1795
916 1981
917 1238
917 1276
918 1428
918 2437
919 1013
919 1440
920 1676
920 1325
921 1712
921 1983
923 1984
923 1774
924 1854
924 1601
925 2197
925 1503
926 1344
926 1558
927 2121
927 1636
928 1148
929 2490
929 2484
930 1289
930 1004
930 1455
931 1033
931 2232
932 1384
933 1260
934 1895
934 1302
934 1137
935 2086
936 1920
936 2270
937 1716
937 1474
938 2101
939 2481
939 1854
939 1846
940 1384
940 1122
941 1812
941 1643
943 2373
944 2422
945 1841
945 1058
945 1336
946 1966
946 1024
946 1066
947 2029
948 1619
948 2214
948 2028
949 1920
950 1378
950 1237
951 1829
951 996
951 2022
952 2136
952 1555
953 1502
953 2011
954 1103
956 2048
956 1273
957 2102
957 1377
958 1986
958 2082
959 2132
959 2364
959 1359
960 2358
960 2435
960 1481
961 1438
961 2488
962 1301
962 1928
963 2185
964 1699
964 1435
966 2126
966 1375
967 1512
967 1258
968 1549
968 1748
970 1931
970 1757
971 1292
971 985
972 1992
972 1147
973 2284
974 1980
974 1960
975 2375
975 1901
976 1853
977 1583
977 2456
978 2366
978 1567
979 1905
979 1140
980 1068
980 1205
981 1145
981 1121
982 1688
982 1795
983 2136
983 1334
984 1608
985 2148
986 1713
986 1449
986 1759
987 1828
987 1378
988 1750
989 1922
990 2255
990 2204
991 1740
992 1398
992 1165
992 1443
993 1107
993 2485
994 1073
994 2021
995 1071
995 2142
996 2379
996 2368
997 1734
997 1739
998 2413
999 1005
1000 1916
1000 1349
1001 1200
1001 1630
1002 1196
1002 2169
1002 2061
1003 1955
1004 2234
1005 1523
1006 2265
1006 1007
1006 1216
1007 1362
1007 2103
1008 2454
1008 1084
1009 1361
1009 1036
1009 2351
1010 2408
1010 1722
1010 1489
1011 1730
1011 1040
1012 1220
1014 1948
1015 2304
1015 1888
1016 1570
1018 1541
1020 1950
1020 1400
1021 1052
1022 2244
1022 1143
1023 1338
1023 2034
1024 2426
1024 1665
1025 2289
1025 2409
1026 1934
1027 1336
1028 1886
1028 1974
1029 1663
1029 1106
1030 1243
1031 1818
1032 2394
1032 1117
1032 2340
1033 1695
1033 1901
1034 2112
1034 1256
1034 1268
1035 2196
1037 2019
1037 2492
1038 1540
1038 1506
1038 1342
1039 2496
1039 1537
1040 1750
1041 2185
1041 1115
1043 1698
1043 1290
1044 1878
1044 1649
1044 2388
1045 1329
1045 1387
1045 1809
1046 1632
1047 2383
1047 2265
1048 2015
1048 2397
1049 1852
1049 1171
1050 2211
1051 1300
1051 2341
1052 2141
1052 2314
1053 1691
1054 1460
1054 2036
1055 2383
1055 1270
1055 1703
1056 2419
1056 2396
1058 1780
1059 1606
1059 1883
1059 2097
1060 1559
1060 1850
1061 1930
1061 2096
1062 2115
1062 2032
1063 1523
1063 2230
1063 1934
1064 1488
1065 1226
1065 1954
1066 1519
1066 1169
1068 1339
1068 1100
1069 1734
1069 1142
1070 1165
1071 1890
1071 2301
1072 1751
1072 1962
1072 1752
1073 1558
1073 1607
1074 2363
1074 1727
1075 1614
1075 1283
1075 2401
1076 2432
1076 2226
1077 2016
1077 2163
1078 2378
1078 2241
1079 1563
1080 1261
1081 1562
1081 2214
1082 1565
1083 1782
1083 1622
1083 1097
1084 1391
1084 1093
1085 2064
1085 1314
1086 1417
1087 2253
1087 2190
1087 2268
1088 1742
1088 2203
1088 1728
1089 2010
1090 1321
1093 2013
1093 2446
1094 2446
1095 1738
1095 1542
1095 2305
1096 1344
1096 2436
1098 2357
1099 1931
1099 2212
1099 2431
1100 2377
1101 1823
1101 1698
1102 2091
1103 1160
1104 2400
1105 2005
1105 2055
1105 1784
1106 1477
1107 1362
1108 2365
1108 1987
1109 2223
1109 1332
1110 1492
1111 2109
1113 1600
1114 1363
1114 2428
1115 1234
1116 2448
1116 1510
1116 2087
1117 1362
1118 1982
1119 2217
1119 2194
1120 1733
1121 2008
1122 1464
1122 1719
1123 2243
1123 1851
1123 2403
1124 1766
1125 2407
1126 1768
1127 1611
1127 1705
1128 1715
1129 2458
1129 2459
1130 2472
1130 1328
1132 1354
1132 1184
1133 1793
1135 2215
1136 1428
1137 2341
1138 1880
1138 1662
1139 2460
1141 1181
1141 1724
1142 1676
1142 1965
1143 1281
1143 1535
1144 2166
1144 1544
1145 2147
1146 1664
1146 2398
1147 2229
1147 1162
1149 1303
1149 1438
1149 2462
1150 1278
1150 2254
1151 1518
1151 1694
1152 1864
1153 1832
1153 2002
1153 2205
1154 2487
1154 1785
1156 1381
1156 1500
1156 2439
1157 2272
1157 1752
1158 1308
1159 2155
1160 1266
1161 1903
1161 1875
1162 1619
1163 2310
1163 1732
1164 1674
1164 1841
1165 2182
1166 1924
1166 1346
1167 2155
1168 1701
1168 1295
1168 1364
1170 2030
1170 1861
1171 1790
1171 1510
1172 1460
1172 2037
1172 2350
1173 2207
1174 1711
1174 1900
1174 1769
1175 1845
1175 1323
1175 1213
1176 1527
1176 2053
1177 1351
1177 1965
1177 1666
1178 2247
1178 2191
1179 1386
1179 1789
1180 1651
1182 1345
1182 1482
1183 1514
1186 1744
1186 1692
1186 1778
1187 1751
1187 1513
1187 1196
1188 1615
1188 2425
1188 2040
1189 1570
1190 2491
1190 2041
1191 1912
1191 1881
1192 2379
1192 1266
1193 1309
1193 2002
1193 1326
1194 1444
1194 1922
1194 1777
1195 2023
1197 1736
1198 2004
1199 1964
1199 2290
1200 1645
1201 2240
1201 1624
1201 2226
1203 1346
1203 1536
1204 2220
1205 2361
1206 2339
1206 2053
1207 1951
1207 1237
1208 1350
1208 2215
1209 1879
1210 2003
1211 2041
1212 1898
1212 1410
1213 2037
1214 1684
1215 1558
1215 1785
1216 1325
1217 2367
1217 2389
1217 2269
1218 1919
1219 2342
1220 2337
1221 1840
1221 2472
1221 2066
1222 2223
1222 2422
1223 1404
1223 1229
1224 1319
1224 1575
1225 2230
1226 1531
1227 2123
1227 1580
1228 1235
1229 2266
1230 2331
1230 1826
1230 2083
1231 2496
1231 1343
1232 1577
1235 2284
1235 2433
1236 2306
1238 1322
1240 1604
1240 2138
1240 1378
1241 2272
1242 1515
1242 1838
1242 1313
1243 2192
1244 2140
1245 2163
1245 1403
1246 2311
1246 1653
1247 1982
1247 1556
1248 1858
1248 1773
1248 1354
1249 1949
1249 1259
1249 1629
1250 1696
1251 1742
1251 1894
1251 1874
1252 1457
1252 1625
1252 1296
1253 1893
1253 1544
1254 1698
1254 1561
1255 2049
1255 2362
1256 2149
1257 2179
1257 2071
1258 2058
1259 2234
1259 1829
1260 1756
1260 1681
1262 1998
1262 2222
1264 2007
1264 1296
1265 2235
1266 1800
1267 1358
1267 2233
1268 1562
1268 1904
1269 2451
1269 1621
1270 1840
1271 1506
1271 1602
1272 2369
1273 1444
1273 1928
1274 2391
1275 1725
1275 1827
1275 2130
1276 1753
1277 1628
1277 2003
1277 2113
1278 2145
1279 1563
1279 1808
1280 2114
1280 1424
1280 2252
1281 1923
1283 1310
1284 2452
1284 1472
1286 2469
1286 1610
1287 2372
1287 1980
1288 1305
1288 2473
1289 1458
1290 2262
1291 1377
1291 1911
1292 2156
1292 2492
1293 2118
1293 2317
1294 2466
1294 2481
1294 1436
1295 2251
1297 1928
1297 1318
1300 2085
1301 1697
1301 1759
1302 2371
1302 1783
1303 1975
1304 1323
1306 2402
1306 1476
1307 2300
1308 1530
1308 2488
1309 1825
1310 1645
1311 1988
1312 2081
1312 1420
1313 1744
1313 1947
1314 1733
1314 2279
1315 1522
1315 2018
1315 1496
1316 1712
1316 2155
1316 1543
1317 2364
1317 1760
1317 1642
1318 1925
1319 1866
1319 2046
1320 1673
1320 1331
1321 2129
1324 2075
1324 2078
1326 1353
1326 2192
1327 1957
1331 1811
1332 1631
1333 1547
1334 1412
1334 2294
1335 2464
1335 1780
1335 2249
1336 2291
1337 2474
1337 1816
1339 2102
1340 1867
1341 1971
1341 2159
1342 2418
1343 1419
1343 1557
1344 1596
1345 2209
1346 2137
1347 2481
1347 1797
1347 1814
1348 2331
1349 2261
1350 1462
1351 2464
1351 1532
1352 1746
1353 1706
1355 1460
1356 2498
1356 1731
1357 2127
1357 2262
1359 1621
1359 1514
1360 1943
1361 1391
1361 1868
1363 1646
1363 1461
1364 1748
1364 1949
1365 1824
1365 1717
1367 1818
1367 1522
1368 2183
1369 2263
1370 1471
1370 1627
1370 1818
1371 1515
1372 2298
1373 2072
1374 2110
1375 2487
1375 1441
1376 2292
1376 1545
1377 1591
1380 2354
1380 2345
1381 1971
1382 2050
1383 2318
1384 2463
1385 2476
1385 2072
1386 1771
1386 2237
1387 2393
1388 1836
1388 2371
1389 1459
1389 1402
1390 1727
1390 2047
1390 1927
1391 2424
1392 2373
1392 2276
1393 1823
1394 2271
1395 1892
1395 1747
1396 2045
1396 1805
1396 1471
1397 1874
1397 1747
1398 1837
1399 1681
1399 2323
1400 1592
1400 1507
1401 2390
1401 1817
1401 2106
1402 1627
1403 2397
1405 1837
1405 1520
1406 2426
1407 2310
1408 1602
1409 1577
1409 1781
1410 2312
1411 2187
1412 2060
1412 2197
1413 1691
1413 2423
1413 1653
1414 1495
1415 1419
1416 1452
1417 2022
1417 1716
1418 1940
1419 1938
1420 1705
1421 1762
1421 1863
1422 2101
1424 1505
1425 2267
1425 1710
1426 1576
1426 1977
1426 2341
1427 2162
1429 2079
1429 2298
1430 1544
1430 2093
1431 2096
1431 1765
1432 1942
1433 1706
1434 2194
1435 1977
1436 2353
1437 1605
1437 2141
1439 2198
1441 2125
1443 2191
1443 1932
1444 1711
1445 1949
1446 1472
1447 2340
1447 1888
1448 1684
1448 2390
1448 2007
1449 2124
1451 2200
1451 1612
1452 2158
1452 2427
1453 2412
1455 2219
1456 1955
1456 2089
1458 2476
1459 2438
1461 1842
1462 2151
1464 2304
1464 1812
1465 2218
1465 2176
1467 1696
1467 1613
1468 1502
1469 1859
1469 2150
1470 2475
1470 1803
1470 1688
1472 1777
1473 1936
1474 2092
1475 2376
1475 2367
1475 2414
1476 2331
1477 1734
1478 1644
1478 1527
1479 1506
1479 2491
1480 1782
1481 1786
1482 1820
1483 1954
1483 1969
1484 2309
1484 1836
1484 2074
1485 1909
1486 1710
1486 2337
1490 1896
1490 1743
1491 2406
1492 1936
1493 1943
1493 1952
1493 2254
1494 1564
1494 2231
1494 1849
1495 1578
1495 2377
1496 1674
1497 2320
1498 1831
1498 1769
1499 2323
1500 2310
1501 1944
1501 2327
1503 2268
1504 2450
1504 2441
1504 1865
1505 1681
1505 1518
1507 2442
1507 2176
1509 2407
1509 1657
1510 2308
1511 2339
1511 2044
1512 1766
1513 1593
1515 1964
1516 2418
1516 1572
1517 2480
1517 2014
1519 2183
1520 2004
1521 2474
1521 2238
1522 1587
1524 1858
1524 2173
1525 2083
1526 1718
1526 1995
1528 2038
1528 1763
1529 2466
1529 1805
1531 1950
1532 1664
1532 1565
1533 2384
1533 2158
1533 1951
1534 2297
1534 1574
1534 1887
1535 1756
1536 2495
1536 1925
1539 1783
1542 2196
1543 1898
1543 2195
1550 2225
1550 2285
1551 2213
1553 1768
1553 1878
1554 1990
1554 2142
1555 2327
1557 2157
1559 2374
1560 2228
1564 2388
1566 2350
1566 1659
1567 2076
1568 1762
1568 2095
1569 1963
1569 1788
1569 2387
1570 2008
1571 1902
1572 1791
1573 1944
1574 2093
1574 2399
1575 1590
1576 2141
1577 2114
1578 1953
1579 1758
1579 2249
1580 1633
1580 1872
1581 2009
1581 2131
1581 2025
1582 1967
1583 2342
1584 2450
1584 2343
1584 1586
1586 1730
1587 2013
1588 1812
1591 1713
1592 2346
1593 1939
1594 1978
1595 2018
1597 2416
1598 1962
1599 2273
1599 2452
1599 1671
1600 2193
1602 2251
1603 2112
1603 1993
1604 2209
1605 2448
1606 1729
1607 1632
1607 2407
1608 2204
1609 2049
1610 1927
1610 2033
1611 2036
1612 1679
1612 2115
1613 2019
1614 1749
1615 2382
1615 2166
1616 2246
1618 1958
1620 2004
1620 2218
1623 2020
1623 1836
1625 2287
1626 2113
1626 2349
1627 1869
1630 1776
1630 1976
1633 2303
1634 1643
1634 2352
1635 2056
1636 2420
1637 1659
1637 2280
1638 2136
1638 1930
1639 2174
1639 2128
1640 1778
1640 2100
1640 2295
1641 1666
1641 2099
1642 1958
1642 1864
1643 1872
1645 2246
1647 2427
1648 1929
1651 1667
1652 1880
1652 2144
1652 1729
1654 2457
1655 1690
1656 2441
1660 2048
1660 1864
1661 2147
1661 2050
1662 1852
1662 2247
1663 2270
1663 1781
1664 2128
1665 2357
1666 1871
1669 2321
1669 2156
1670 1963
1670 1802
1671 2179
1672 2257
1672 2460
1674 2170
1675 2291
1676 1832
1677 1878
1678 2359
1678 1832
1678 2296
1679 2303
1680 2084
1680 1935
1682 1898
1682 2291
1686 2017
1686 2403
1687 2160
1689 1861
1690 2165
1691 1835
1692 2240
1693 1794
1694 2071
1694 1733
1695 1956
1699 2013
1700 2017
1701 2353
1702 2483
1702 2375
1703 1790
1705 2279
1707 2484
1707 1779
1708 2182
1709 1754
1710 2276
1712 1867
1713 1758
1714 2131
1715 2326
1717 1781
1719 1740
1720 2054
1720 2202
1720 2404
1721 2239
1721 2000
1723 2160
1724 1957
1725 2454
1726 2326
1726 1991
1729 2392
1730 2207
1732 2495
1735 1788
1736 2208
1737 2095
1738 2114
1738 2221
1741 1908
1741 2240
1742 1866
1743 2470
1745 2335
1745 2480
1746 2011
1749 2321
1753 2119
1753 2121
1755 2486
1755 2243
1755 1921
1756 2162
1757 2393
1757 2079
1758 2248
1759 2000
1760 1801
1761 1961
1761 2119
1765 1854
1766 2317
1767 2474
1769 1948
1770 2436
1773 1999
1773 2058
1775 2056
1775 2335
1776 2112
1777 2447
1783 2154
1785 2207
1786 1873
1789 1905
1789 1889
1790 2362
1792 2498
1792 1891
1794 2402
1794 2238
1795 2145
1797 2076
1797 2271
1798 2215
1798 2102
1799 2328
1801 1886
1802 2395
1803 2233
1804 2067
1805 2475
1806 2026
1807 2292
1807 2380
1810 2098
1810 1999
1810 2455
1811 2244
1814 2422
1814 2391
1815 2031
1816 1973
1822 2143
1822 1950
1825 2453
1825 2236
1826 1872
1827 2323
1828 1902
1830 1952
1830 2245
1831 2255
1833 2470
1834 1931
1838 1951
1838 2129
1841 2375
1843 2164
1843 2365
1844 2144
1845 1966
1846 1976
1846 2169
1847 1903
1848 2098
1848 1849
1850 2444
1852 2454
1853 2108
1855 2332
1857 2104
1857 2192
1858 2492
1859 2062
1860 1997
1862 2194
1863 2178
1863 2156
1866 2016
1868 2198
1870 2299
1871 1897
1873 1982
1873 2254
1875 2117
1876 2437
1876 2199
1877 2225
1877 2221
1879 2233
1882 1920
1883 2475
1883 2319
1884 1945
1884 2143
1887 2356
1889 2159
1890 2168
1890 2421
1892 2188
1893 2033
1895 2001
1896 1994
1897 1908
1899 2199
1899 2103
1900 1996
1902 2201
1903 2464
1904 2220
1904 2090
1908 2479
1910 2258
1910 2354
1911 2330
1912 2477
1913 2463
1914 2257
1914 2299
1915 2427
1915 2288
1917 2497
1918 2368
1919 2216
1921 2190
1923 2315
1924 1971
1925 2293
1926 2161
1929 1933
1929 2345
1930 2329
1933 2413
1935 2282
1936 2315
1937 2378
1937 1959
1938 2357
1938 1985
1939 2369
1939 2091
1941 2343
1941 2049
1941 2491
1945 2312
1946 2054
1948 2256
1953 2235
1954 2201
1955 2442
1957 2070
1958 1985
1961 2258
1963 2063
1966 2100
1967 2479
1969 2195
1970 2034
1972 2153
1974 2269
1974 2197
1979 2405
1984 2459
1984 2020
1987 2388
1987 2158
1988 2187
1989 2334
1991 2483
1992 2274
1993 2386
1993 2465
1994 2355
1996 2325
1997 2045
2001 2362
2002 2430
2009 2419
2012 2494
2012 2069
2014 2238
2014 2473
2015 2125
2018 2075
2019 2451
2022 2039
2023 2306
2024 2077
2025 2125
2028 2392
2029 2289
2030 2044
2031 2172
2031 2124
2032 2434
2033 2297
2035 2467
2035 2390
2036 2164
2037 2256
2038 2058
2045 2415
2046 2059
2047 2123
2047 2455
2048 2061
2051 2334
2051 2216
2055 2304
2055 2498
2066 2355
2067 2316
2068 2317
2068 2260
2069 2417
2073 2275
2076 2134
2077 2250
2078 2336
2080 2097
2080 2309
2081 2300
2085 2265
2088 2458
2089 2132
2091 2121
2095 2380
2097 2467
2098 2151
2099 2348
2104 2131
2105 2133
2106 2425
2107 2130
2107 2346
2116 2241
2117 2223
2117 2149
2118 2274
2119 2170
2120 2397
2120 2387
2122 2164
2124 2212
2127 2471
2132 2167
2133 2444
2134 2487
2135 2174
2137 2480
2139 2178
2139 2147
2149 2321
2150 2470
2153 2214
2161 2434
2168 2366
2168 2370
2170 2180
2172 2313
2172 2453
2176 2246
2177 2267
2178 2403
2180 2257
2181 2488
2183 2286
2184 2244
2188 2324
2193 2351
2208 2418
2209 2308
2210 2286
2212 2245
2213 2224
2218 2376
2219 2281
2225 2401
2227 2412
2237 2478
2248 2457
2258 2419
2259 2441
2260 2439
2263 2303
2264 2306
2266 2432
2267 2398
2271 2302
2273 2313
2274 2307
2275 2424
2278 2406
2280 2439
2283 2425
2287 2478
2290 2393
2292 2333
2296 2387
2309 2399
2318 2499
2319 2328
2325 2382
2330 2402
2339 2443
2342 2430
2345 2386
2347 2440
2347 2384
2349 2449
2351 2406
2364 2462
2365 2445
2368 2382
2370 2416
2376 2468
2385 2424
2395 2461
2396 2494
2401 2466
2408 2412
2408 2490
2417 2476
2435 2440
2437 2451
2489 2493
