0 368
0 8
0 136
1 740
1 180
1 575
2 310
2 728
2 145
3 753
3 483
3 734
4 452
4 532
4 643
5 445
5 675
5 400
6 767
6 622
6 63
7 11
7 770
7 552
8 365
8 476
9 726
9 119
9 504
10 607
10 596
10 460
11 720
11 329
12 262
12 323
12 390
13 343
13 791
13 614
14 344
14 537
14 211
15 600
15 65
15 613
16 230
16 28
16 126
17 257
17 455
17 412
18 345
18 20
18 117
19 489
19 422
19 563
20 563
20 362
21 506
21 616
21 349
22 335
22 235
22 621
23 159
23 758
23 151
24 473
24 617
24 612
25 203
25 620
25 736
26 667
26 207
26 744
27 608
27 301
27 699
28 89
28 207
29 694
29 149
29 624
30 552
30 262
30 704
31 211
31 66
31 586
32 204
32 798
32 154
33 256
33 790
33 408
34 378
34 63
34 584
35 604
35 686
35 640
36 223
36 300
36 500
37 231
37 351
37 260
38 743
38 572
38 528
39 728
39 663
39 555
40 436
40 263
40 303
41 139
41 64
41 248
42 267
42 648
42 69
43 275
43 414
43 391
44 302
44 629
44 722
45 104
45 52
45 633
46 532
46 331
46 387
47 80
47 638
47 362
48 384
48 721
48 536
49 667
49 574
49 56
50 65
50 585
50 681
51 466
51 344
51 259
52 763
52 518
53 210
53 250
53 450
54 700
54 337
54 80
55 299
55 603
55 466
56 655
56 222
57 116
57 557
57 742
58 344
58 160
58 123
59 644
59 560
59 371
60 244
60 271
60 307
61 481
61 117
61 725
62 297
62 127
62 255
63 130
64 643
64 325
65 140
66 521
66 682
67 797
67 233
67 623
68 161
68 674
68 247
69 746
69 671
70 380
70 665
70 334
71 140
71 449
71 555
72 280
72 494
72 578
73 720
73 315
73 444
74 126
74 378
74 602
75 597
75 585
75 580
76 770
76 683
76 777
77 135
77 590
77 141
78 298
78 563
78 334
79 131
79 646
79 230
80 276
81 626
81 447
81 410
82 190
82 780
82 475
83 439
83 477
83 188
84 251
84 492
84 747
85 279
85 157
85 510
86 93
86 178
86 106
87 247
87 121
87 383
88 457
88 256
88 170
89 169
89 506
90 148
90 444
90 577
91 799
91 501
91 711
92 189
92 458
92 767
93 446
93 760
94 121
94 143
94 696
95 363
95 174
95 792
96 553
96 579
96 392
97 336
97 181
97 213
98 576
98 751
98 601
99 511
99 701
99 570
100 252
100 750
100 192
101 227
101 492
101 718
102 666
102 302
102 333
103 235
103 216
103 125
104 577
104 607
105 340
105 703
105 637
106 165
106 591
107 111
107 588
107 495
108 447
108 370
108 224
109 776
109 714
109 152
110 220
110 610
110 268
111 513
111 666
112 219
112 582
112 454
113 273
113 553
113 363
114 655
114 129
114 779
115 192
115 228
115 759
116 168
116 595
117 450
118 516
118 706
118 797
119 476
119 320
120 383
120 481
120 583
121 567
122 359
122 190
122 161
123 749
123 781
124 321
124 702
124 656
125 520
125 226
126 625
127 658
127 639
128 226
128 407
128 773
129 654
129 324
130 510
130 457
131 424
131 493
132 530
132 174
132 677
133 221
133 514
133 405
134 727
134 149
134 362
135 554
135 738
136 705
136 523
137 233
137 166
137 662
138 581
138 279
138 782
139 771
139 482
140 651
141 184
141 291
142 679
142 665
142 493
143 578
143 690
144 585
144 202
144 657
145 775
145 324
146 171
146 290
146 164
147 766
147 281
147 541
148 303
148 206
149 175
150 173
150 445
150 272
151 168
151 167
152 247
152 215
153 311
153 590
153 755
154 466
154 436
155 418
155 188
155 731
156 239
156 701
156 793
157 480
157 317
158 762
158 748
158 619
159 680
159 286
160 210
160 312
161 776
162 305
162 361
162 481
163 464
163 258
163 428
164 786
164 269
165 346
165 467
166 497
166 416
167 183
167 295
168 523
169 716
169 504
170 536
170 291
171 364
171 256
172 659
172 483
172 420
173 796
173 246
174 672
175 370
175 379
176 732
176 537
176 757
177 350
177 591
177 689
178 179
178 677
179 183
179 330
180 380
180 472
181 661
181 494
182 429
182 406
182 730
183 398
184 741
184 794
185 278
185 710
185 717
186 373
186 660
186 217
187 478
187 542
187 731
188 499
189 692
189 478
190 782
191 601
191 544
191 420
192 480
193 793
193 355
193 298
194 759
194 215
194 533
195 545
195 297
195 627
196 290
196 321
196 559
197 367
197 437
197 687
198 313
198 374
198 366
199 716
199 409
199 784
200 270
200 703
200 593
201 435
201 393
201 749
202 660
202 790
203 448
203 605
204 771
204 339
205 527
205 504
205 384
206 756
206 763
207 717
208 606
208 226
208 542
209 780
209 663
209 437
210 281
211 372
212 538
212 407
212 293
213 637
213 467
214 284
214 721
214 761
215 710
216 310
216 249
217 768
217 618
218 674
218 456
218 684
219 701
219 264
220 364
220 620
221 334
221 692
222 606
222 446
223 737
223 735
224 789
224 644
225 642
225 798
225 528
227 311
227 774
228 487
228 433
229 753
229 757
229 429
230 421
231 312
231 460
232 747
232 742
232 709
233 549
234 693
234 519
234 439
235 664
236 695
236 306
236 649
237 366
237 522
237 786
238 530
238 359
238 557
239 671
239 554
240 470
240 592
240 554
241 754
241 794
241 496
242 471
242 694
242 613
243 795
243 654
243 778
244 280
244 469
245 306
245 385
245 737
246 614
246 403
248 655
248 393
249 715
249 388
250 264
250 283
251 503
251 288
252 792
252 396
253 491
253 486
253 443
254 567
254 552
254 547
255 531
255 441
257 354
257 622
258 776
258 778
259 669
259 685
260 406
260 405
261 653
261 482
261 320
262 549
263 747
263 611
264 414
265 735
265 329
265 765
266 332
266 571
266 529
267 599
267 328
268 396
268 463
269 487
269 427
270 740
270 691
271 465
271 650
272 392
272 312
273 412
273 650
274 355
274 657
274 636
275 534
275 681
276 699
276 697
277 350
277 592
277 359
278 525
278 651
279 351
280 536
281 483
282 615
282 357
282 455
283 614
283 758
284 535
284 702
285 657
285 627
285 686
286 611
286 507
287 540
287 789
287 733
288 589
288 454
289 299
289 442
289 517
290 710
291 368
292 661
292 702
292 369
293 750
293 605
294 413
294 696
294 633
295 508
295 617
296 708
296 703
296 609
297 361
298 548
299 670
300 357
300 451
301 410
301 544
302 394
303 560
304 326
304 530
304 354
305 451
305 781
306 549
307 577
307 381
308 627
308 571
308 631
309 390
309 329
309 575
310 570
311 591
313 599
313 434
314 458
314 569
314 452
315 438
315 348
316 579
316 489
316 578
317 437
317 741
318 477
318 588
318 522
319 581
319 798
319 379
320 566
321 403
322 623
322 668
322 546
323 781
323 622
324 360
325 541
325 736
326 394
326 667
327 704
327 698
327 410
328 645
328 775
330 526
330 426
331 335
331 626
332 615
332 544
333 424
333 643
335 388
336 711
336 557
337 420
337 531
338 734
338 689
338 792
339 358
339 785
340 600
340 618
341 473
341 673
341 718
342 500
342 463
342 687
343 356
343 568
345 688
345 697
346 619
346 434
347 769
347 675
347 670
348 754
348 540
349 679
349 464
350 516
351 561
352 785
352 630
352 755
353 727
353 431
353 678
354 440
355 618
356 562
356 507
357 476
358 759
358 365
360 780
360 491
361 717
363 562
364 427
365 611
366 403
367 384
367 452
368 401
369 665
369 512
370 498
371 520
371 430
372 509
372 543
373 401
373 558
374 725
374 727
375 672
375 784
375 405
376 445
376 785
376 489
377 762
377 474
377 788
378 778
379 423
380 726
381 558
381 616
382 556
382 648
382 713
383 467
385 461
385 499
386 425
386 402
386 498
387 430
387 699
388 471
389 602
389 461
389 423
390 598
391 641
391 613
392 435
393 640
394 787
395 678
395 513
395 713
396 606
397 593
397 573
397 758
398 755
398 429
399 404
399 511
399 676
400 463
400 543
401 658
402 424
402 515
404 598
404 648
406 708
407 645
408 431
408 661
409 799
409 465
411 761
411 635
411 565
412 708
413 430
413 628
414 599
415 786
415 673
415 732
416 569
416 490
417 784
417 746
417 707
418 432
418 421
419 433
419 692
419 628
421 524
422 560
422 653
423 709
425 671
425 455
426 693
426 797
427 468
428 472
428 681
431 715
432 783
432 777
433 538
434 766
435 479
436 791
438 464
438 691
439 674
440 670
440 635
441 547
441 509
442 636
442 723
443 672
443 634
444 763
446 556
447 760
448 587
448 539
449 796
449 576
450 592
451 636
453 748
453 499
453 526
454 719
456 567
456 550
457 553
458 460
459 507
459 743
459 574
461 546
462 783
462 543
462 607
465 644
468 584
468 685
469 551
469 745
470 788
470 767
471 479
472 551
473 539
474 770
474 593
475 505
475 723
477 685
478 664
479 501
480 539
482 799
484 691
484 700
484 720
485 794
485 715
485 700
486 774
486 641
487 576
488 694
488 662
488 509
490 752
490 750
491 497
492 629
493 634
494 638
495 793
495 642
496 729
496 652
497 753
498 669
500 522
501 760
502 712
502 571
502 579
503 769
503 580
505 706
505 646
506 628
508 642
508 795
510 764
511 718
512 757
512 651
513 689
514 724
514 517
515 596
515 573
516 705
517 745
518 594
518 565
519 548
519 650
520 684
521 790
521 612
523 756
524 582
524 698
525 570
525 564
526 646
527 729
527 752
528 709
529 581
529 714
531 791
532 558
533 764
533 603
534 676
534 624
535 540
535 630
537 587
538 680
541 608
542 638
545 659
545 751
546 652
547 690
548 550
550 663
551 796
555 761
556 605
559 765
559 598
561 633
561 619
562 652
564 630
564 639
565 788
566 654
566 609
568 782
568 779
569 695
572 716
572 711
573 724
574 704
575 705
580 783
582 777
583 649
583 712
584 664
586 658
586 662
587 730
588 621
589 615
589 698
590 688
594 722
594 679
595 744
595 686
596 601
597 744
597 645
600 774
602 713
603 604
604 625
608 765
609 733
610 656
610 764
612 639
616 726
617 754
620 740
621 728
623 682
624 634
625 647
626 668
629 719
631 775
631 751
632 695
632 712
632 772
635 737
637 697
640 707
641 647
647 668
649 768
653 707
656 660
659 795
666 749
669 739
673 675
676 738
677 690
678 739
680 722
682 772
683 769
683 773
684 687
688 738
693 787
696 724
706 739
714 752
719 723
721 762
725 735
729 743
730 746
731 772
732 741
733 787
734 756
736 768
742 779
745 771
748 789
766 773
