0 292
0 805
0 376
1 1425
1 1023
1 1222
2 1122
2 345
2 181
3 1196
3 1153
3 1182
4 526
4 1078
4 1176
5 97
5 1433
5 944
6 943
6 120
6 917
7 1094
7 921
7 1364
8 322
8 1403
8 1001
9 1384
9 480
9 895
10 1471
10 1022
10 494
11 900
11 904
11 1024
12 1202
12 1336
12 1012
13 107
13 702
13 628
14 1204
14 1415
14 1154
15 1072
15 604
15 1014
16 199
16 1160
16 169
17 1243
17 1137
17 49
18 437
18 840
18 35
19 760
19 207
19 1090
20 262
20 594
20 465
21 1025
21 466
21 471
22 428
22 474
22 1348
23 893
23 1259
23 1273
24 1134
24 1437
24 1417
25 192
25 1361
25 1477
26 683
26 523
26 64
27 850
27 213
27 1394
28 646
28 1417
28 854
29 578
29 149
29 1274
30 140
30 1033
30 1498
31 465
31 118
31 1169
32 212
32 899
32 1393
33 1428
33 1273
33 405
34 38
34 1210
34 783
35 1329
35 211
36 44
36 969
36 1026
37 603
37 1188
37 442
38 985
38 140
39 707
39 1227
39 1318
40 331
40 455
40 878
41 376
41 70
41 1295
42 633
42 1110
42 562
43 379
43 271
43 1009
44 104
44 1023
45 1006
45 1483
45 452
46 997
46 1108
46 1189
47 1098
47 1493
47 1419
48 168
48 554
48 334
49 959
49 731
50 1497
50 827
50 675
51 564
51 1465
51 66
52 1098
52 693
52 887
53 843
53 747
53 64
54 595
54 422
54 217
55 1321
55 1167
55 915
56 419
56 126
56 1407
57 92
57 1241
57 647
58 163
58 920
58 1030
59 1008
59 445
59 923
60 1071
60 181
60 1077
61 210
61 883
61 860
62 829
62 231
62 144
63 921
63 1407
63 1333
64 577
65 963
65 1106
65 700
66 1085
66 124
67 792
67 222
67 190
68 1483
68 1171
68 1306
69 276
69 166
69 763
70 1340
70 1130
71 904
71 598
71 1175
72 177
72 796
72 488
73 684
73 598
73 582
74 438
74 1222
74 78
75 600
75 286
75 1323
76 1147
76 1236
76 1029
77 1288
77 1095
77 1297
78 1053
78 1297
79 710
79 869
79 99
80 1308
80 1278
80 1325
81 752
81 766
81 761
82 1288
82 397
82 871
83 1221
83 1144
83 244
84 512
84 555
84 456
85 1362
85 287
85 1371
86 1489
86 232
86 224
87 1144
87 1080
87 1392
88 716
88 1361
88 1272
89 1061
89 1391
89 1207
90 1313
90 655
90 262
91 1188
91 1491
91 302
92 585
92 378
93 1036
93 292
93 868
94 1337
94 1050
94 845
95 1261
95 240
95 781
96 583
96 103
96 946
97 746
97 794
98 474
98 1382
98 168
99 485
99 918
100 171
100 538
100 1137
101 1286
101 517
101 1327
102 1155
102 595
102 345
103 1406
103 607
104 1112
104 172
105 1342
105 1421
105 158
106 485
106 492
106 153
107 1066
107 943
108 398
108 1031
108 1093
109 303
109 1356
109 1247
110 1168
110 915
110 158
111 301
111 935
111 175
112 1320
112 668
112 498
113 739
113 486
113 940
114 1133
114 1443
114 1301
115 1275
115 1486
115 559
116 808
116 774
116 1447
117 989
117 1156
117 1436
118 597
118 435
119 238
119 1288
119 881
120 347
120 1275
121 825
121 628
121 852
122 1096
122 952
122 1257
123 451
123 1066
123 336
124 1379
124 1093
125 906
125 844
125 886
126 861
126 406
127 1206
127 1463
127 1083
128 1416
128 814
128 1079
129 157
129 1061
129 1287
130 988
130 1333
130 1059
131 729
131 536
131 1377
132 1087
132 1332
132 136
133 291
133 520
133 368
134 870
134 202
134 1296
135 146
135 1271
135 1450
136 264
136 715
137 253
137 730
137 1246
138 1177
138 495
138 842
139 1249
139 339
139 583
140 1125
141 1385
141 186
141 567
142 159
142 426
142 637
143 1426
143 622
143 337
144 1220
144 1366
145 629
145 545
145 390
146 1365
146 1370
147 651
147 752
147 1475
148 622
148 1494
148 616
149 1163
149 551
150 616
150 209
150 1080
151 1346
151 1382
151 930
152 518
152 675
152 984
153 448
153 1021
154 421
154 1029
154 744
155 430
155 1048
155 1020
156 606
156 499
156 318
157 833
157 990
158 872
159 1005
159 1120
160 987
160 568
160 1114
161 979
161 1124
161 816
162 246
162 824
162 617
163 702
163 1012
164 1368
164 916
164 1446
165 351
165 251
165 1450
166 1326
166 1074
167 701
167 1201
167 1145
168 909
169 341
169 1294
170 816
170 541
170 1287
171 1051
171 359
172 561
172 1110
173 681
173 730
173 744
174 880
174 286
174 536
175 1279
175 1496
176 291
176 581
176 1319
177 1007
177 1117
178 1260
178 719
178 837
179 656
179 446
179 380
180 1046
180 1236
180 267
181 1294
182 566
182 414
182 363
183 526
183 779
183 443
184 673
184 1149
184 447
185 1326
185 953
185 188
186 617
186 508
187 747
187 913
187 818
188 774
188 745
189 1433
189 776
189 382
190 538
190 866
191 1050
191 1282
191 1131
192 214
192 547
193 919
193 335
193 734
194 310
194 1062
194 833
195 1086
195 459
195 812
196 248
196 1441
196 440
197 1428
197 822
197 806
198 293
198 691
198 1414
199 498
199 452
200 370
200 1474
200 697
201 1430
201 1172
201 1482
202 487
202 215
203 375
203 787
203 1317
204 527
204 451
204 473
205 953
205 800
205 925
206 1181
206 1040
206 1039
207 663
207 476
208 416
208 1443
208 1333
209 1151
209 835
210 294
210 244
211 904
211 1056
212 652
212 1479
213 1364
213 522
214 887
214 419
215 1499
215 551
216 855
216 1373
216 276
217 660
217 1181
218 1076
218 478
218 666
219 1352
219 1237
219 258
220 1438
220 1283
220 304
221 441
221 1038
221 611
222 484
222 348
223 1421
223 672
223 996
224 1296
224 1069
225 797
225 931
225 1376
226 1253
226 634
226 926
227 1005
227 245
227 653
228 367
228 977
228 1035
229 936
229 496
229 512
230 259
230 490
230 339
231 1358
231 1054
232 1402
232 399
233 333
233 956
233 409
234 681
234 1128
234 388
235 608
235 1138
235 1471
236 268
236 590
236 945
237 751
237 1440
237 887
238 244
238 808
239 1423
239 1305
239 557
240 1199
240 876
241 1489
241 326
241 1059
242 871
242 1149
242 457
243 677
243 1249
243 1264
245 998
245 1212
246 1253
246 1066
247 577
247 544
247 1492
248 823
248 783
249 1266
249 1192
249 1128
250 980
250 718
250 776
251 308
251 1095
252 434
252 483
252 971
253 527
253 524
254 1463
254 1345
254 900
255 864
255 579
255 625
256 1386
256 718
256 1275
257 1224
257 400
257 1406
258 321
258 451
259 320
259 1163
260 1447
260 1097
260 308
261 438
261 450
261 871
262 868
263 777
263 811
263 626
264 894
264 1141
265 373
265 1005
265 1413
266 1020
266 296
266 431
267 461
267 1132
268 1056
268 1030
269 1467
269 972
269 767
270 1201
270 640
270 350
271 1055
271 754
272 1304
272 1263
272 1231
273 1298
273 1487
273 890
274 1358
274 316
274 1232
275 1313
275 1462
275 497
276 1469
277 339
277 1123
277 961
278 605
278 322
278 347
279 908
279 353
279 1083
280 418
280 653
280 1091
281 955
281 879
281 283
282 457
282 1175
282 1429
283 688
283 930
284 1378
284 671
284 648
285 1426
285 558
285 726
286 1101
287 1230
287 712
288 1284
288 1419
288 1200
289 1242
289 1106
289 732
290 1212
290 1324
290 1016
291 516
292 724
293 592
293 834
294 1354
294 772
295 898
295 1366
295 805
296 981
296 1015
297 329
297 1312
297 731
298 690
298 493
298 1423
299 402
299 591
299 335
300 1465
300 773
300 448
301 877
301 1373
302 720
302 810
303 1046
303 765
304 497
304 1020
305 309
305 613
305 988
306 520
306 1183
306 1185
307 847
307 594
307 484
308 1054
309 1024
309 1415
310 325
310 394
311 532
311 402
311 804
312 335
312 1053
312 1123
313 524
313 759
313 1280
314 878
314 1228
314 1408
315 1221
315 625
315 660
316 1122
316 861
317 513
317 1063
317 1494
318 1417
318 1478
319 411
319 1280
319 733
320 1427
320 1062
321 979
321 1367
322 1170
323 723
323 474
323 911
324 1069
324 1156
324 1279
325 530
325 639
326 905
326 1160
327 1094
327 406
327 1331
328 1267
328 1470
328 1252
329 1477
329 848
330 675
330 693
330 1105
331 736
331 505
332 422
332 1045
332 355
333 1112
333 535
334 539
334 986
336 572
336 714
337 400
337 733
338 1205
338 854
338 1022
340 962
340 1339
340 1401
341 1293
341 1079
342 1034
342 978
342 1232
343 1196
343 757
343 504
344 1429
344 712
344 1420
345 1424
346 1251
346 648
346 563
347 987
348 1262
348 609
349 892
349 1216
349 764
350 495
350 742
351 798
351 1196
352 927
352 669
352 713
353 1234
353 1410
354 625
354 582
354 882
355 439
355 779
356 1247
356 1082
356 1097
357 1039
357 732
357 745
358 1180
358 868
358 1003
359 943
359 902
360 1204
360 437
360 1438
361 735
361 789
361 738
362 1153
362 1298
362 1036
363 1028
363 478
364 385
364 1115
364 663
365 1305
365 1290
365 413
366 655
366 737
366 676
367 938
367 742
368 1377
368 1025
369 471
369 649
369 446
370 1122
370 844
371 1446
371 621
371 748
372 431
372 1348
372 966
373 1283
373 623
374 704
374 913
374 493
375 793
375 1265
376 456
377 398
377 1441
377 746
378 1485
378 1300
379 1453
379 1140
380 1311
380 903
381 1373
381 386
381 1135
382 1205
382 957
383 506
383 770
383 984
384 1386
384 924
384 1378
385 1445
385 581
386 1244
386 1345
387 1042
387 396
387 1455
388 562
388 1309
389 511
389 1404
389 771
390 1418
390 1355
391 1194
391 1174
391 1398
392 970
392 657
392 921
393 724
393 761
393 486
394 530
394 715
395 1394
395 1002
395 739
396 1472
396 815
397 1299
397 1018
398 891
399 476
399 665
400 1424
401 517
401 1090
401 872
402 987
403 1067
403 620
403 897
404 1259
404 1315
404 437
405 1302
405 599
406 828
407 1150
407 748
407 947
408 1235
408 881
408 521
409 624
409 1383
410 789
410 755
410 574
411 620
411 1443
412 1349
412 694
412 552
413 1088
413 1331
414 1478
414 1435
415 748
415 420
415 1115
416 935
416 885
417 646
417 1045
417 1246
418 1360
418 756
419 790
420 1258
420 680
421 591
421 1268
422 917
423 709
423 1375
423 1068
424 1225
424 838
424 1044
425 599
425 1230
425 1111
426 1464
426 664
427 1071
427 1436
427 1460
428 799
428 1343
429 643
429 1459
429 670
430 1395
430 1210
431 580
432 1314
432 435
432 1191
433 462
433 811
433 1350
434 467
434 834
435 995
436 1466
436 1006
436 1363
438 1065
439 730
439 1194
440 1403
440 1068
441 695
441 1176
442 875
442 771
443 1063
443 988
444 948
444 1337
444 513
445 556
445 1418
446 1363
447 828
447 766
448 449
449 989
449 1496
450 1435
450 754
452 1464
453 1458
453 1415
453 569
454 821
454 823
454 761
455 974
455 1153
456 514
457 528
458 1092
458 571
458 1045
459 1030
459 1401
460 942
460 661
460 1223
461 1451
461 750
462 999
462 693
463 590
463 517
463 1167
464 1223
464 863
464 922
465 717
466 1016
466 1406
467 1359
467 1208
468 1372
468 978
468 794
469 782
469 639
469 796
470 1328
470 740
470 1482
471 1453
472 982
472 926
472 1251
473 1312
473 1213
475 678
475 857
475 1177
476 553
477 1319
477 1177
477 1134
478 601
479 500
479 615
479 1381
480 989
480 875
481 1263
481 857
481 870
482 785
482 985
482 697
483 705
483 1207
484 1141
485 1180
486 644
487 1121
487 870
488 1326
488 589
489 670
489 1435
489 1078
490 1293
490 1255
491 1136
491 1255
491 1244
492 1347
492 1442
493 855
494 1386
494 521
495 900
496 1036
496 1378
497 1194
498 817
499 1032
499 1150
500 1164
500 734
501 1412
501 1335
501 1140
502 901
502 997
502 565
503 1328
503 934
503 1317
504 949
504 1063
505 531
505 1269
506 1434
506 1466
507 1479
507 889
507 1252
508 665
508 1495
509 986
509 1372
509 573
510 1224
510 928
510 1351
511 818
511 566
512 851
513 1261
514 1342
514 1048
515 802
515 1456
515 847
516 1476
516 1306
518 1072
518 1320
519 1351
519 1497
519 1192
520 1452
521 839
522 850
522 826
523 1166
523 1047
524 1336
525 1183
525 998
525 572
526 720
527 1070
528 1276
528 965
529 886
529 1042
529 865
530 1099
531 1185
531 1033
532 1219
532 593
533 858
533 630
533 719
534 658
534 571
534 1191
535 611
535 914
536 907
537 1124
537 1173
537 546
538 578
539 1034
539 1400
540 1350
540 1240
540 1164
541 1265
541 1310
542 1469
542 546
542 1018
543 646
543 1011
543 990
544 1131
544 1409
545 789
545 970
546 841
547 782
547 1325
548 1494
548 812
548 923
549 1133
549 1037
549 1008
550 1119
550 1242
550 1179
551 1287
552 1076
552 597
553 1346
553 1229
554 1057
554 1126
555 1178
555 820
556 1075
556 793
557 1089
557 1136
558 1395
558 604
559 1120
559 738
560 769
560 1033
560 673
561 1444
561 1221
562 1420
563 1485
563 1473
564 635
564 784
565 1190
565 1116
566 1451
567 1121
567 917
568 897
568 714
569 662
569 685
570 1104
570 960
570 661
571 601
572 778
573 1195
573 1340
574 1498
574 1327
575 939
575 699
575 948
576 1187
576 704
576 949
577 818
578 747
579 1490
579 664
580 1263
580 996
581 1041
582 786
583 1019
584 1073
584 1438
584 1375
585 905
585 1495
586 1148
586 1261
586 1252
587 658
587 1430
587 1209
588 930
588 1316
588 1459
589 1015
589 1449
590 1432
591 937
592 931
592 1475
593 819
593 1231
594 1388
595 836
596 1001
596 1468
596 677
597 914
598 912
599 1320
600 1256
600 1148
601 912
602 683
602 721
602 1220
603 972
603 964
604 880
605 640
605 1077
606 1343
606 738
607 899
607 1285
608 1337
608 1460
609 1174
609 1154
610 922
610 1291
610 708
611 660
612 1317
612 749
612 1380
613 684
613 743
614 680
614 1039
614 1316
615 638
615 1223
616 1203
617 1411
618 1398
618 872
618 679
619 713
619 716
619 936
620 1010
621 1395
621 1046
622 720
623 1476
623 831
624 1356
624 1184
626 1218
626 1169
627 1176
627 731
627 831
628 992
629 1450
629 1117
630 1034
630 755
631 811
631 980
631 1302
632 1088
632 1398
632 1306
633 1146
633 709
634 1162
634 1152
635 807
635 1110
636 1407
636 1267
636 829
637 1270
637 1118
638 778
638 1155
639 1488
640 740
641 1492
641 1255
641 1334
642 746
642 1157
642 696
643 1162
643 1124
644 1260
644 1322
645 1349
645 831
645 911
647 867
647 958
648 1237
649 1056
649 1359
650 1065
650 1431
650 717
651 1058
651 817
652 836
652 1425
653 998
654 1449
654 723
654 1410
655 882
656 950
656 1259
657 1169
657 1220
658 676
659 1350
659 800
659 1355
661 1392
662 1041
662 1367
663 1461
664 1186
665 1254
666 1323
666 754
667 960
667 1225
667 753
668 1484
668 910
669 814
669 1472
670 737
671 1250
671 1285
672 968
672 1455
673 1282
674 1340
674 1079
674 682
676 685
677 1408
678 1000
678 1278
679 1479
679 1226
680 1143
681 827
682 1446
682 1014
683 1047
684 933
685 1172
686 1043
686 889
686 890
687 758
687 1292
687 857
688 927
688 764
689 874
689 1129
689 1332
690 1171
690 907
691 1496
691 1452
692 938
692 1040
692 1387
694 1144
694 1035
695 698
695 1328
696 1146
696 1291
697 838
698 771
698 898
699 911
699 708
700 718
700 1202
701 828
701 1138
702 923
703 908
703 843
703 956
704 1135
705 775
705 992
706 858
706 968
706 707
707 1114
708 1448
709 790
710 1400
710 942
711 1185
711 965
711 946
712 1318
713 1218
714 1212
715 1457
716 1334
717 1245
719 984
721 916
721 966
722 1447
722 1031
722 1075
723 975
724 830
725 757
725 902
725 947
726 1052
726 1157
727 1374
727 863
727 1260
728 951
728 1139
728 1089
729 993
729 1391
732 1206
733 941
734 773
735 1011
735 1461
736 1070
736 1488
737 1239
739 1141
740 1083
741 817
741 1289
741 1270
742 1280
743 966
743 1310
744 1199
745 1427
749 1197
749 1178
750 1465
750 1060
751 1478
751 1241
752 786
753 833
753 1421
755 1037
756 940
756 1318
757 1032
758 973
758 1375
759 951
759 1397
760 1225
760 885
762 892
762 1103
762 766
763 1339
763 1205
764 1362
765 1256
765 1193
767 925
767 846
768 1349
768 1109
768 856
769 1324
769 778
770 1440
770 780
772 1027
772 1346
773 956
774 1387
775 1116
775 1390
776 1264
777 1116
777 1237
779 1448
780 1049
780 884
781 1334
781 1391
782 1372
783 1092
784 936
784 1289
785 1442
785 1163
786 1219
787 1254
787 1380
788 822
788 1442
788 1414
790 995
791 1244
791 1422
791 973
792 1338
792 1218
793 1168
794 916
795 1254
795 1281
795 820
796 1155
797 1135
797 1102
798 1081
798 886
799 1468
799 1060
800 1209
801 1231
801 1213
801 1411
802 1390
802 1399
803 1356
803 1475
803 1166
804 1488
804 1239
805 809
806 862
806 1423
807 1191
807 895
808 1404
809 1048
809 1414
810 1019
810 1344
812 1170
813 1158
813 1235
813 896
814 1170
815 1111
815 1405
816 1098
819 935
819 1389
820 1281
821 1126
821 1272
822 1090
823 894
824 1371
824 1319
825 844
825 1380
826 1285
826 1009
827 1214
829 874
830 1158
830 1139
832 1312
832 1468
832 864
834 1361
835 1359
835 873
836 1051
837 1344
837 950
838 1159
839 1222
839 1277
840 1195
840 879
841 893
841 1102
842 880
842 1269
843 1365
845 1086
845 1376
846 994
846 1272
847 1143
848 1049
848 1471
849 1458
849 1147
849 1449
850 1257
851 1013
851 1424
852 986
852 1256
853 1323
853 1324
853 1182
854 1474
855 1458
856 1213
856 1284
858 1003
859 955
859 1432
859 876
860 1216
860 1100
861 1238
862 1335
862 1190
863 898
864 1358
865 924
865 1061
866 1431
866 975
867 875
867 1130
869 1293
869 901
873 1304
873 1321
874 1190
876 1067
877 1199
877 883
878 1164
879 1248
881 1467
882 1047
883 1175
884 1187
884 963
885 1441
888 1416
888 1461
888 1332
889 991
890 1341
891 1182
891 1101
892 903
893 1019
894 1037
895 1299
896 981
896 1301
897 962
899 1271
901 1171
902 1104
903 1381
905 909
906 1473
906 937
907 1439
908 1041
909 1004
910 1197
910 967
912 1316
913 1107
914 1463
915 1201
918 952
918 1482
919 1081
919 1297
920 1004
920 1303
922 1370
924 1058
925 1276
926 1404
927 1157
928 945
928 994
929 1469
929 974
929 1480
931 934
932 1132
932 1357
932 1203
933 953
933 1364
934 1228
937 1015
938 1200
939 1186
939 1308
940 1342
941 942
941 1091
944 1410
944 1284
945 1142
946 1013
947 1444
948 1422
949 1081
950 1118
951 1188
952 1095
954 1291
954 1425
954 1134
955 1277
957 1209
957 1145
958 1402
958 1127
959 1091
959 1018
960 1305
961 1434
961 1113
962 1377
963 1296
964 1025
964 1304
965 1419
967 1374
967 1354
968 1453
969 1073
969 1219
970 1142
971 1168
971 1165
972 1105
973 1156
974 1481
975 1136
976 1487
976 1179
976 1411
977 1151
977 1307
978 1393
979 1437
980 1107
981 1012
982 1186
982 1454
983 1430
983 1300
983 1439
985 1264
990 1360
991 1009
991 1295
992 1217
993 996
993 1184
994 1422
995 1270
997 1408
999 1149
999 1172
1000 1104
1000 1053
1001 1336
1002 1416
1002 1112
1003 1481
1004 1127
1006 1281
1007 1180
1007 1059
1008 1117
1010 1490
1010 1300
1011 1381
1013 1103
1014 1403
1016 1413
1017 1307
1017 1413
1017 1161
1021 1345
1021 1493
1022 1228
1023 1491
1024 1268
1026 1109
1026 1111
1027 1331
1027 1489
1028 1044
1028 1130
1029 1253
1031 1457
1032 1382
1035 1160
1038 1393
1038 1072
1040 1335
1042 1206
1043 1476
1043 1215
1044 1470
1049 1243
1050 1121
1051 1420
1052 1146
1052 1343
1054 1444
1055 1245
1055 1480
1057 1266
1057 1233
1058 1286
1060 1448
1062 1069
1064 1418
1064 1129
1064 1217
1065 1466
1067 1242
1068 1084
1070 1211
1071 1290
1073 1198
1074 1115
1074 1181
1075 1480
1076 1493
1077 1167
1078 1499
1080 1462
1082 1214
1082 1357
1084 1487
1084 1397
1085 1412
1085 1276
1086 1455
1087 1245
1087 1379
1088 1161
1089 1329
1092 1278
1093 1269
1094 1433
1096 1353
1096 1107
1097 1315
1099 1366
1099 1362
1100 1474
1100 1400
1101 1274
1102 1464
1103 1113
1105 1258
1106 1352
1108 1195
1108 1226
1109 1268
1113 1352
1114 1189
1118 1374
1119 1302
1119 1159
1120 1240
1123 1344
1125 1208
1125 1143
1126 1230
1127 1251
1128 1467
1129 1454
1131 1257
1132 1490
1133 1477
1137 1401
1138 1385
1139 1279
1140 1498
1142 1150
1145 1470
1147 1189
1148 1210
1151 1298
1152 1368
1152 1409
1154 1173
1158 1211
1159 1294
1161 1338
1162 1211
1165 1481
1165 1394
1166 1295
1173 1369
1174 1330
1178 1445
1179 1367
1183 1301
1184 1452
1187 1229
1192 1283
1193 1353
1193 1224
1197 1248
1198 1459
1198 1233
1200 1282
1202 1310
1203 1217
1204 1385
1207 1273
1208 1226
1214 1457
1215 1402
1215 1216
1227 1307
1227 1299
1229 1370
1232 1311
1233 1387
1234 1445
1234 1369
1235 1454
1236 1311
1238 1437
1238 1355
1239 1246
1240 1384
1241 1383
1243 1486
1247 1292
1248 1265
1249 1308
1250 1313
1250 1371
1258 1436
1262 1389
1262 1338
1266 1327
1267 1330
1271 1389
1274 1484
1277 1484
1286 1499
1289 1390
1290 1492
1292 1363
1303 1360
1303 1486
1309 1491
1309 1462
1314 1315
1314 1431
1321 1451
1322 1472
1322 1396
1325 1388
1329 1412
1330 1460
1339 1347
1341 1347
1341 1483
1348 1399
1351 1426
1353 1429
1354 1427
1357 1379
1365 1396
1368 1409
1369 1473
1376 1456
1383 1440
1384 1432
1388 1396
1392 1428
1397 1495
1399 1456
1405 1434
1405 1485
1439 1497
