0 1142
0 294
0 1154
1 433
1 468
1 160
2 802
2 75
2 1118
3 1163
3 1135
3 1072
4 197
4 973
4 1052
5 436
5 1023
5 530
6 636
6 939
6 170
7 868
7 847
7 352
8 1078
8 302
8 284
9 24
9 447
9 691
10 409
10 911
10 579
11 1116
11 356
11 309
12 514
12 460
12 153
13 179
13 1111
13 959
14 102
14 29
14 816
15 1160
15 416
15 64
16 1119
16 990
16 223
17 48
17 286
17 213
18 283
18 1156
18 254
19 138
19 859
19 673
20 45
20 819
20 788
21 615
21 430
21 255
22 109
22 475
22 347
23 509
23 73
23 292
24 527
24 740
25 533
25 561
25 100
26 472
26 799
26 592
27 440
27 55
27 754
28 773
28 46
28 359
29 586
29 711
30 579
30 692
30 429
31 999
31 967
31 705
32 392
32 225
32 879
33 1019
33 766
33 698
34 789
34 658
34 781
35 429
35 960
35 178
36 865
36 240
36 983
37 868
37 749
37 943
38 730
38 82
38 953
39 48
39 110
39 150
40 772
40 443
40 1064
41 394
41 628
41 579
42 587
42 427
42 716
43 695
43 1161
43 1031
44 250
44 766
44 384
45 52
45 310
46 619
46 967
47 289
47 622
47 259
48 981
49 937
49 916
49 421
50 358
50 206
50 121
51 853
51 119
51 306
52 467
52 1141
53 258
53 198
53 91
54 243
54 223
54 205
55 610
55 953
56 336
56 382
56 130
57 707
57 728
57 919
58 830
58 522
58 733
59 499
59 360
59 72
60 230
60 1191
60 123
61 824
61 661
61 1145
62 1041
62 1107
62 880
63 890
63 453
63 642
64 577
64 407
65 1020
65 253
65 694
66 613
66 688
66 124
67 1055
67 141
67 150
68 537
68 264
68 573
69 231
69 708
69 281
70 815
70 540
70 124
71 210
71 453
71 809
72 1193
72 566
73 595
73 965
74 355
74 611
74 439
75 508
75 469
76 957
76 720
76 1098
77 879
77 697
77 197
78 993
78 239
78 222
79 214
79 932
79 374
80 952
80 927
80 1093
81 103
81 443
81 568
82 613
82 204
83 621
83 238
83 170
84 621
84 1088
84 530
85 858
85 1136
85 743
86 1097
86 588
86 995
87 1013
87 709
87 1052
88 471
88 298
88 885
89 498
89 1008
89 502
90 992
90 311
90 862
91 936
91 775
92 699
92 911
92 305
93 196
93 173
93 1039
94 823
94 1134
94 938
95 770
95 616
95 818
96 894
96 154
96 987
97 811
97 1011
97 1004
98 1008
98 648
98 176
99 712
99 930
99 763
100 515
100 902
101 1088
101 1070
101 1037
102 1007
102 194
103 324
103 391
104 680
104 232
104 1184
105 1091
105 256
105 125
106 885
106 1076
106 592
107 1099
107 1158
107 550
108 378
108 747
108 274
109 706
109 954
110 341
110 1012
111 1094
111 561
111 541
112 665
112 637
112 990
113 909
113 152
113 683
114 840
114 358
114 272
115 1186
115 285
115 489
116 1024
116 413
116 920
117 1126
117 396
117 564
118 1004
118 663
118 784
119 1100
119 994
120 351
120 257
120 1075
121 637
121 534
122 172
122 803
122 269
123 661
123 963
124 746
125 334
125 625
126 531
126 964
126 867
127 445
127 408
127 154
128 166
128 1176
128 791
129 1129
129 812
129 650
130 215
130 783
131 494
131 673
131 221
132 939
132 875
132 721
133 700
133 1156
133 596
134 637
134 636
134 161
135 321
135 618
135 1107
136 832
136 1051
136 249
137 422
137 810
137 237
138 956
138 158
139 508
139 487
139 1032
140 782
140 1048
140 810
141 1178
141 267
142 779
142 625
142 185
143 219
143 996
143 1152
144 813
144 671
144 1134
145 187
145 391
145 794
146 362
146 411
146 1195
147 294
147 473
147 243
148 513
148 326
148 1081
149 856
149 428
149 980
150 200
151 978
151 1167
151 1103
152 769
152 1019
153 1037
153 962
154 199
155 517
155 343
155 1175
156 585
156 865
156 737
157 199
157 1046
157 1016
158 512
158 948
159 697
159 201
159 203
160 800
160 796
161 902
161 198
162 1159
162 1015
162 821
163 765
163 186
163 342
164 1017
164 212
164 652
165 1144
165 895
165 334
166 425
166 966
167 946
167 1188
167 252
168 1174
168 594
168 391
169 776
169 451
169 941
170 567
171 587
171 1028
171 669
172 899
172 780
173 660
173 774
174 949
174 1082
174 722
175 323
175 897
175 519
176 861
176 757
177 1060
177 908
177 689
178 549
178 564
179 331
179 421
180 842
180 590
180 1077
181 426
181 285
181 628
182 461
182 1114
182 302
183 187
183 905
183 574
184 286
184 1192
184 922
185 735
185 566
186 505
186 621
187 319
188 1065
188 1038
188 877
189 971
189 735
189 957
190 605
190 1081
190 1199
191 477
191 999
191 330
192 574
192 877
192 739
193 919
193 549
193 745
194 647
194 359
195 530
195 1120
195 285
196 289
196 501
197 848
198 670
199 759
200 801
200 1190
201 381
201 773
202 525
202 1090
202 1071
203 1015
203 575
204 618
204 633
205 1006
205 756
206 1080
206 907
207 891
207 462
207 779
208 301
208 281
208 604
209 1006
209 996
209 657
210 278
210 539
211 888
211 1020
211 542
212 420
212 1030
213 554
213 1189
214 381
214 474
215 1119
215 932
216 734
216 1168
216 917
217 871
217 277
217 965
218 1115
218 368
218 623
219 260
219 1033
220 1179
220 719
220 415
221 990
221 701
222 984
222 918
223 626
224 367
224 278
224 1137
225 244
225 972
226 233
226 421
226 1095
227 982
227 1018
227 1088
228 619
228 851
228 1056
229 511
229 817
229 630
230 868
230 670
231 325
231 1109
232 1166
232 764
233 1043
233 355
234 924
234 563
234 336
235 1130
235 900
235 438
236 429
236 253
236 487
237 1155
237 345
238 680
238 1184
239 377
239 666
240 1101
240 687
241 498
241 536
241 295
242 1173
242 1189
242 769
243 520
244 1185
244 606
245 442
245 855
245 844
246 698
246 392
246 1102
247 900
247 559
247 935
248 331
248 903
248 787
249 1001
249 554
250 1085
250 478
251 991
251 1157
251 438
252 515
252 301
253 827
254 805
254 749
255 662
255 1197
256 413
256 612
257 820
257 1001
258 748
258 363
259 1086
259 394
260 664
260 404
261 696
261 983
261 299
262 1132
262 1133
262 1168
263 701
263 789
263 849
264 659
264 1012
265 678
265 776
265 388
266 1174
266 369
266 350
267 658
267 302
268 681
268 272
268 279
269 1182
269 911
270 959
270 961
270 613
271 397
271 1172
271 293
272 685
273 644
273 590
273 799
274 1016
274 880
275 280
275 977
275 384
276 376
276 751
276 757
277 963
277 712
278 489
279 713
279 944
280 654
280 1091
281 320
282 481
282 834
282 725
283 1117
283 655
284 398
284 315
286 1192
287 846
287 414
287 1042
288 368
288 897
288 1053
289 526
290 319
290 311
290 412
291 841
291 779
291 747
292 585
292 689
293 799
293 380
294 903
295 1165
295 329
296 760
296 1127
296 344
297 854
297 912
297 639
298 627
298 323
299 942
299 1158
300 1192
300 1029
300 923
301 829
303 841
303 808
303 931
304 503
304 926
304 818
305 960
305 1062
306 970
306 648
307 777
307 713
307 462
308 948
308 1038
308 930
309 828
309 869
310 543
310 507
311 946
312 729
312 675
312 465
313 1106
313 458
313 937
314 807
314 950
314 1159
315 724
315 901
316 560
316 318
316 365
317 448
317 707
317 679
318 496
318 763
319 570
320 797
320 995
321 947
321 619
322 1080
322 614
322 934
323 368
324 831
324 470
325 563
325 585
326 476
326 1006
327 767
327 998
327 1046
328 860
328 464
328 601
329 356
329 594
330 501
330 420
331 492
332 863
332 1002
332 364
333 725
333 1034
333 475
334 604
335 438
335 630
335 852
336 1177
337 494
337 872
337 862
338 595
338 961
338 756
339 379
339 1085
339 593
340 434
340 933
340 873
341 641
341 1034
342 873
342 381
343 504
343 427
344 386
344 921
345 1171
345 1048
346 863
346 524
346 1074
347 1121
347 1045
348 832
348 663
348 423
349 389
349 843
349 774
350 473
350 1128
351 884
351 445
352 1101
352 752
353 440
353 1158
353 443
354 928
354 1182
354 599
355 737
356 800
357 562
357 601
357 1031
358 1083
359 684
360 739
360 1137
361 694
361 445
361 504
362 974
362 620
363 866
363 977
364 1076
364 817
365 667
365 1069
366 931
366 683
366 1016
367 630
367 753
369 571
369 548
370 373
370 844
370 800
371 607
371 787
371 1175
372 677
372 944
372 756
373 717
373 755
374 609
374 1143
375 629
375 828
375 962
376 614
376 1113
377 1067
377 783
378 1073
378 652
379 1176
379 456
380 1188
380 448
382 400
382 696
383 723
383 669
383 636
384 580
385 651
385 410
385 481
386 835
386 1073
387 393
387 706
387 566
388 610
388 577
389 645
389 656
390 752
390 875
390 980
392 822
393 573
393 1150
394 510
395 820
395 646
395 1064
396 1011
396 1072
397 998
397 1101
398 813
398 1050
399 512
399 425
399 805
400 645
400 1116
401 988
401 528
401 732
402 697
402 1092
402 898
403 406
403 1027
403 554
404 500
404 539
405 538
405 732
405 526
406 418
406 634
407 1107
407 446
408 885
408 1180
409 1019
409 913
410 1126
410 559
411 1170
411 1065
412 952
412 1022
413 1029
414 727
414 558
415 533
415 878
416 905
416 998
417 794
417 531
417 833
418 441
418 650
419 714
419 814
419 806
420 449
422 1150
422 1061
423 700
423 945
424 442
424 1040
424 611
425 1036
426 433
426 523
427 430
428 502
428 968
430 798
431 1121
431 1104
431 542
432 1183
432 1131
432 1148
433 897
434 986
434 589
435 803
435 707
435 741
436 1130
436 458
437 718
437 1068
437 600
439 718
439 1000
440 533
441 1138
441 480
442 839
444 892
444 717
444 1120
446 869
446 1191
447 845
447 1071
448 1021
449 1194
449 1121
450 1079
450 839
450 1081
451 525
451 632
452 495
452 1136
452 975
453 836
454 513
454 870
454 516
455 1056
455 660
455 751
456 603
456 638
457 807
457 1130
457 767
458 1164
459 940
459 1151
459 463
460 863
460 753
461 1043
461 989
462 976
463 920
463 793
464 1058
464 1170
465 723
465 836
466 935
466 1185
466 1108
467 1197
467 704
468 709
468 832
469 861
469 632
470 1122
470 906
471 608
471 1008
472 474
472 1086
473 853
474 571
475 694
476 1173
476 1155
477 906
477 611
478 857
478 805
479 867
479 662
479 750
480 843
480 648
481 913
482 1002
482 560
482 726
483 770
483 759
483 985
484 788
484 958
484 1049
485 688
485 1073
485 823
486 1111
486 548
486 1090
487 833
488 1185
488 1031
488 671
489 731
490 1096
490 690
490 815
491 1079
491 974
491 803
492 918
492 995
493 666
493 1075
493 1146
494 968
495 622
495 536
496 943
496 922
497 523
497 541
497 589
498 695
499 521
499 576
500 556
500 1183
501 531
502 963
503 687
503 1072
504 674
505 1061
505 918
506 927
506 729
506 1053
507 1040
507 602
508 927
509 588
509 664
510 1044
510 749
511 849
511 1027
512 784
513 555
514 1186
514 553
515 1025
516 670
516 1183
517 647
517 762
518 675
518 982
518 879
519 573
519 635
520 1166
520 959
521 984
521 593
522 1018
522 555
523 925
524 605
524 546
525 654
526 587
527 837
527 631
528 975
528 1094
529 535
529 731
529 1041
532 790
532 940
532 1018
534 590
534 691
535 1187
535 1108
536 1154
537 674
537 1084
538 851
538 790
539 1153
540 1131
540 1057
541 981
542 809
543 889
543 651
544 980
544 728
544 710
545 731
545 768
545 738
546 1149
546 802
547 826
547 1030
547 908
548 1182
549 1147
550 922
550 1154
551 663
551 1038
551 704
552 616
552 1123
552 1160
553 582
553 1105
555 878
556 893
556 1049
557 883
557 602
557 1179
558 752
558 859
559 759
560 604
561 720
562 900
562 916
563 960
564 1144
565 1005
565 567
565 688
567 838
568 964
568 1150
569 746
569 881
569 926
570 895
570 976
571 649
572 1061
572 1149
572 646
574 750
575 643
575 1023
576 956
576 1014
577 903
578 1040
578 824
578 823
580 684
580 949
581 645
581 608
581 819
582 1113
582 874
583 1169
583 1070
583 1004
584 1191
584 917
584 702
586 1187
586 1043
588 1146
589 615
591 719
591 742
591 1111
592 1066
593 949
594 723
595 812
596 978
596 1060
597 923
597 1143
597 951
598 1024
598 961
598 941
599 1091
599 882
600 1044
600 951
601 702
602 724
603 895
603 728
605 1132
606 785
606 932
607 1082
607 1075
608 1083
609 909
609 711
610 916
612 796
612 766
614 1138
615 921
616 782
617 1140
617 781
617 1115
618 631
620 1160
620 887
622 657
623 986
623 693
624 1036
624 765
624 1145
625 1053
626 1044
626 782
627 947
627 1124
628 705
629 1074
629 792
631 1069
632 825
633 898
633 816
634 729
634 933
635 854
635 1109
638 937
638 989
639 1085
639 943
640 894
640 1181
640 1194
641 714
641 956
642 777
642 1035
643 665
643 969
644 1051
644 1175
646 764
647 669
649 983
649 685
650 955
651 720
652 742
653 848
653 724
653 726
654 691
655 715
655 1159
656 1032
656 1148
657 1095
658 1087
659 882
659 1014
660 972
661 813
662 842
664 677
665 1035
666 683
667 671
667 1054
668 858
668 1126
668 730
672 761
672 985
672 883
673 761
674 1090
675 715
676 739
676 1105
676 770
677 698
678 1086
678 970
679 1162
679 811
680 1089
681 745
681 1147
682 936
682 1135
682 1195
684 1167
685 1034
686 785
686 981
686 788
687 1079
689 806
690 915
690 760
692 994
692 1196
693 928
693 831
695 1176
696 1162
699 734
699 1099
700 843
701 997
702 1077
703 872
703 1137
703 814
704 1187
705 988
706 721
708 899
708 1087
709 1110
710 1052
710 834
711 1059
712 881
713 1000
714 738
715 722
716 735
716 1002
717 1000
718 926
719 864
721 1131
722 940
725 785
726 1119
727 1198
727 1011
730 736
732 1116
733 923
733 908
734 1171
736 1013
736 778
737 798
738 925
740 915
740 985
741 919
741 1093
742 851
743 789
743 1005
744 974
744 1057
744 773
745 996
746 1166
747 861
748 945
748 1106
750 1066
751 893
753 891
754 962
754 1027
755 1039
755 1089
757 1017
758 933
758 1142
758 979
760 1123
761 947
762 944
762 1057
763 1070
764 870
765 854
767 844
768 1113
768 1193
769 1172
771 1055
771 792
771 869
772 857
772 1114
774 1173
775 830
775 1110
776 1133
777 929
778 1145
778 1046
780 836
780 1078
781 1117
783 1163
784 941
786 864
786 818
786 978
787 1189
790 795
791 1171
791 938
792 1195
793 1080
793 1071
794 1169
795 948
795 1059
796 979
797 881
797 1063
798 1028
801 882
801 811
802 904
804 814
804 889
804 1134
806 1143
807 1114
808 1098
808 1067
809 1009
810 1005
812 1025
815 827
816 1146
817 1076
819 1117
820 1058
821 864
821 1168
822 871
822 896
824 1033
825 850
825 827
826 1068
826 973
828 1060
829 1084
829 1123
830 934
831 945
833 910
834 886
835 1124
835 857
837 876
837 1021
838 1196
838 1180
839 1083
840 1010
840 1170
841 1065
842 888
845 1067
845 954
846 1100
846 992
847 871
847 1198
848 1064
849 1198
850 1181
850 955
852 1151
852 967
853 1148
855 1074
855 955
856 1026
856 914
858 1163
859 1125
860 1190
860 1084
862 913
865 929
866 965
866 1122
867 1151
870 1110
872 912
873 1161
874 896
874 1178
875 1153
876 968
876 1050
877 1009
878 1140
880 1199
883 1127
884 1030
884 976
886 1147
886 986
887 1068
887 1098
888 907
889 898
890 1128
890 905
891 910
892 979
892 1157
893 894
896 1069
899 1003
901 1167
901 1022
902 1092
904 1096
904 1165
906 914
907 1007
909 928
910 992
912 1036
914 1112
915 1058
917 969
920 1108
921 987
924 1139
924 1156
925 1012
929 993
930 1102
931 1097
934 991
935 1077
936 964
938 1181
939 951
942 966
942 1054
946 1128
950 1109
950 966
952 989
953 1078
954 1184
957 1047
958 1115
958 991
969 1096
970 1025
971 1138
971 1190
972 1042
973 1099
975 1062
977 1164
982 1010
984 1100
987 1120
988 1063
993 1092
994 1037
997 1177
997 1032
999 1105
1001 1122
1003 1049
1003 1062
1007 1066
1009 1136
1010 1014
1013 1139
1015 1141
1017 1029
1020 1199
1021 1102
1022 1041
1023 1164
1024 1089
1026 1039
1026 1033
1028 1144
1035 1125
1042 1162
1045 1051
1045 1180
1047 1196
1047 1152
1048 1097
1050 1127
1054 1125
1055 1188
1056 1094
1059 1186
1063 1133
1082 1155
1087 1129
1093 1177
1095 1179
1103 1152
1103 1194
1104 1172
1104 1129
1106 1112
1112 1124
1118 1161
1118 1193
1132 1142
1135 1174
1139 1153
1140 1149
1141 1178
1157 1197
1165 1169
