0 188
0 62
0 125
1 92
1 146
1 170
2 34
2 107
2 193
3 159
3 176
3 50
4 8
4 136
4 197
5 131
5 11
5 41
6 143
6 19
6 144
7 83
7 80
7 191
8 195
8 30
9 57
9 43
9 100
10 155
10 181
10 196
11 187
11 98
12 177
12 44
12 55
13 161
13 172
13 78
14 42
14 156
14 23
15 53
15 194
15 63
16 193
16 174
16 52
17 68
17 198
17 145
18 81
18 64
18 160
19 97
19 133
20 129
20 171
20 109
21 130
21 68
21 61
22 28
22 158
22 191
23 165
23 144
24 87
24 53
24 162
25 70
25 191
25 138
26 32
26 107
26 58
27 123
27 62
27 190
28 51
28 40
29 187
29 115
29 74
30 56
30 149
31 79
31 92
31 180
32 128
32 111
33 101
33 124
33 96
34 181
34 190
35 67
35 140
35 93
36 123
36 134
36 78
37 135
37 48
37 141
38 41
38 160
38 169
39 147
39 46
39 183
40 157
40 166
41 110
42 196
42 54
43 126
43 91
44 48
44 139
45 85
45 46
45 141
46 159
47 185
47 168
47 81
48 184
49 55
49 162
49 198
50 172
50 190
51 114
51 101
52 135
52 146
53 99
54 131
54 142
55 92
56 102
56 186
57 134
57 147
58 79
58 63
59 82
59 109
59 140
60 80
60 173
60 65
61 136
61 130
62 72
63 164
64 192
64 170
65 152
65 146
66 188
66 178
66 100
67 72
67 87
68 164
69 145
69 151
69 119
70 180
70 127
71 165
71 121
71 75
72 156
73 156
73 194
73 159
74 173
74 117
75 115
75 108
76 97
76 112
76 157
77 147
77 116
77 95
78 84
79 172
80 116
81 83
82 102
82 103
83 155
84 173
84 169
85 132
85 166
86 137
86 150
86 107
87 154
88 93
88 99
88 103
89 120
89 113
89 112
90 161
90 183
90 114
91 177
91 133
93 194
94 144
94 162
94 118
95 109
95 118
96 122
96 125
97 163
98 183
98 115
99 167
100 117
101 169
102 151
103 196
104 118
104 179
104 124
105 120
105 177
105 145
106 195
106 117
106 110
108 136
108 140
110 179
111 119
111 120
112 189
113 123
113 187
114 168
116 121
119 124
121 176
122 157
122 134
125 132
126 155
126 166
127 199
127 132
128 158
128 139
129 171
129 154
130 184
131 193
133 138
135 189
137 158
137 197
138 199
139 188
141 171
142 161
142 151
143 185
143 184
148 160
148 178
148 180
149 192
149 152
150 198
150 186
152 186
153 175
153 170
153 174
154 164
163 185
163 179
165 167
167 175
168 174
175 176
178 182
181 182
182 197
189 192
195 199
