0 729
0 486
0 752
1 777
1 536
1 120
2 606
2 368
2 996
3 257
3 195
3 925
4 550
4 244
4 730
5 980
5 221
5 467
6 326
6 701
6 408
7 174
7 363
7 307
8 1046
8 904
8 422
9 1050
9 136
9 696
10 263
10 873
10 1099
11 876
11 313
11 698
12 741
12 273
12 837
13 214
13 559
13 913
14 917
14 371
14 451
15 237
15 1058
15 298
16 176
16 126
16 368
17 732
17 715
17 785
18 889
18 144
18 69
19 1045
19 386
19 242
20 588
20 306
20 178
21 570
21 144
21 755
22 760
22 529
22 1084
23 939
23 667
23 612
24 655
24 790
24 206
25 256
25 1019
25 870
26 237
26 151
26 703
27 631
27 500
27 225
28 862
28 61
28 381
29 410
29 525
29 87
30 271
30 856
30 531
31 1039
31 261
31 33
32 797
32 273
32 309
33 1019
33 117
34 1047
34 498
34 69
35 734
35 474
35 79
36 981
36 156
36 1005
37 1067
37 753
37 555
38 725
38 556
38 691
39 63
39 295
39 528
40 465
40 558
40 935
41 982
41 1060
41 104
42 188
42 478
42 119
43 740
43 598
43 310
44 213
44 601
44 1002
45 597
45 389
45 429
46 666
46 270
46 548
47 170
47 216
47 628
48 457
48 1064
48 382
49 501
49 253
49 775
50 822
50 778
50 266
51 268
51 219
51 906
52 813
52 905
52 158
53 1044
53 723
53 782
54 220
54 541
54 865
55 1075
55 482
55 278
56 883
56 850
56 701
57 708
57 654
57 205
58 759
58 392
58 184
59 864
59 931
59 286
60 892
60 268
60 524
61 818
61 470
62 421
62 1035
62 573
63 269
63 319
64 393
64 430
64 598
65 1007
65 251
65 142
66 604
66 717
66 540
67 356
67 474
67 652
68 323
68 476
68 921
69 997
70 124
70 537
70 1011
71 156
71 342
71 1095
72 704
72 398
72 115
73 906
73 883
73 303
74 916
74 353
74 827
75 496
75 1006
75 893
76 929
76 424
76 426
77 1059
77 146
77 1028
78 886
78 924
78 298
79 948
79 783
80 780
80 327
80 154
81 753
81 490
81 716
82 880
82 415
82 836
83 106
83 394
83 374
84 371
84 895
84 983
85 592
85 945
85 105
86 536
86 931
86 269
87 848
87 166
88 713
88 875
88 202
89 222
89 679
89 747
90 333
90 624
90 857
91 635
91 262
91 928
92 1067
92 781
92 321
93 529
93 533
93 744
94 334
94 1003
94 1025
95 1018
95 274
95 586
96 158
96 1086
96 581
97 304
97 196
97 485
98 449
98 1046
98 384
99 724
99 198
99 973
100 346
100 1097
100 1026
101 913
101 804
101 1015
102 359
102 397
102 807
103 958
103 725
103 312
104 261
104 199
105 912
105 477
106 799
106 559
107 897
107 579
107 439
108 585
108 1073
108 629
109 369
109 292
109 991
110 927
110 750
110 834
111 411
111 855
111 582
112 832
112 953
112 967
113 591
113 901
113 541
114 834
114 880
114 564
115 898
115 1097
116 470
116 1052
116 863
117 329
117 276
118 791
118 863
118 1074
119 545
119 630
120 270
120 711
121 208
121 641
121 489
122 404
122 628
122 188
123 744
123 492
123 517
124 584
124 934
125 240
125 496
125 396
126 838
126 442
127 776
127 225
127 320
128 679
128 535
128 845
129 566
129 800
129 427
130 137
130 1042
130 527
131 777
131 502
131 1032
132 215
132 680
132 766
133 427
133 363
133 310
134 1025
134 200
134 926
135 831
135 177
135 481
136 390
136 935
137 1006
137 228
138 440
138 756
138 942
139 1070
139 313
139 593
140 514
140 457
140 1054
141 1013
141 707
141 743
142 648
142 1036
143 589
143 369
143 482
144 219
145 777
145 250
145 803
146 264
146 1028
147 472
147 519
147 486
148 237
148 587
148 888
149 1081
149 321
149 532
150 183
150 1068
150 555
151 736
151 721
152 811
152 232
152 853
153 463
153 374
153 338
154 484
154 930
155 638
155 652
155 1086
156 788
157 463
157 386
157 918
158 661
159 785
159 245
159 798
160 403
160 571
160 376
161 1041
161 238
161 275
162 672
162 279
162 318
163 580
163 452
163 742
164 377
164 953
164 175
165 351
165 456
165 433
166 822
166 253
167 1008
167 472
167 1050
168 298
168 986
168 940
169 969
169 804
169 477
170 982
170 281
171 519
171 607
171 510
172 443
172 234
172 185
173 751
173 657
173 626
174 773
174 729
175 766
175 483
176 485
176 920
177 301
177 715
178 910
178 1043
179 995
179 391
179 539
180 449
180 1082
180 247
181 219
181 1089
181 862
182 1043
182 483
182 905
183 191
183 856
184 436
184 553
185 891
185 244
186 612
186 343
186 841
187 806
187 1041
187 381
188 758
189 903
189 422
189 912
190 640
190 1048
190 932
191 740
191 213
192 1038
192 778
192 1078
193 506
193 355
193 390
194 763
194 944
194 548
195 563
195 402
196 583
196 428
197 487
197 499
197 462
198 441
198 334
199 503
199 574
200 1032
200 344
201 441
201 758
201 826
202 763
202 631
203 208
203 861
203 413
204 823
204 417
204 350
205 557
205 471
206 739
206 288
207 431
207 1091
207 1073
208 622
209 265
209 786
209 734
210 432
210 272
210 629
211 897
211 252
211 241
212 1094
212 387
212 619
213 547
214 1085
214 464
215 645
215 1056
216 229
216 683
217 751
217 754
217 967
218 239
218 1099
218 627
220 431
220 882
221 382
221 523
222 693
222 593
223 936
223 767
223 469
224 940
224 251
224 926
225 263
226 960
226 919
226 388
227 344
227 614
227 992
228 933
228 504
229 899
229 277
230 918
230 949
230 575
231 874
231 1029
231 854
232 305
232 258
233 515
233 507
233 1059
234 974
234 843
235 702
235 981
235 254
236 1005
236 610
236 1055
238 499
238 360
239 301
239 637
240 283
240 871
241 941
241 616
242 1056
242 538
243 444
243 613
243 503
244 1057
245 719
245 407
246 809
246 669
246 925
247 1027
247 643
248 567
248 388
248 973
249 285
249 1003
249 465
250 532
250 1088
251 502
252 706
252 278
253 911
254 833
254 773
255 685
255 662
255 603
256 275
256 693
257 486
257 337
258 469
258 1035
259 997
259 987
259 1021
260 383
260 637
260 539
261 830
262 932
262 1069
263 627
264 571
264 649
265 1008
265 781
266 661
266 574
267 574
267 543
267 290
268 839
269 849
270 911
271 430
271 985
272 830
272 713
273 576
274 894
274 835
275 975
276 509
276 737
277 448
277 750
278 816
279 797
279 714
280 1063
280 760
280 539
281 330
281 311
282 341
282 915
282 710
283 772
283 531
284 748
284 472
284 324
285 318
285 984
286 328
286 653
287 748
287 300
287 631
288 637
288 971
289 803
289 551
289 943
290 872
290 1052
291 709
291 639
291 351
292 851
292 397
293 360
293 339
293 1080
294 1071
294 642
294 518
295 1090
295 573
296 641
296 475
296 599
297 455
297 468
297 936
299 666
299 633
299 963
300 923
300 801
301 975
302 459
302 440
302 388
303 657
303 435
304 393
304 796
305 889
305 1057
306 576
306 1087
307 1072
307 1014
308 353
308 703
308 1057
309 640
309 1077
310 828
311 786
311 632
312 481
312 332
313 910
314 648
314 400
314 894
315 923
315 716
315 398
316 1053
316 343
316 476
317 487
317 928
317 668
318 968
319 673
319 1086
320 662
320 651
321 546
322 391
322 581
322 727
323 579
323 677
324 993
324 965
325 861
325 1050
325 373
326 668
326 393
327 1004
327 624
328 860
328 1072
329 654
329 933
330 1023
330 850
331 1095
331 475
331 821
332 1094
332 665
333 642
333 456
334 538
335 1024
335 1079
335 423
336 473
336 774
336 580
337 1002
337 378
338 623
338 591
339 453
339 831
340 529
340 347
340 820
341 541
341 824
342 815
342 1000
343 914
344 826
345 1052
345 431
345 566
346 756
346 659
347 652
347 794
348 807
348 685
348 511
349 897
349 493
349 650
350 1070
350 829
351 578
352 735
352 829
352 1020
353 417
354 835
354 990
354 422
355 926
355 1051
356 1091
356 766
357 653
357 468
357 904
358 596
358 784
358 852
359 625
359 542
360 386
361 573
361 690
361 769
362 780
362 881
362 895
363 611
364 568
364 1066
364 458
365 820
365 668
365 1037
366 455
366 831
366 507
367 635
367 857
367 595
368 732
369 581
370 569
370 952
370 745
371 894
372 1027
372 817
372 847
373 597
373 455
374 684
375 684
375 540
375 1064
376 588
376 420
377 475
377 976
378 865
378 706
379 710
379 848
379 774
380 602
380 813
380 1004
381 779
382 974
383 824
383 518
384 978
384 385
385 797
385 447
387 671
387 434
389 575
389 1085
390 728
391 986
392 674
392 1049
394 994
394 549
395 498
395 588
395 517
396 1051
396 800
397 406
398 724
399 854
399 890
399 738
400 562
400 863
401 558
401 910
401 710
402 605
402 934
403 630
403 1088
404 961
404 952
405 959
405 442
405 515
406 516
406 838
407 1021
407 1035
408 698
408 749
409 1061
409 712
409 1022
410 719
410 426
411 1093
411 957
412 889
412 878
412 462
413 882
413 462
414 590
414 461
414 510
415 734
415 962
416 641
416 752
416 608
417 666
418 1032
418 504
418 584
419 771
419 805
419 501
420 779
420 1019
421 552
421 794
423 995
423 484
424 540
424 869
425 764
425 1079
425 681
426 783
427 1036
428 556
428 924
429 660
429 1093
430 1047
432 1062
432 775
433 569
433 1000
434 761
434 488
435 825
435 792
436 862
436 1010
437 658
437 759
437 1071
438 450
438 1025
438 522
439 696
439 1076
440 789
441 555
442 957
443 1062
443 468
444 752
444 799
445 589
445 944
445 514
446 719
446 1054
446 651
447 989
447 992
448 814
448 851
449 1033
450 628
450 713
451 891
451 925
452 491
452 1065
453 494
453 543
454 861
454 812
454 526
456 606
457 917
458 466
458 1030
459 787
459 1060
460 687
460 644
460 1033
461 1087
461 871
463 774
464 900
464 552
465 522
466 792
466 798
467 1026
467 855
469 547
470 522
471 609
471 779
473 695
473 737
474 1007
476 907
477 899
478 1083
478 618
479 700
479 513
479 959
480 482
480 747
480 561
481 638
483 731
484 603
485 870
487 806
488 1040
488 955
489 958
489 917
490 630
490 698
491 718
491 697
492 534
492 773
493 908
493 914
494 579
494 687
495 886
495 572
495 982
496 765
497 768
497 933
497 753
498 671
499 916
500 956
500 733
501 638
502 533
503 834
504 801
505 815
505 938
505 1017
506 584
506 1041
507 818
508 991
508 1061
508 871
509 746
509 517
510 625
511 1045
511 991
512 789
512 912
512 616
513 810
513 985
514 888
515 1096
516 1024
516 812
518 859
519 951
520 521
520 651
520 735
521 650
521 901
523 590
523 739
524 568
524 908
525 621
525 716
526 821
526 646
527 815
527 1060
528 930
528 790
530 694
530 1048
530 898
531 988
532 782
533 610
534 1005
534 985
535 1095
535 583
536 602
537 552
537 705
538 810
542 902
542 841
543 577
544 935
544 1001
544 872
545 697
545 810
546 665
546 921
547 989
548 692
549 1022
549 686
550 835
550 673
551 968
551 1012
553 960
553 700
554 605
554 764
554 980
556 653
557 685
557 578
558 880
559 828
560 884
560 621
560 1088
561 711
561 883
562 931
562 649
563 948
563 937
564 577
564 704
565 1066
565 1030
565 789
566 615
567 671
567 866
568 655
569 922
570 818
570 1022
571 1070
572 840
572 655
575 885
576 943
577 836
578 851
580 1080
582 1080
582 1093
583 717
585 906
585 709
586 803
586 951
587 1013
587 760
589 759
590 600
591 656
592 1031
592 1014
593 707
594 785
594 1004
594 905
595 636
595 948
596 879
596 941
597 795
598 891
599 943
599 878
600 946
600 674
601 676
601 633
602 702
603 642
604 607
604 643
605 956
606 636
607 617
608 672
608 795
609 932
609 971
610 712
611 614
611 840
612 776
613 990
613 762
614 873
615 859
615 724
616 1012
617 924
617 1074
618 1099
618 859
619 1087
619 968
620 975
620 808
620 690
621 972
622 691
622 1016
623 939
623 965
624 1031
625 676
626 809
626 1010
627 920
629 938
632 714
632 648
633 678
634 1006
634 844
634 659
635 1011
636 903
639 980
639 825
640 770
643 659
644 993
644 839
645 1062
645 754
646 1009
646 1065
647 755
647 999
647 962
649 784
650 881
654 960
656 750
656 684
657 660
658 993
658 791
660 869
661 1044
662 1039
663 927
663 1053
663 899
664 689
664 1058
664 973
665 890
667 971
667 988
669 728
669 874
670 907
670 775
670 922
672 723
673 920
674 842
675 887
675 964
675 979
676 950
677 1098
677 901
678 799
678 692
679 938
680 770
680 1040
681 887
681 864
682 1058
682 709
682 1063
683 768
683 697
686 772
686 690
687 1036
688 721
688 988
688 846
689 857
689 1012
691 947
692 811
693 970
694 701
694 867
695 830
695 796
696 1056
699 1089
699 1017
699 1084
700 1076
702 919
703 911
704 962
705 842
705 978
706 790
707 877
708 963
708 844
711 950
712 913
714 1040
715 1021
717 853
718 1081
718 916
720 959
720 722
720 1055
721 864
722 791
722 728
723 747
725 873
726 961
726 743
726 900
727 800
727 832
729 869
730 1042
730 1071
731 1078
731 844
732 1069
733 1066
733 1082
735 852
736 829
736 825
737 923
738 1000
738 795
739 868
740 751
741 994
741 895
742 949
742 816
743 858
744 1085
745 868
745 946
746 758
746 886
748 1096
749 928
749 996
754 1075
755 946
756 781
757 767
757 1024
757 927
761 765
761 843
762 1065
762 1045
763 885
764 783
765 947
767 957
768 955
769 940
769 1098
770 942
771 802
771 998
772 998
776 827
778 877
780 824
782 793
784 983
786 898
787 870
787 854
788 1008
788 1016
792 849
793 909
793 865
794 828
796 987
798 837
801 890
802 976
802 1003
804 817
805 1042
805 1053
806 1034
807 1014
808 896
808 860
809 902
811 1072
812 1054
813 963
814 1090
814 887
816 947
817 954
819 907
819 867
819 945
820 953
821 840
822 846
823 977
823 847
826 1068
827 1091
832 1094
833 884
833 1031
836 1076
837 1084
838 954
839 972
841 1037
842 1048
843 1038
845 878
845 984
846 1061
847 896
848 860
849 1017
850 1029
852 1051
853 1067
855 951
856 922
858 915
858 909
866 868
866 904
867 977
872 1001
874 1064
875 1027
875 1034
876 1075
876 966
877 952
879 965
879 893
881 902
882 1033
884 1015
885 1092
888 989
892 1029
892 986
893 1081
896 954
900 921
903 970
908 1083
909 1073
914 1034
915 1089
918 995
919 1068
929 934
929 1074
930 944
936 955
937 998
937 987
939 1018
941 1049
942 979
945 1098
949 999
950 1026
956 974
958 967
961 1020
964 1049
964 979
966 1002
966 1018
969 999
969 990
970 978
972 977
976 996
981 1037
983 1009
984 1010
992 1028
994 1044
997 1023
1001 1013
1007 1038
1009 1046
1011 1078
1015 1059
1016 1096
1020 1082
1023 1077
1030 1092
1039 1097
1043 1063
1047 1083
1055 1069
1077 1092
1079 1090
