0 2265
0 524
0 155
1 2549
1 1068
1 2526
2 2158
2 2115
2 439
3 904
3 1895
3 2349
4 2174
4 2144
4 74
5 1959
5 2548
5 70
6 2515
6 1964
6 511
7 2435
7 79
7 1715
8 2292
8 275
8 2001
9 687
9 1051
9 275
10 817
10 1666
10 1116
11 478
11 1902
11 2257
12 292
12 2389
12 1981
13 908
13 1452
13 2564
14 2528
14 1339
14 630
15 1513
15 2762
15 2456
16 991
16 1962
16 2112
17 2310
17 602
17 1665
18 1664
18 2405
18 1329
19 116
19 1490
19 2783
20 1514
20 335
20 1268
21 795
21 1217
21 2146
22 1491
22 2405
22 2359
23 2790
23 1670
23 2618
24 2292
24 1689
24 699
25 2638
25 282
25 1784
26 1807
26 1018
26 1472
27 2679
27 1285
27 105
28 1060
28 811
28 1874
29 1853
29 1592
29 1971
30 324
30 2620
30 506
31 387
31 2042
31 2221
32 2032
32 1526
32 206
33 2399
33 2406
33 2463
34 2427
34 948
34 2484
35 1200
35 1920
35 1808
36 1486
36 290
36 2121
37 2632
37 911
37 1197
38 2168
38 1812
38 2386
39 2155
39 1991
39 571
40 2092
40 1006
40 2179
41 2769
41 1856
41 196
42 1435
42 1582
42 636
43 2291
43 2344
43 2046
44 2759
44 257
44 1543
45 388
45 499
45 768
46 313
46 2421
46 1731
47 656
47 1861
47 1917
48 1687
48 1088
48 1266
49 868
49 995
49 2251
50 2417
50 619
50 1678
51 984
51 2457
51 1596
52 2419
52 955
52 574
53 1330
53 1279
53 2219
54 519
54 1237
54 170
55 2579
55 1659
55 1128
56 1250
56 2389
56 1851
57 1409
57 2416
57 347
58 1425
58 455
58 1915
59 2315
59 1539
59 1771
60 2449
60 1948
60 1175
61 2035
61 150
61 2008
62 1728
62 317
62 541
63 1747
63 1326
63 1633
64 607
64 1833
64 691
65 2319
65 578
65 1178
66 2647
66 1819
66 1655
67 2774
67 583
67 884
68 1013
68 584
68 366
69 336
69 317
69 2534
70 861
70 2333
71 1040
71 2639
71 95
72 1314
72 2616
72 2560
73 2743
73 2151
73 2715
74 1610
74 2313
75 2703
75 721
75 1011
76 1963
76 560
76 1894
77 357
77 2518
77 623
78 207
78 691
78 1000
79 1780
79 1631
80 1309
80 2149
80 2358
81 1369
81 139
81 1666
82 306
82 2657
82 2385
83 1913
83 1997
83 2219
84 763
84 2022
84 2119
85 1758
85 1367
85 2232
86 505
86 1002
86 620
87 1377
87 1655
87 1066
88 2700
88 2525
88 2163
89 160
89 2717
89 2312
90 1177
90 2622
90 2235
91 2505
91 655
91 1781
92 663
92 1346
92 1849
93 1533
93 1755
93 1141
94 708
94 1702
94 1019
95 2612
95 2294
96 2706
96 1761
96 2114
97 610
97 2246
97 625
98 2727
98 1131
98 2190
99 2462
99 1891
99 2506
100 2565
100 2080
100 2318
101 1541
101 2538
101 578
102 2100
102 1360
102 1934
103 854
103 2459
103 2030
104 825
104 612
104 174
105 759
105 860
106 1739
106 1482
106 1824
107 2039
107 382
107 767
108 172
108 2620
108 1530
109 529
109 1752
109 2095
110 1886
110 1444
110 1263
111 1975
111 2784
111 379
112 1076
112 2512
112 2698
113 2629
113 1453
113 550
114 1767
114 2463
114 2202
115 1363
115 1232
115 255
116 2051
116 201
117 410
117 1947
117 2043
118 912
118 2505
118 181
119 2268
119 2362
119 2139
120 1114
120 256
120 2554
121 1927
121 659
121 2163
122 1063
122 1479
122 2165
123 605
123 1394
123 1574
124 2497
124 193
124 878
125 1228
125 649
125 871
126 782
126 2217
126 2170
127 2192
127 375
127 520
128 540
128 1118
128 2610
129 730
129 1489
129 401
130 881
130 234
130 2749
131 1436
131 1717
131 1984
132 1211
132 2348
132 2175
133 1319
133 2546
133 1004
134 1256
134 1870
134 381
135 437
135 2160
135 741
136 1197
136 338
136 1861
137 145
137 509
137 611
138 726
138 372
138 2668
139 1626
139 1628
140 1061
140 1616
140 701
141 1663
141 2736
141 581
142 577
142 1230
142 1504
143 1724
143 843
143 2435
144 2714
144 603
144 1210
145 1357
145 2079
146 1046
146 1805
146 1850
147 663
147 280
147 1439
148 2409
148 1197
148 734
149 473
149 245
149 1095
150 2781
150 2362
151 1319
151 2061
151 2187
152 503
152 477
152 1425
153 637
153 1459
153 704
154 2412
154 2485
154 1336
155 286
155 467
156 1596
156 2279
156 1012
157 628
157 2339
157 924
158 1413
158 1150
158 865
159 1300
159 358
159 1762
160 526
160 1865
161 601
161 254
161 1278
162 2120
162 1965
162 1264
163 2377
163 482
163 1994
164 932
164 372
164 2260
165 2430
165 466
165 1185
166 680
166 1424
166 2271
167 1690
167 1926
167 779
168 2148
168 763
168 697
169 1254
169 2437
169 385
170 1773
170 1031
171 1199
171 1002
171 774
172 1572
172 1100
173 835
173 451
173 2776
174 2098
174 2299
175 1622
175 599
175 1090
176 403
176 765
176 1108
177 1468
177 1605
177 717
178 2586
178 1024
178 2063
179 1307
179 855
179 1808
180 1414
180 1727
180 1222
181 1804
181 2714
182 330
182 951
182 247
183 2246
183 927
183 886
184 1597
184 2209
184 392
185 2794
185 2225
185 322
186 1407
186 1972
186 2262
187 747
187 1255
187 1898
188 888
188 2785
188 2193
189 420
189 2376
189 2055
190 472
190 2672
190 2650
191 467
191 1932
191 1134
192 1975
192 1117
192 782
193 325
193 1497
194 364
194 2610
194 2233
195 1578
195 2584
195 336
196 1221
196 600
197 766
197 756
197 1157
198 2133
198 2667
198 1047
199 1914
199 2314
199 1247
200 2065
200 1714
200 223
201 1025
201 2255
202 768
202 296
202 1170
203 2441
203 1386
203 1307
204 923
204 1544
204 281
205 2417
205 1995
205 407
206 2746
206 856
207 1334
207 2119
208 298
208 2575
208 812
209 590
209 413
209 1661
210 1921
210 1668
210 1079
211 1563
211 252
211 2732
212 1436
212 2309
212 2500
213 1595
213 2722
213 2261
214 2403
214 324
214 401
215 914
215 1158
215 2239
216 1922
216 2131
216 1328
217 939
217 2496
217 283
218 2344
218 2115
218 1818
219 2384
219 1201
219 497
220 1168
220 2721
220 2212
221 1520
221 1886
221 2550
222 2114
222 2580
222 986
223 769
223 2758
224 1380
224 2178
224 1071
225 805
225 2450
225 1172
226 2293
226 584
226 2236
227 248
227 634
227 2266
228 2131
228 494
228 2633
229 2388
229 449
229 1501
230 2729
230 990
230 818
231 415
231 684
231 2205
232 1154
232 1784
232 1345
233 1271
233 834
233 958
234 711
234 1838
235 269
235 1585
235 2361
236 2744
236 2321
236 864
237 2544
237 738
237 1868
238 2543
238 1950
238 2228
239 1510
239 796
239 1295
240 1752
240 961
240 2263
241 326
241 483
241 1642
242 722
242 2624
242 582
243 1172
243 1081
243 1480
244 2120
244 247
244 2088
245 2139
245 2588
246 2751
246 2116
246 2138
247 1260
248 1218
248 2182
249 2132
249 2701
249 786
250 305
250 2474
250 2024
251 2669
251 291
251 1992
252 1777
252 1613
253 1464
253 1511
253 433
254 2741
254 925
255 2701
255 632
256 2029
256 2230
257 1578
257 1518
258 2105
258 1495
258 1146
259 1137
259 1346
259 1827
260 1306
260 2156
260 1310
261 2381
261 399
261 1219
262 2347
262 1993
262 952
263 1138
263 2288
263 2082
264 873
264 723
264 1851
265 2798
265 2656
265 2296
266 1234
266 2756
266 1911
267 692
267 1060
267 2398
268 376
268 2251
268 1570
269 2356
269 1712
270 1759
270 803
270 2524
271 1862
271 798
271 1692
272 1190
272 1169
272 1131
273 1843
273 2508
273 613
274 1215
274 283
274 2126
275 1156
276 1368
276 1669
276 1661
277 2397
277 2729
277 2542
278 974
278 2709
278 1487
279 756
279 2590
279 1512
280 1637
280 587
281 1717
281 1345
282 2269
282 653
283 1390
284 310
284 822
284 2179
285 515
285 1331
285 441
286 2699
286 490
287 1082
287 577
287 1204
288 2348
288 1438
288 2232
289 2690
289 830
289 2288
290 807
290 2606
291 356
291 1393
292 2704
292 1814
293 2429
293 580
293 1034
294 1501
294 842
294 1954
295 536
295 2113
295 1416
296 798
296 573
297 2122
297 1895
297 2659
298 2079
298 544
299 1226
299 2658
299 1987
300 2521
300 1663
300 1776
301 1212
301 783
301 786
302 313
302 2360
302 873
303 2533
303 2583
303 1473
304 751
304 600
304 878
305 1890
305 824
306 1733
306 459
307 387
307 1777
307 2188
308 2284
308 2036
308 2091
309 1223
309 2229
309 2709
310 1095
310 1721
311 1367
311 2639
311 1453
312 2364
312 1025
312 1806
313 1577
314 372
314 1211
314 948
315 1023
315 2372
315 971
316 2478
316 1523
316 1987
317 1575
318 1109
318 589
318 338
319 1121
319 1256
319 997
320 1051
320 700
320 523
321 2578
321 2123
321 2779
322 2548
322 473
323 1507
323 1411
323 1472
324 595
325 1721
325 565
326 2518
326 671
327 655
327 2200
327 1787
328 1458
328 2795
328 2189
329 1557
329 1837
329 527
330 1759
330 1965
331 2597
331 1352
331 2247
332 2556
332 2195
332 400
333 1100
333 513
333 2717
334 1705
334 1392
334 1451
335 780
335 2747
336 2385
337 1014
337 1380
337 2231
338 820
339 2246
339 1505
339 2510
340 1936
340 1749
340 1632
341 2443
341 1716
341 1477
342 1139
342 2241
342 382
343 1017
343 1887
343 640
344 1771
344 2003
344 354
345 968
345 946
345 1389
346 1383
346 2289
346 782
347 809
347 2719
348 1421
348 1930
348 1083
349 2533
349 2025
349 2456
350 1938
350 936
350 2342
351 1896
351 2595
351 533
352 707
352 2737
352 2278
353 1136
353 2057
353 2510
354 1971
354 1903
355 1521
355 1458
355 1557
356 1310
356 1257
357 1130
357 1630
358 2638
358 381
359 710
359 770
359 1004
360 2199
360 1904
360 2699
361 1544
361 402
361 481
362 2529
362 1522
362 420
363 2377
363 2015
363 1873
364 868
364 579
365 2705
365 2401
365 572
366 1407
366 493
367 990
367 2705
367 1393
368 485
368 507
368 1877
369 1398
369 2604
369 2593
370 1091
370 1388
370 1214
371 685
371 1480
371 744
373 2537
373 2218
373 2220
374 876
374 689
374 810
375 1170
375 1160
376 2101
376 1510
377 1862
377 2470
377 2465
378 454
378 1601
378 2252
379 1340
379 1653
380 2752
380 1970
380 1111
381 2531
382 1786
383 461
383 1792
383 2301
384 1725
384 1934
384 2220
385 742
385 2549
386 1760
386 1808
386 474
387 1064
388 2570
388 917
389 739
389 1249
389 424
390 1831
390 1965
390 1525
391 2327
391 2573
391 2454
392 1363
392 1857
393 958
393 1000
393 2446
394 960
394 1369
394 2176
395 936
395 2028
395 2439
396 2164
396 1190
396 1700
397 554
397 1537
397 1055
398 874
398 2224
398 1489
399 1866
399 889
400 604
400 888
401 934
402 2438
402 2242
403 2233
403 1042
404 2438
404 1675
404 1400
405 1766
405 2630
405 987
406 1981
406 2792
406 2605
407 2691
407 2722
408 805
408 1460
408 677
409 2234
409 1983
409 785
410 897
410 2236
411 519
411 1118
411 1201
412 829
412 1376
412 1235
413 1317
413 1962
414 1993
414 450
414 2552
415 2043
415 1581
416 959
416 2094
416 744
417 702
417 1304
417 1281
418 945
418 2481
418 2117
419 1861
419 2634
419 2012
420 1156
421 2184
421 648
421 1354
422 1850
422 2570
422 789
423 2647
423 1062
423 1690
424 2593
424 2071
425 1869
425 2474
425 2157
426 2411
426 838
426 784
427 2221
427 1706
427 1817
428 1782
428 548
428 1490
429 667
429 670
429 695
430 1165
430 1821
430 1481
431 1208
431 515
431 1290
432 2396
432 1694
432 2773
433 2058
433 1253
434 836
434 1477
434 685
435 1381
435 1437
435 1151
436 2619
436 2579
436 491
437 1365
437 762
438 739
438 1813
438 892
439 2231
439 825
440 2496
440 1847
440 1320
441 2773
441 1485
442 1089
442 1641
442 462
443 1124
443 1774
443 1391
444 652
444 455
444 2564
445 1561
445 2090
445 520
446 568
446 2239
446 982
447 2522
447 1187
447 1171
448 1550
448 1828
448 496
449 1466
449 1153
450 2604
450 976
451 2577
451 2569
452 2018
452 1036
452 1407
453 2676
453 828
453 713
454 1535
454 2716
455 2733
456 2615
456 2471
456 2683
457 498
457 2483
457 1516
458 2744
458 1487
458 2389
459 912
459 1258
460 1274
460 2169
460 2304
461 1595
461 1073
462 2467
462 1785
463 2170
463 2147
463 1512
464 2250
464 2076
464 2108
465 908
465 1649
465 770
466 2414
466 1646
467 1845
468 938
468 671
468 880
469 2202
469 2374
469 1429
470 1155
470 2722
470 2752
471 1469
471 2276
471 2520
472 935
472 1140
473 2591
474 1848
474 2566
475 1387
475 1485
475 2655
476 1564
476 1674
476 1906
477 1452
477 618
478 1518
478 867
479 2530
479 2376
479 1018
480 1494
480 1075
480 2227
481 667
481 2063
482 2371
482 718
483 2322
483 2227
484 2797
484 1378
484 874
485 941
485 2409
486 2541
486 2320
486 2176
487 679
487 1289
487 1455
488 1037
488 1801
488 1968
489 1118
489 2143
489 1264
490 1533
490 2188
491 1019
491 1835
492 2142
492 1804
492 2184
493 1350
493 1496
494 1961
494 2247
495 1879
495 2749
495 556
496 1933
496 1747
497 1290
497 894
498 2487
498 1650
499 2777
499 601
500 2685
500 1620
500 1978
501 2784
501 1701
501 1491
502 619
502 1105
502 590
503 679
503 2448
504 2060
504 2711
504 545
505 1611
505 2507
506 633
506 1157
507 2641
507 1970
508 2104
508 2494
508 523
509 792
509 2346
510 2230
510 545
510 688
511 1526
511 2031
512 2485
512 1888
512 576
513 1490
513 1942
514 1275
514 2634
514 2625
515 1833
516 1527
516 2479
516 1134
517 1576
517 1920
517 2674
518 1677
518 2483
518 1427
519 1866
520 695
521 1776
521 1287
521 1155
522 2280
522 1743
522 1203
523 578
524 696
524 2506
525 612
525 932
525 1388
526 1660
526 2332
527 978
527 2390
528 633
528 2024
528 1061
529 744
529 2103
530 1904
530 829
530 545
531 1033
531 971
531 2494
532 2501
532 2628
532 2376
533 667
533 2402
534 1475
534 917
534 2596
535 2136
535 2471
535 1029
536 1257
536 797
537 1855
537 1205
537 2302
538 2541
538 592
538 2223
539 1267
539 2160
539 1476
540 1669
540 1538
541 2438
541 1871
542 2241
542 722
542 1619
543 1449
543 1585
543 2048
544 1299
544 1147
546 2048
546 1893
546 1365
547 928
547 629
547 1074
548 2209
548 2223
549 1285
549 1731
549 1240
550 1135
550 1878
551 834
551 2006
551 1299
552 682
552 1369
552 1449
553 567
553 2785
553 1838
554 937
554 919
555 949
555 1029
555 1415
556 610
556 1176
557 1401
557 2056
557 2003
558 2300
558 2767
558 1676
559 1077
559 1273
559 2491
560 2236
560 2059
561 879
561 2603
561 2363
562 1545
562 1284
562 2404
563 2334
563 2393
563 1149
564 1572
564 2316
564 1732
565 1809
565 763
566 1697
566 821
566 855
567 1057
567 621
568 1306
568 1253
569 1253
569 2462
569 1381
570 2403
570 2484
570 1282
571 955
571 2567
572 2792
572 1142
573 1110
573 1684
574 2330
574 2552
575 2575
575 1396
575 813
576 2365
576 1831
577 1554
579 2652
579 935
580 1357
580 1987
581 1673
581 1457
582 1992
582 1085
583 1212
583 1999
584 1180
585 2315
585 769
585 947
586 1099
586 2304
586 1899
587 1049
587 2120
588 1556
588 1186
588 2795
589 623
589 2145
590 1478
591 608
591 696
591 2240
592 2662
592 1419
593 1742
593 1602
593 2080
594 1295
594 1881
594 806
595 1560
595 1072
596 869
596 1365
596 2077
597 647
597 2382
597 1006
598 1668
598 1091
598 1951
599 1982
599 836
600 1801
601 909
602 2152
602 2653
603 1182
603 1686
604 1583
604 836
605 1633
605 1403
606 1226
606 1857
606 1946
607 1768
607 1374
608 2470
608 2116
609 2396
609 1591
609 1978
610 965
611 2428
611 1577
612 1779
613 1642
613 1812
614 2265
614 1164
614 1515
615 1939
615 1425
615 1623
616 2159
616 2479
616 2451
617 2453
617 2044
617 1501
618 2645
618 2357
619 1964
620 949
620 2570
621 1872
621 1276
622 1828
622 1686
622 1059
623 1255
624 2525
624 976
624 635
625 1210
625 2669
626 2771
626 1484
626 1220
627 1428
627 2378
627 2130
628 2087
628 1511
629 2204
629 971
630 2078
630 1078
631 2478
631 2690
631 2094
632 1008
632 2718
633 2312
634 2563
634 2343
635 2550
635 1074
636 1316
636 1043
637 1162
637 1625
638 1729
638 1324
638 2155
639 1679
639 1814
639 2222
640 707
640 1580
641 826
641 2482
641 1402
642 962
642 1949
642 2061
643 1475
643 1795
643 2148
644 2209
644 2455
644 1167
645 2068
645 1816
645 1853
646 1897
646 1658
646 1903
647 2327
647 1823
648 2507
648 2056
649 1341
649 2363
650 2444
650 2052
650 1249
651 2162
651 1195
651 2696
652 1974
652 1687
653 986
653 802
654 1919
654 996
654 660
655 919
656 2627
656 1753
657 760
657 988
657 2180
658 1041
658 2191
658 1366
659 1167
659 2403
660 2391
660 1796
661 2156
661 1863
661 2349
662 1958
662 2381
662 826
663 2218
664 1042
664 1967
664 753
665 966
665 842
665 2660
666 1596
666 2534
666 1974
668 1621
668 2351
668 2229
669 1202
669 2579
669 1499
670 853
670 1229
671 2416
672 885
672 1905
672 807
673 1189
673 1821
673 2429
674 2574
674 1718
674 2414
675 2747
675 2509
675 1187
676 2107
676 848
676 1103
677 1357
677 2109
678 1845
678 2631
678 903
679 1455
680 773
680 2383
681 876
681 2192
681 2436
682 2617
682 1517
683 2611
683 2306
683 1733
684 1945
684 1133
685 1267
686 2172
686 741
686 2187
687 1167
687 2734
688 791
688 806
689 2213
689 1695
690 1697
690 1994
690 1797
691 1574
692 1901
692 934
693 2099
693 1961
693 2307
694 2047
694 1231
694 2281
695 1148
696 2069
697 1175
697 1841
698 1288
698 2520
698 2058
699 931
699 1705
700 1422
700 1183
701 1302
701 1438
702 1188
702 1974
703 1697
703 2753
703 1133
704 1555
704 1637
705 2594
705 2620
705 2426
706 1082
706 2165
706 1196
707 2769
708 2011
708 1895
709 2222
709 2210
709 1245
710 1768
710 2065
711 796
711 2693
712 2196
712 1119
712 2551
713 2123
713 1200
714 2092
714 2130
714 1743
715 1010
715 2217
715 1848
716 2399
716 1059
716 2372
717 760
717 1802
718 2623
718 1788
719 1037
719 1491
719 903
720 1996
720 2189
720 1860
721 936
721 2384
722 1232
723 2575
723 2375
724 1106
724 1451
724 2304
725 1017
725 2495
725 2498
726 1976
726 1419
727 2640
727 2082
727 766
728 1216
728 2290
728 1323
729 1213
729 1035
729 1733
730 1301
730 1823
731 2502
731 1632
731 1480
732 2262
732 1953
732 1826
733 1708
733 1722
733 1196
734 2558
734 1605
735 2611
735 2175
735 770
736 2721
736 1769
736 1355
737 781
737 849
737 2726
738 2338
738 1466
739 799
740 2481
740 1360
740 2741
741 1582
742 1867
742 2102
743 1792
743 2409
743 2298
745 1748
745 2034
745 1849
746 2034
746 880
746 1312
747 832
747 858
748 1387
748 1469
748 2045
749 1472
749 1349
749 953
750 1200
750 1842
750 2533
751 1587
751 2154
752 2369
752 1652
752 2176
753 766
753 1440
754 1691
754 2608
754 911
755 1194
755 2458
755 773
756 1963
757 2112
757 2498
757 2738
758 1590
758 1648
758 2777
759 1821
759 2553
760 1486
761 930
761 1551
761 922
762 2372
762 2297
764 2072
764 994
764 1803
765 1503
765 1041
767 950
767 1272
768 1399
769 2283
771 2654
771 1956
771 1573
772 1966
772 1031
772 1609
773 1872
774 2665
774 901
775 2152
775 2783
775 2794
776 1123
776 1775
776 1333
777 2334
777 1973
777 2614
778 2748
778 1112
778 1952
779 1416
779 1329
780 2710
780 1044
781 2646
781 1146
783 2641
783 1123
784 2051
784 2475
785 2660
785 2200
786 1961
787 2280
787 2041
787 2417
788 1281
788 1086
788 1609
789 2032
789 1952
790 2061
790 1026
790 2602
791 1976
791 1445
792 1957
792 2630
793 1847
793 1257
793 2395
794 2345
794 2554
794 2270
795 2015
795 1405
796 1818
797 2772
797 1290
798 825
799 938
799 1913
800 1024
800 1348
800 1627
801 1321
801 1215
801 1198
802 1296
802 2521
803 2432
803 910
804 1361
804 2565
804 902
805 1101
806 2425
807 1115
808 1214
808 1107
808 1054
809 1198
809 1937
810 876
810 2687
811 1502
811 2198
812 961
812 2089
813 2625
813 1383
814 1157
814 1922
814 1958
815 1749
815 1258
815 2793
816 2177
816 2062
816 991
817 2636
817 1397
818 2207
818 966
819 1183
819 957
819 2707
820 954
820 2598
821 2092
821 1589
822 1722
822 1737
823 1956
823 1238
823 975
824 2167
824 977
826 2589
827 1783
827 1774
827 2195
828 856
828 2588
829 2467
830 1243
830 1247
831 2527
831 1060
831 1641
832 1671
832 1932
833 1766
833 2214
833 1441
834 1726
835 2528
835 2442
837 1015
837 2397
837 1153
838 2134
838 1587
839 1202
839 1817
839 1390
840 884
840 2284
840 1426
841 2719
841 1564
841 1985
842 1132
843 2444
843 2182
844 1013
844 2688
844 1589
845 2553
845 1252
845 1259
846 964
846 1483
846 1011
847 2098
847 1116
847 1515
848 2029
848 1914
849 1354
849 2412
850 1124
850 2308
850 2289
851 1113
851 1093
851 2652
852 2449
852 2091
852 1078
853 2694
853 2587
854 2615
854 2110
855 2341
856 1312
857 899
857 2356
857 2225
858 2607
858 2431
859 1793
859 2301
859 2239
860 1727
860 2096
861 2132
861 1188
862 1947
862 2197
862 1207
863 2745
863 1149
863 1845
864 2523
864 2590
865 1772
865 1973
866 905
866 1163
866 1274
867 1021
867 1374
868 1039
869 1781
869 2353
870 2599
870 1615
870 2760
871 1667
871 1174
872 1612
872 2319
872 890
873 1728
874 2353
875 1039
875 2717
875 2563
877 1405
877 1153
877 1831
878 1533
879 1759
879 1872
880 2027
881 2488
881 1155
882 1275
882 1193
882 1084
883 1762
883 1509
883 1757
884 2402
885 1138
885 1376
886 2462
886 1076
887 2731
887 1043
887 1836
888 1614
889 1917
889 1034
890 1542
890 2159
891 1998
891 2662
891 977
892 2519
892 2647
893 1698
893 1250
893 1292
894 944
894 1584
895 2220
895 1158
895 2603
896 2311
896 1969
896 1908
897 1104
897 1105
898 1433
898 2293
898 2173
899 1625
899 2411
900 1795
900 1332
900 2421
901 2585
901 2044
902 2327
902 1162
903 1484
904 2420
904 2709
905 1976
905 1585
906 2402
906 1665
906 2492
907 1960
907 2668
907 1764
908 1410
909 1528
909 1981
910 1554
910 1260
911 1941
912 2137
913 1295
913 1650
913 2269
914 2127
914 2152
915 2312
915 2798
915 2646
916 2029
916 1488
916 1636
917 2086
918 1231
918 1275
918 1335
919 1856
920 1263
920 1824
920 1935
921 996
921 2032
921 1477
922 993
922 2393
923 2677
923 1599
924 1998
924 1878
925 1535
925 2101
926 2519
926 2140
926 1767
927 1282
927 1567
928 1380
928 2495
929 1637
929 1301
929 2181
930 1684
930 1337
931 1905
931 1698
932 1483
933 2711
933 1941
933 1367
934 1418
935 2016
937 1130
937 1528
938 1739
939 1141
939 2299
940 2561
940 954
940 1558
941 2002
941 2676
942 2100
942 1048
942 1024
943 2320
943 2684
943 2710
944 1619
944 2011
945 1269
945 2295
946 2410
946 1027
947 2726
947 2145
948 2407
949 2370
950 1862
950 1924
951 1177
951 1664
952 1342
952 2645
953 2550
953 2420
954 2104
955 2313
956 1943
956 2158
956 2085
957 2198
957 1639
958 2669
959 2285
959 1503
960 2597
960 1955
961 1482
962 1618
962 1468
963 2535
963 2492
963 2661
964 1927
964 1239
965 1567
965 2541
966 2739
967 2263
967 1692
967 1350
968 2139
968 998
969 1536
969 1220
969 1353
970 1090
970 1233
970 2433
972 2362
972 2684
972 1866
973 2065
973 2244
973 1410
974 1129
974 1030
975 1305
975 2090
976 1488
977 1414
978 1230
978 1283
979 2190
979 1545
979 1569
980 1576
980 1969
980 1537
981 2499
981 1842
981 2704
982 2351
982 1932
983 1223
983 1433
983 2253
984 1224
984 2605
985 2681
985 2599
985 1003
986 1538
987 1700
987 2194
988 1536
988 2642
989 1245
989 1678
989 1864
990 2373
991 2066
992 2556
992 1730
992 2118
993 1492
993 2796
994 1246
994 2761
995 2584
995 2642
996 1025
997 1756
997 1712
998 1869
998 1360
999 1448
999 1297
999 1562
1000 1206
1001 2735
1001 1811
1001 2419
1002 2042
1003 1309
1003 2113
1004 2763
1005 2339
1005 1899
1005 1349
1006 2742
1007 1942
1007 1252
1007 2405
1008 1027
1008 1889
1009 2751
1009 1640
1009 1302
1010 2040
1010 1611
1011 1283
1012 1540
1012 2501
1013 1288
1014 1180
1014 1588
1015 1398
1015 1742
1016 2510
1016 1423
1016 1022
1017 2512
1018 2315
1019 1098
1020 2166
1020 1318
1020 2490
1021 2693
1021 1923
1022 1986
1022 2566
1023 1839
1023 1304
1026 2576
1026 1388
1027 2540
1028 1735
1028 2385
1028 2273
1029 1401
1030 1996
1030 1362
1031 1609
1032 2526
1032 1617
1032 1430
1033 2349
1033 2641
1034 2775
1035 1234
1035 1088
1036 2196
1036 2053
1037 1069
1038 2171
1038 2394
1038 1185
1039 2370
1040 1281
1040 2149
1041 1652
1042 1580
1043 1364
1044 2590
1044 2055
1045 1238
1045 1652
1045 1135
1046 1269
1046 1879
1047 2586
1047 2694
1048 1154
1048 2413
1049 2635
1049 1262
1050 2715
1050 1261
1050 1495
1051 1536
1052 2380
1052 1835
1052 1815
1053 2215
1053 2733
1053 1931
1054 1273
1054 2254
1055 2136
1055 1973
1056 1911
1056 2368
1056 2735
1057 2529
1057 1926
1058 1645
1058 2175
1058 2672
1059 1659
1061 2073
1062 1549
1062 1386
1063 1191
1063 1318
1064 2509
1064 2365
1065 2746
1065 2706
1065 1658
1066 2787
1066 2111
1067 2723
1067 2791
1067 1185
1068 1793
1068 2123
1069 2713
1069 1341
1070 1770
1070 1166
1070 2314
1071 1191
1071 1465
1072 2276
1072 2577
1073 1272
1073 1240
1074 2677
1075 2146
1075 2286
1076 1665
1077 1761
1077 1123
1078 2697
1079 2779
1079 1169
1080 1592
1080 1228
1080 2408
1081 1825
1081 2271
1082 2153
1083 1962
1083 1584
1084 1709
1084 2332
1085 2072
1085 1241
1086 2392
1086 2330
1087 2041
1087 1782
1087 1092
1088 2140
1089 2255
1089 1953
1090 2151
1091 2180
1092 1206
1092 1594
1093 2002
1093 1126
1094 1321
1094 2782
1094 1319
1095 2733
1096 1176
1096 2151
1096 2433
1097 2765
1097 2452
1097 2784
1098 1331
1098 1695
1099 1673
1099 2414
1100 1461
1101 1710
1101 2342
1102 1104
1102 1955
1102 1470
1103 1901
1103 2434
1104 2269
1105 1364
1106 2418
1106 1348
1107 1408
1107 1607
1108 1680
1108 1667
1109 2650
1109 1421
1110 1737
1110 1946
1111 2299
1111 1322
1112 2216
1112 2790
1113 1236
1113 1598
1114 1780
1114 1574
1115 2309
1115 1439
1116 2201
1117 2468
1117 1191
1119 2252
1119 2418
1120 2670
1120 2344
1120 2581
1121 2185
1121 2708
1122 2750
1122 2087
1122 1524
1124 2096
1125 2545
1125 1344
1125 2350
1126 2019
1126 2530
1127 2180
1127 2728
1127 1537
1128 2469
1128 2493
1129 2328
1129 1372
1130 1849
1131 1748
1132 2668
1132 2157
1133 1990
1134 1846
1135 1668
1136 2682
1136 1699
1137 2324
1137 1918
1138 1806
1139 1315
1139 2415
1140 1817
1140 1542
1141 1757
1142 2110
1142 2471
1143 1342
1143 1907
1143 2673
1144 2760
1144 2321
1144 2353
1145 2545
1145 1848
1145 2258
1146 1395
1147 2676
1147 2379
1148 2684
1148 1846
1149 2753
1150 1715
1150 2623
1151 1891
1151 2766
1152 2286
1152 2343
1152 1429
1154 2079
1156 1158
1159 1806
1159 2368
1159 1798
1160 2006
1160 2619
1161 1683
1161 1233
1161 1445
1162 1634
1163 1534
1163 1687
1164 1993
1164 2313
1165 2437
1165 2675
1166 1551
1166 2511
1168 2007
1168 2037
1169 2444
1170 1465
1171 2206
1171 2235
1172 2432
1173 1888
1173 1958
1173 1600
1174 2005
1174 1604
1175 2752
1176 1750
1177 1296
1178 2555
1178 1313
1179 2337
1179 1763
1179 1412
1180 1232
1181 1730
1181 1190
1181 2418
1182 1711
1182 1547
1183 1855
1184 2084
1184 1929
1184 2643
1186 1917
1186 1920
1187 2720
1188 2651
1189 1719
1189 1511
1192 2532
1192 2636
1192 2727
1193 1704
1193 1423
1194 1421
1194 1576
1195 1239
1195 2260
1196 1527
1198 1400
1199 1314
1199 2252
1201 1450
1202 2767
1203 2247
1203 2678
1204 1761
1204 2765
1205 2762
1205 2337
1206 2129
1207 2696
1207 1461
1208 1607
1208 2149
1209 2275
1209 1689
1209 1403
1210 1901
1211 1326
1212 1655
1213 1876
1213 2582
1214 1779
1215 2633
1216 2023
1216 2780
1217 1445
1217 1311
1218 2724
1218 2001
1219 1580
1219 1696
1220 2207
1221 2504
1221 1512
1222 1471
1222 2747
1223 2539
1224 1818
1224 1370
1225 2067
1225 2720
1225 1851
1226 2569
1227 1366
1227 1631
1227 1654
1228 2441
1229 1764
1229 2240
1230 2524
1231 2282
1233 2547
1234 2591
1235 1651
1235 1706
1236 1871
1236 2194
1237 1450
1237 2198
1238 2016
1239 1680
1240 2393
1241 1604
1241 2066
1242 1471
1242 2488
1242 1324
1243 1370
1243 2540
1244 1736
1244 2571
1244 2408
1245 2134
1246 1531
1246 1893
1247 2618
1248 2529
1248 1933
1248 1320
1249 2732
1250 1989
1251 1873
1251 2514
1251 2683
1252 1470
1254 2227
1254 1538
1255 2282
1256 2348
1258 1263
1259 1618
1259 1603
1260 2396
1261 2062
1261 1359
1262 1270
1262 2629
1264 1770
1265 2436
1265 2183
1265 2543
1266 1408
1266 1630
1267 2097
1268 1945
1268 2775
1269 2167
1270 2075
1270 2390
1271 2531
1271 2135
1272 2002
1273 2796
1274 2559
1276 1662
1276 1442
1277 2147
1277 2086
1277 1493
1278 1756
1278 2069
1279 1564
1279 2516
1280 1913
1280 2736
1280 1325
1282 2427
1283 2756
1284 1853
1284 1864
1285 1971
1286 2030
1286 2772
1286 2342
1287 2333
1287 2279
1288 1929
1289 1363
1289 1408
1291 2495
1291 1339
1291 1803
1292 2215
1292 1377
1293 1521
1293 2380
1293 2332
1294 2158
1294 1910
1294 1791
1296 2287
1297 2696
1297 1455
1298 1620
1298 1966
1298 2730
1299 1566
1300 2375
1300 1629
1301 2642
1302 1833
1303 1326
1303 2243
1303 2400
1304 2238
1305 2020
1305 1775
1306 2294
1307 2740
1308 2692
1308 1738
1308 1336
1309 1894
1310 1561
1311 1313
1311 2187
1312 1930
1313 2091
1314 2472
1315 1498
1315 2205
1316 1648
1316 1830
1317 1432
1317 1716
1318 2228
1320 1384
1321 1989
1322 1915
1322 2108
1323 1355
1323 2398
1324 1492
1325 2263
1325 2603
1327 2201
1327 1827
1327 2097
1328 2337
1328 1812
1329 2657
1330 2446
1330 1921
1331 1526
1332 1908
1332 1953
1333 1390
1333 2281
1334 1359
1334 2618
1335 1493
1335 2067
1336 2068
1337 2748
1337 2060
1338 2556
1338 1662
1338 1986
1339 2363
1340 2580
1340 2536
1341 1997
1342 2278
1343 1914
1343 2074
1343 1975
1344 1709
1344 2384
1345 2544
1346 1760
1347 2503
1347 2737
1347 1737
1348 1616
1349 1751
1350 1671
1351 2500
1351 2257
1351 1532
1352 1822
1352 1517
1353 1877
1353 1970
1354 2547
1355 2122
1356 2190
1356 2347
1356 1496
1358 2309
1358 1657
1358 1628
1359 2796
1361 1493
1361 2738
1362 2514
1362 2000
1364 1707
1366 1685
1368 1473
1368 2026
1370 2584
1371 2090
1371 1575
1371 1710
1372 2458
1372 2439
1373 2721
1373 1900
1373 2729
1374 1801
1375 1766
1375 2767
1375 1644
1376 2276
1377 1530
1378 2018
1378 1606
1379 2169
1379 1386
1379 1988
1381 1557
1382 2293
1382 2797
1382 2221
1383 1638
1384 2687
1384 2771
1385 1763
1385 1402
1385 2295
1387 2708
1389 2266
1389 1704
1391 1731
1391 2283
1392 1864
1392 1426
1393 2014
1394 2024
1394 1726
1395 2624
1395 1703
1396 1881
1396 2695
1397 1990
1397 1771
1398 1735
1399 1882
1399 1523
1400 2093
1401 2214
1402 2667
1403 2580
1404 1660
1404 2333
1404 1591
1405 1793
1406 1651
1406 1522
1406 2553
1409 2050
1409 1631
1410 1721
1411 2235
1411 2321
1412 2745
1412 2631
1413 2171
1413 2704
1414 1462
1415 2413
1415 1750
1416 2622
1417 2430
1417 2124
1417 2004
1418 2771
1418 1658
1419 1640
1420 2463
1420 2772
1420 2133
1422 1569
1422 1985
1423 2514
1424 2452
1424 2078
1426 2593
1427 1786
1427 1919
1428 1646
1428 1813
1429 2285
1430 2264
1430 2773
1431 1860
1431 1556
1431 2118
1432 1924
1432 2303
1433 1790
1434 2481
1434 2513
1434 1844
1435 1540
1435 1532
1436 1941
1437 2611
1437 2259
1438 2656
1439 1603
1440 1795
1440 1679
1441 2487
1441 2055
1442 2160
1442 1471
1443 2122
1443 2581
1443 2018
1444 1990
1444 2257
1446 1559
1446 2745
1446 2211
1447 2373
1447 1660
1447 2275
1448 1600
1448 1462
1449 1629
1450 2404
1451 1532
1452 2734
1453 1999
1454 1957
1454 2324
1454 1732
1456 2522
1456 2241
1456 1880
1457 1572
1457 2037
1458 1910
1459 2354
1459 1621
1460 2084
1460 1940
1461 2578
1462 1727
1463 2693
1463 1711
1463 2082
1464 1494
1464 1912
1465 1505
1466 1644
1467 1928
1467 1811
1467 2496
1468 2009
1469 2291
1470 2692
1473 1946
1474 2629
1474 1664
1474 2776
1475 1887
1476 1683
1476 2336
1478 2750
1478 1627
1479 2724
1479 2042
1481 2019
1481 1650
1482 2208
1483 1918
1484 2522
1485 2047
1486 2100
1487 2173
1488 2192
1489 1834
1492 1883
1494 2492
1495 2667
1496 2702
1497 2610
1497 1546
1498 2460
1498 1560
1499 1805
1499 2720
1500 2286
1500 1824
1500 2089
1502 1635
1502 2587
1503 2714
1504 2574
1504 1805
1505 2339
1506 2213
1506 1885
1506 1545
1507 2244
1507 2046
1508 2688
1508 2644
1508 2124
1509 1883
1509 2758
1510 2743
1513 2164
1513 2243
1514 2085
1514 2691
1515 1841
1516 1909
1516 2731
1517 1892
1518 1912
1519 2023
1519 1553
1519 2027
1520 1959
1520 2335
1521 2576
1522 2352
1523 2467
1524 1549
1524 2466
1525 1918
1525 1963
1527 1610
1528 1925
1529 1541
1529 2503
1529 1642
1530 1606
1531 1789
1531 2662
1534 1548
1534 2012
1535 2146
1539 2415
1539 1957
1540 1840
1541 1573
1542 2183
1543 2598
1543 2725
1544 1552
1546 2660
1546 1616
1547 2184
1547 1835
1548 2310
1548 1783
1549 2096
1550 2643
1550 1651
1551 2147
1552 2217
1552 1677
1553 2795
1553 2038
1554 2073
1555 2124
1555 2182
1556 1565
1558 2632
1558 1792
1559 2640
1559 2407
1560 1624
1561 2231
1562 2703
1562 2440
1563 2163
1563 1934
1565 2649
1565 2266
1566 2786
1566 1740
1567 1955
1568 2382
1568 2102
1568 2381
1569 2261
1570 2477
1570 1740
1571 2131
1571 2172
1571 1841
1573 2439
1575 1844
1577 2329
1578 2609
1579 1746
1579 2445
1579 2226
1581 2036
1581 1940
1582 1742
1583 2594
1583 1672
1584 2543
1586 2443
1586 1738
1586 2491
1587 2285
1588 1772
1588 2789
1589 2300
1590 1728
1590 2083
1591 2464
1592 2107
1593 2277
1593 1691
1593 2466
1594 1617
1594 2459
1595 1854
1597 1646
1597 2516
1598 2480
1598 2540
1599 2609
1599 2036
1600 2093
1601 2012
1601 2370
1602 2033
1602 1985
1603 2732
1604 2558
1605 2799
1606 2460
1607 2076
1608 2598
1608 1939
1608 2616
1610 2171
1611 2195
1612 2043
1612 2005
1613 1718
1613 2632
1614 1983
1614 2761
1615 2086
1615 2365
1617 2237
1618 1870
1619 2111
1620 2361
1621 1911
1622 2303
1622 1657
1623 2687
1623 2534
1624 1672
1624 2673
1625 2401
1626 2663
1626 1898
1627 2770
1628 2555
1629 1694
1630 2615
1632 2478
1633 2651
1634 1706
1634 1829
1635 1890
1635 1815
1636 2464
1636 2350
1638 2048
1638 2074
1639 2563
1639 1852
1640 2324
1641 2411
1643 2404
1643 2757
1643 2560
1644 1972
1645 2359
1645 2497
1647 1807
1647 2395
1647 1778
1648 1671
1649 2008
1649 1989
1653 2609
1653 2026
1654 2203
1654 2049
1656 2255
1656 2450
1656 2626
1657 2616
1659 2052
1661 2326
1662 2039
1663 1723
1666 2267
1667 2203
1669 2177
1670 2022
1670 1938
1672 2546
1673 2261
1674 2023
1674 2101
1675 2014
1675 2356
1676 2391
1676 2169
1677 1875
1678 2759
1679 2508
1680 2150
1681 2383
1681 2108
1681 2788
1682 2283
1682 2178
1682 1807
1683 2185
1684 1803
1685 2571
1685 2223
1686 2664
1688 1826
1688 2234
1688 2034
1689 2515
1690 2408
1691 2053
1692 1744
1693 2557
1693 2218
1693 2210
1694 2375
1695 2305
1696 2479
1696 2792
1698 1810
1699 2378
1699 2690
1700 2689
1701 1876
1701 2212
1702 2410
1702 2296
1703 2628
1703 1931
1704 2532
1705 2068
1707 1829
1707 1929
1708 1928
1708 2199
1709 2587
1710 2712
1711 2501
1712 2757
1713 1838
1713 1753
1713 1995
1714 2789
1714 2141
1715 1960
1716 2300
1717 1769
1718 2429
1719 2245
1719 2470
1720 2107
1720 2166
1720 1938
1722 2600
1723 2045
1723 2008
1724 2109
1724 1879
1725 1820
1725 2664
1726 1859
1729 2074
1729 1943
1730 1867
1732 1863
1734 2761
1734 2013
1734 2778
1735 2141
1736 1764
1736 2635
1738 1791
1739 2789
1740 2753
1741 1794
1741 2447
1741 2083
1743 2031
1744 2490
1744 2672
1745 1909
1745 2692
1745 2468
1746 2713
1746 1951
1747 2770
1748 2685
1749 2431
1750 2726
1751 1876
1751 2523
1752 2461
1753 2542
1754 2532
1754 1977
1754 2046
1755 2003
1755 2515
1756 2307
1757 2125
1758 2466
1758 1902
1760 1906
1762 2768
1763 2502
1765 1787
1765 2011
1765 2653
1767 2250
1768 2666
1769 2306
1770 2544
1772 2019
1773 2645
1773 2197
1774 2360
1775 2197
1776 2345
1777 2464
1778 2498
1778 2027
1779 1799
1780 2085
1781 2088
1782 2354
1783 2057
1784 1819
1785 2486
1785 1884
1786 2511
1787 2054
1788 2248
1788 2449
1789 2367
1789 2489
1790 2351
1790 2473
1791 2442
1794 2766
1794 2630
1796 2355
1796 2391
1797 2186
1797 2740
1798 2546
1798 1927
1799 2707
1799 2779
1800 2674
1800 2358
1800 2537
1802 2448
1802 1813
1804 1868
1809 2388
1809 2177
1810 1819
1810 1998
1811 1952
1814 1956
1815 2395
1816 2245
1816 1871
1820 2056
1820 2059
1822 2675
1822 2548
1823 2488
1825 1923
1825 2786
1826 1880
1827 1984
1828 2778
1829 2447
1830 2702
1830 2568
1832 2253
1832 2320
1832 2352
1834 2741
1834 1991
1836 2244
1836 2700
1837 1885
1837 2006
1839 2039
1839 2538
1840 2592
1840 2572
1842 2703
1843 2768
1843 2397
1844 2711
1846 2360
1847 2302
1850 2400
1852 2204
1852 2781
1854 2094
1854 2506
1855 2557
1856 2174
1857 2762
1858 1903
1858 2782
1858 1954
1859 2104
1859 2334
1860 2737
1863 2325
1865 2224
1865 2698
1867 2398
1868 2284
1869 2424
1870 2474
1873 2328
1874 2665
1874 2193
1875 2278
1875 2336
1877 2310
1878 2054
1880 2638
1881 1915
1882 2461
1882 2677
1883 2592
1884 2354
1884 2656
1885 2081
1886 2451
1887 2153
1888 2388
1889 2649
1889 2716
1890 2368
1891 2358
1892 2791
1892 2476
1893 2336
1894 2240
1896 2216
1896 2748
1897 2557
1897 2020
1898 2453
1899 2364
1900 2200
1900 2272
1902 2482
1904 2194
1905 2338
1906 2134
1907 1937
1907 2238
1908 2167
1909 2162
1910 2695
1912 2416
1916 2571
1916 2288
1916 2426
1919 2127
1921 2469
1922 2357
1923 1950
1924 2214
1925 2465
1925 1948
1926 1948
1928 2267
1930 1992
1931 2168
1933 2537
1935 2566
1935 2490
1936 2280
1936 2602
1937 2274
1939 2230
1940 1980
1942 2270
1943 2063
1944 2307
1944 2783
1944 2049
1945 2702
1947 2594
1949 2730
1949 2272
1950 2013
1951 2480
1954 2604
1959 2689
1960 2238
1964 2256
1966 2316
1967 2084
1967 2613
1968 2109
1968 2661
1969 2033
1972 2128
1977 2437
1977 2655
1978 2294
1979 2613
1979 2407
1979 2719
1980 2317
1980 2554
1982 2137
1982 2451
1983 2121
1984 2038
1986 2754
1988 2004
1988 2099
1991 2256
1994 2586
1995 2249
1996 2718
1997 2559
1999 2132
2000 2725
2000 2329
2001 2364
2004 2308
2005 2568
2007 2431
2007 2066
2009 2757
2009 2272
2010 2205
2010 2585
2010 2755
2013 2457
2014 2631
2015 2791
2016 2323
2017 2716
2017 2057
2017 2446
2020 2322
2021 2154
2021 2191
2021 2050
2022 2144
2025 2105
2025 2379
2026 2637
2028 2644
2028 2663
2030 2206
2031 2646
2033 2736
2035 2516
2035 2754
2037 2154
2038 2517
2040 2298
2040 2111
2041 2542
2044 2567
2045 2099
2047 2454
2049 2394
2050 2637
2051 2424
2052 2574
2053 2228
2054 2648
2058 2694
2059 2215
2060 2183
2062 2422
2064 2427
2064 2164
2064 2237
2067 2150
2069 2572
2070 2477
2070 2447
2070 2373
2071 2751
2071 2582
2072 2476
2073 2764
2075 2622
2075 2581
2076 2628
2077 2166
2077 2730
2078 2452
2080 2627
2081 2289
2081 2225
2083 2569
2087 2287
2088 2589
2089 2536
2093 2379
2095 2686
2095 2713
2097 2765
2098 2264
2102 2626
2103 2290
2103 2749
2105 2162
2106 2291
2106 2777
2106 2340
2110 2442
2112 2707
2113 2127
2114 2671
2115 2649
2116 2519
2117 2454
2117 2671
2118 2357
2119 2297
2121 2601
2125 2739
2125 2576
2126 2489
2126 2206
2128 2755
2128 2341
2129 2199
2129 2480
2130 2511
2133 2778
2135 2433
2135 2652
2136 2213
2137 2607
2138 2634
2138 2168
2140 2237
2141 2781
2142 2595
2142 2387
2143 2216
2143 2712
2144 2460
2145 2191
2148 2654
2150 2222
2153 2793
2155 2423
2156 2260
2157 2319
2159 2705
2161 2769
2161 2731
2161 2675
2165 2203
2170 2613
2172 2787
2173 2568
2174 2502
2178 2710
2179 2459
2181 2233
2181 2637
2185 2317
2186 2685
2186 2639
2188 2756
2189 2326
2193 2759
2196 2627
2201 2686
2202 2318
2204 2513
2207 2746
2208 2549
2208 2596
2210 2524
2211 2666
2211 2343
2212 2425
2219 2302
2224 2700
2226 2596
2226 2679
2229 2678
2232 2499
2234 2619
2242 2624
2242 2739
2243 2671
2245 2621
2248 2727
2248 2698
2249 2780
2249 2346
2250 2706
2251 2486
2253 2392
2254 2768
2254 2505
2256 2648
2258 2394
2258 2608
2259 2583
2259 2377
2262 2666
2264 2614
2265 2425
2267 2623
2268 2659
2268 2421
2270 2517
2271 2775
2273 2326
2273 2655
2274 2605
2274 2742
2275 2371
2277 2743
2277 2573
2279 2355
2281 2644
2282 2600
2287 2491
2290 2509
2292 2440
2295 2558
2296 2308
2297 2785
2298 2527
2301 2682
2303 2670
2305 2423
2305 2340
2306 2527
2311 2607
2311 2369
2314 2390
2316 2572
2317 2443
2318 2708
2322 2601
2323 2435
2323 2562
2325 2664
2325 2523
2328 2507
2329 2338
2330 2621
2331 2681
2331 2401
2331 2635
2335 2428
2335 2695
2340 2440
2341 2658
2345 2434
2346 2441
2347 2482
2350 2564
2352 2786
2355 2680
2359 2608
2361 2415
2366 2374
2366 2400
2366 2799
2367 2597
2367 2525
2369 2715
2371 2787
2374 2764
2378 2661
2380 2738
2382 2654
2383 2455
2386 2497
2386 2600
2387 2617
2387 2476
2392 2583
2399 2465
2406 2780
2406 2528
2410 2606
2412 2763
2413 2428
2419 2689
2420 2585
2422 2538
2422 2718
2423 2539
2424 2521
2426 2766
2430 2626
2432 2723
2434 2728
2436 2725
2445 2539
2445 2683
2448 2682
2450 2617
2453 2489
2455 2673
2456 2582
2457 2560
2458 2681
2461 2750
2468 2659
2469 2770
2472 2723
2472 2473
2473 2790
2475 2561
2475 2653
2477 2754
2483 2724
2484 2493
2485 2562
2486 2517
2487 2494
2493 2774
2499 2697
2500 2776
2503 2599
2504 2636
2504 2678
2508 2697
2512 2701
2513 2614
2518 2728
2520 2601
2526 2742
2530 2588
2531 2744
2535 2758
2535 2793
2536 2547
2545 2633
2551 2670
2551 2573
2552 2567
2555 2592
2559 2782
2561 2612
2562 2755
2565 2798
2577 2712
2578 2612
2589 2643
2591 2663
2595 2650
2602 2679
2606 2651
2621 2680
2625 2760
2640 2799
2648 2797
2657 2688
2658 2680
2665 2788
2674 2699
2686 2774
2691 2734
2735 2794
2740 2764
2763 2788
