0 493
0 198
0 1392
1 1967
1 609
1 492
2 496
2 806
2 709
3 1617
3 403
3 355
4 361
4 788
4 1749
5 758
5 1499
5 454
6 943
6 1080
6 621
7 1168
7 1733
7 821
8 1060
8 1912
8 966
9 920
9 958
9 1861
10 472
10 546
10 1095
11 691
11 922
11 1883
12 897
12 1560
12 857
13 222
13 1390
13 1528
14 588
14 590
14 1417
15 757
15 1022
15 328
16 1508
16 86
16 1081
17 181
17 923
17 1718
18 491
18 1285
18 1183
19 496
19 433
19 1502
20 469
20 992
20 1480
21 310
21 523
21 1384
22 337
22 950
22 853
23 1898
23 59
23 1054
24 1379
24 731
24 477
25 678
25 435
25 1389
26 1451
26 648
26 54
27 550
27 1382
27 1022
28 402
28 393
28 1389
29 1041
29 1619
29 84
30 933
30 339
30 146
31 1593
31 999
31 880
32 996
32 919
32 1066
33 1594
33 1000
33 357
34 1142
34 417
34 1973
35 1977
35 831
35 326
36 935
36 662
36 663
37 1519
37 1283
37 1605
38 937
38 1622
38 1962
39 1438
39 1325
39 1225
40 288
40 379
40 844
41 607
41 1537
41 151
42 291
42 1261
42 70
43 166
43 476
43 899
44 621
44 140
44 499
45 852
45 1188
45 1918
46 507
46 1670
46 1519
47 997
47 1541
47 795
48 714
48 1056
48 1177
49 1863
49 782
49 952
50 1556
50 1063
50 523
51 1720
51 511
51 789
52 1429
52 1819
52 1767
53 1165
53 441
53 223
54 1133
54 781
55 514
55 277
55 279
56 1213
56 1370
56 1385
57 1444
57 1390
57 664
58 1829
58 685
58 401
59 454
59 1472
60 417
60 914
60 1312
61 1855
61 1673
61 1398
62 655
62 987
62 207
63 1281
63 577
63 168
64 325
64 517
64 1766
65 335
65 1760
65 1364
66 958
66 750
66 238
67 217
67 549
67 848
68 1680
68 1803
68 1127
69 1522
69 961
69 332
70 293
70 637
71 1708
71 784
71 414
72 931
72 1385
72 1567
73 197
73 244
73 1173
74 740
74 1966
74 1527
75 1591
75 1076
75 1187
76 563
76 829
76 907
77 655
77 1073
77 1120
78 669
78 1715
78 1930
79 324
79 422
79 217
80 451
80 243
80 1910
81 83
81 1520
81 1542
82 1764
82 101
82 1159
83 1302
83 1546
84 418
84 1876
85 984
85 1723
85 884
86 811
86 1313
87 1356
87 1685
87 954
88 763
88 1813
88 1086
89 432
89 1172
89 1571
90 721
90 1009
90 1001
91 1950
91 1465
91 719
92 1921
92 1933
92 668
93 1285
93 283
93 900
94 316
94 1498
94 945
95 1821
95 1227
95 342
96 336
96 1102
96 1906
97 1770
97 1816
97 1135
98 1744
98 1194
98 1426
99 1606
99 398
99 478
100 1274
100 1995
100 1552
101 1436
101 258
102 690
102 1179
102 366
103 691
103 1234
103 1037
104 824
104 1984
104 1876
105 333
105 166
105 1238
106 331
106 1412
106 1407
107 448
107 705
107 128
108 944
108 865
108 981
109 343
109 1328
109 1090
110 406
110 1875
110 1870
111 1613
111 1872
111 1232
112 1633
112 166
112 1045
113 1239
113 735
113 1676
114 1438
114 1541
114 713
115 1860
115 1003
115 1986
116 1154
116 1665
116 609
117 786
117 494
117 479
118 486
118 444
118 247
119 636
119 428
119 1754
120 1108
120 1064
120 406
121 1598
121 1215
121 1525
122 1983
122 124
122 928
123 1730
123 288
123 1516
124 335
124 1195
125 356
125 1798
125 726
126 1290
126 1072
126 910
127 1756
127 934
127 1235
128 1127
128 1368
129 1532
129 1646
129 1500
130 1777
130 1108
130 471
131 1665
131 961
131 1841
132 1990
132 839
132 1466
133 1293
133 1765
133 774
134 427
134 1029
134 1980
135 460
135 138
135 566
136 171
136 896
136 378
137 206
137 571
137 404
138 232
138 753
139 1047
139 1854
139 797
140 693
140 1539
141 559
141 775
141 896
142 247
142 1526
142 1543
143 244
143 319
143 1083
144 1821
144 1233
144 884
145 1893
145 1740
145 408
146 1760
146 1447
147 1999
147 347
147 1652
148 1774
148 416
148 365
149 1128
149 1591
149 1725
150 1890
150 810
150 263
151 518
151 1855
152 671
152 157
152 224
153 1334
153 159
153 306
154 1635
154 1308
154 1118
155 1749
155 1697
155 1731
156 1134
156 534
156 293
157 652
157 279
158 1433
158 1848
158 1441
159 1378
159 344
160 1942
160 1326
160 197
161 1842
161 1540
161 1032
162 1085
162 204
162 546
163 1921
163 576
163 1657
164 886
164 1817
164 472
165 1426
165 1642
165 1212
167 1950
167 176
167 1510
168 1204
168 477
169 665
169 415
169 1888
170 1475
170 1092
170 911
171 1322
171 1164
172 1975
172 698
172 700
173 694
173 1785
173 937
174 1143
174 1983
174 1181
175 1491
175 1957
175 1330
176 1575
176 1317
177 1220
177 1660
177 1400
178 491
178 569
178 768
179 570
179 374
179 1159
180 1637
180 1417
180 1476
181 754
181 241
182 1300
182 1136
182 333
183 864
183 635
183 278
184 527
184 1442
184 1572
185 704
185 594
185 1272
186 963
186 595
186 1229
187 532
187 413
187 1414
188 1110
188 1173
188 423
189 1578
189 390
189 1440
190 1501
190 424
190 1132
191 1435
191 1965
191 439
192 653
192 1727
192 1439
193 1808
193 377
193 1363
194 602
194 1760
194 406
195 1920
195 492
195 694
196 1494
196 350
196 451
197 1357
198 693
198 1483
199 1718
199 697
199 1226
200 421
200 602
200 1301
201 1423
201 840
201 1681
202 427
202 1082
202 1469
203 1013
203 1698
203 322
204 1817
204 1946
205 1976
205 1260
205 814
206 1829
206 1058
207 1248
207 435
208 1546
208 1470
208 689
209 1156
209 1551
209 1937
210 325
210 969
210 1355
211 1547
211 645
211 1572
212 1612
212 1581
212 371
213 1720
213 1490
213 720
214 899
214 241
214 242
215 538
215 1895
215 764
216 1813
216 1831
216 862
217 1421
218 426
218 1885
218 298
219 690
219 1424
219 1028
220 1268
220 1822
220 744
221 1556
221 674
221 1318
222 1643
222 1020
223 837
223 541
224 994
224 931
225 1098
225 558
225 353
226 288
226 1140
226 1716
227 1272
227 606
227 991
228 521
228 677
228 1922
229 371
229 397
229 1713
230 1226
230 1527
230 1607
231 607
231 1742
231 1717
232 429
232 1337
233 1625
233 836
233 1927
234 340
234 510
234 379
235 372
235 698
235 1931
236 861
236 831
236 446
237 583
237 1453
237 1279
238 1698
238 1390
239 798
239 1370
239 801
240 1075
240 1947
240 1793
241 892
242 826
242 1495
243 1735
243 1715
244 1748
245 1997
245 1242
245 482
246 247
246 1084
246 1864
248 877
248 632
248 267
249 1239
249 1783
249 289
250 705
250 1876
250 1549
251 1090
251 1048
251 1953
252 1335
252 1291
252 1821
253 807
253 734
253 1759
254 957
254 1369
254 1352
255 1933
255 369
255 1077
256 1024
256 1455
256 1251
257 1295
257 1658
257 514
258 1957
258 383
259 1809
259 1656
259 1471
260 1958
260 326
260 407
261 1664
261 448
261 394
262 1706
262 354
262 1757
263 368
263 683
264 1657
264 613
264 626
265 986
265 749
265 385
266 1419
266 686
266 1379
267 1861
267 436
268 1232
268 980
268 1806
269 1367
269 1803
269 846
270 808
270 1626
270 922
271 1246
271 1171
271 1117
272 1427
272 414
272 1642
273 1611
273 1470
273 543
274 470
274 858
274 1653
275 1334
275 465
275 1505
276 371
276 701
276 1099
277 702
277 1521
278 1270
278 1971
279 1279
280 1350
280 348
280 1675
281 1276
281 329
281 1369
282 1253
282 1596
282 807
283 1129
283 1742
284 630
284 1257
284 1998
285 810
285 1114
285 1976
286 1940
286 1278
286 1780
287 619
287 1670
287 1505
289 1059
289 1737
290 1374
290 542
290 1604
291 785
291 1834
292 455
292 1949
292 1928
293 1919
294 711
294 835
294 382
295 1538
295 1342
295 1974
296 1063
296 1263
296 968
297 1207
297 1274
297 1291
298 393
298 1701
299 369
299 1538
299 1115
300 1720
300 1448
300 1163
301 1694
301 1400
301 728
302 964
302 1087
302 940
303 1125
303 489
303 690
304 1616
304 1158
304 546
305 796
305 412
305 1618
306 1131
306 381
307 1187
307 1797
307 762
308 898
308 1637
308 561
309 444
309 790
309 947
310 1826
310 1080
311 1587
311 1386
311 992
312 1910
312 1913
312 813
313 1429
313 1807
313 1831
314 583
314 487
314 1645
315 853
315 822
315 758
316 1582
316 421
317 1055
317 540
317 1605
318 1166
318 837
318 1007
319 1741
319 1491
320 1177
320 1071
320 377
321 1288
321 584
321 1488
322 1188
322 1178
323 993
323 1989
323 1373
324 917
324 894
325 1858
326 1801
327 751
327 920
327 1122
328 677
328 1772
329 1029
329 610
330 1018
330 1255
330 1225
331 659
331 946
332 1360
332 894
333 1756
334 503
334 596
334 474
335 1684
336 1293
336 465
337 912
337 828
338 1264
338 1209
338 1729
339 1763
339 928
340 663
340 1247
341 1944
341 1957
341 1136
342 1019
342 1618
343 1600
343 1420
344 1411
344 727
345 1721
345 1985
345 794
346 821
346 1252
346 385
347 527
347 608
348 1267
348 1744
349 814
349 705
349 1234
350 593
350 1874
351 1930
351 1766
351 1712
352 1707
352 1955
352 946
353 1857
353 1088
354 1034
354 809
355 1908
355 1485
356 1445
356 876
357 1880
357 418
358 805
358 1403
358 388
359 929
359 409
359 1468
360 1780
360 1769
360 1587
361 1462
361 1904
362 942
362 1518
362 706
363 1326
363 428
363 1189
364 1517
364 1897
364 567
365 1901
365 1222
366 1206
366 762
367 1849
367 537
367 1281
368 1265
368 480
369 1094
370 1199
370 1068
370 1322
372 1147
372 725
373 1192
373 1901
373 866
374 608
374 894
375 1439
375 1923
375 1366
376 1586
376 1663
376 1004
377 1599
378 747
378 1530
379 553
380 856
380 846
380 495
381 1236
381 1702
382 888
382 1049
383 1908
383 1853
384 1549
384 721
384 390
385 804
386 676
386 1303
386 1800
387 487
387 1043
387 1527
388 1392
388 459
389 1214
389 1338
389 735
390 1675
391 909
391 646
391 1364
392 1614
392 1671
392 1882
393 1583
394 1341
394 1693
395 502
395 807
395 1566
396 1692
396 1515
396 1949
397 918
397 1650
398 969
398 1854
399 1460
399 1118
399 1511
400 1761
400 913
400 1233
401 1089
401 1797
402 1668
402 1039
403 736
403 1051
404 1139
404 579
405 477
405 919
405 1685
407 1136
407 759
408 1462
408 1952
409 1437
409 1726
410 565
410 1216
410 525
411 1943
411 719
411 1174
412 1693
412 1690
413 667
413 871
414 1564
415 1093
415 1259
416 1257
416 1225
417 1452
418 1067
419 1135
419 1768
419 535
420 1893
420 561
420 600
421 1276
422 1421
422 1616
423 1402
423 1896
424 1963
424 1375
425 597
425 1568
425 1968
426 1932
426 1646
427 1244
428 1473
429 1434
429 818
430 449
430 1420
430 1586
431 679
431 1254
431 1446
432 1264
432 1070
433 1886
433 1710
434 921
434 1120
434 1158
435 1534
436 1286
436 1171
437 1043
437 1035
437 1731
438 1774
438 940
438 704
439 1994
439 537
440 1836
440 1440
440 1719
441 1459
441 1111
442 449
442 571
442 1565
443 1162
443 460
443 1938
444 1434
445 1006
445 1476
445 1900
446 1190
446 1469
447 1398
447 1321
447 1137
448 1138
449 646
450 1306
450 1800
450 1613
451 770
452 1254
452 1251
452 1151
453 1941
453 1943
453 668
454 1209
455 1177
455 1618
456 1345
456 1256
456 673
457 1070
457 649
457 978
458 1520
458 896
458 1895
459 603
459 1237
460 1458
461 1152
461 815
461 1057
462 1435
462 1160
462 800
463 1845
463 1284
463 623
464 627
464 748
464 910
465 526
466 1509
466 488
466 1148
467 1638
467 1739
467 939
468 1160
468 1055
468 493
469 483
469 1448
470 850
470 1518
471 1203
471 1913
472 1299
473 1501
473 1008
473 1860
474 589
474 1671
475 1764
475 631
475 1282
476 638
476 791
478 1738
478 1750
479 569
479 480
480 1964
481 515
481 1907
481 1622
482 1517
482 1777
483 506
483 545
484 1209
484 1872
484 797
485 849
485 1945
485 1979
486 1633
486 1030
487 1214
488 1844
488 1891
489 1454
489 1360
490 906
490 1395
490 1306
491 593
492 1830
493 566
494 1995
494 1039
495 941
495 618
496 1952
497 503
497 1037
497 1402
498 809
498 1134
498 1909
499 858
499 1044
500 1478
500 672
500 1116
501 834
501 1344
501 588
502 584
502 1670
503 1034
504 563
504 1076
504 767
505 685
505 1577
505 1963
506 973
506 815
507 974
507 1982
508 1920
508 1349
508 745
509 1217
509 1364
509 1907
510 1464
510 1850
511 899
511 1199
512 1825
512 911
512 903
513 1144
513 890
513 1812
514 741
515 1365
515 1722
516 1325
516 1590
516 654
517 893
517 1676
518 1401
518 1804
519 1236
519 1340
519 1735
520 1909
520 988
520 1956
521 539
521 1336
522 890
522 585
522 1545
523 919
524 1733
524 1207
524 834
525 1201
525 1112
526 1656
526 1736
527 1937
528 1141
528 1431
528 1656
529 1702
529 977
529 715
530 1373
530 1862
530 1612
531 1489
531 1327
531 1879
532 732
532 1758
533 988
533 977
533 847
534 1894
534 1569
535 692
535 835
536 1716
536 747
536 792
537 1320
538 804
538 768
539 1542
539 1973
540 1110
540 824
541 729
541 826
542 1485
542 1985
543 1164
543 1510
544 1762
544 1521
544 1533
545 729
545 1094
547 1792
547 794
547 1954
548 1959
548 747
548 628
549 1815
549 1633
550 1492
550 1945
551 870
551 816
551 808
552 1828
552 1665
552 1557
553 614
553 1172
554 587
554 1902
554 1915
555 1529
555 661
555 1292
556 1926
556 1180
556 1853
557 1151
557 1031
557 692
558 1474
558 1015
559 1005
559 1022
560 1789
560 823
560 706
561 1823
562 609
562 1867
562 1327
563 849
564 1098
564 1300
564 1865
565 1832
565 1659
566 1282
567 1783
567 710
568 1393
568 1075
568 1405
569 902
570 971
570 1487
571 908
572 729
572 1394
572 1649
573 661
573 1560
573 1707
574 1328
574 777
574 1584
575 841
575 1850
575 1313
576 1742
576 1302
577 798
577 824
578 1781
578 802
578 932
579 1535
579 600
580 1640
580 1965
580 1130
581 670
581 1563
581 1554
582 1265
582 1413
582 1843
583 816
584 1286
585 1496
585 873
586 1223
586 1180
586 1858
587 1271
587 1781
588 1495
589 721
589 932
590 1640
590 1881
591 649
591 783
591 950
592 1804
592 1685
592 938
593 1116
594 1859
594 1914
595 1756
595 604
596 1096
596 1261
597 1271
597 1986
598 1173
598 1287
598 1124
599 1606
599 1600
599 1978
600 1013
601 685
601 1623
601 1023
602 870
603 686
603 1319
604 1663
604 1801
605 1877
605 1384
605 1210
606 1141
606 1697
607 1262
608 1885
610 914
610 1260
611 943
611 1980
611 1310
612 1415
612 891
612 915
613 926
613 1405
614 892
614 1630
615 1851
615 1653
615 1621
616 1804
616 916
616 772
617 624
617 1662
617 1211
618 1669
618 1406
619 1354
619 1269
620 1814
620 1647
620 1772
621 1978
622 1205
622 635
622 1755
623 1129
623 867
624 670
624 912
625 1603
625 978
625 1599
626 1578
626 1335
627 1331
627 1283
628 1951
628 1005
629 1496
629 1552
629 863
630 1788
630 1778
631 765
631 1421
632 835
632 1262
633 1032
633 845
633 859
634 1738
634 1155
634 1354
635 1851
636 1243
636 1074
637 1191
637 1646
638 1696
638 716
639 1853
639 1910
639 1193
640 676
640 930
640 1751
641 1195
641 922
641 1092
642 1107
642 1714
642 707
643 906
643 1253
643 1210
644 986
644 1746
644 805
645 1336
645 1547
646 793
647 779
647 813
647 1146
648 1682
648 1905
649 1047
650 1519
650 1694
650 1442
651 1088
651 1535
651 1650
652 1356
652 983
653 1931
653 1299
654 1674
654 1062
655 1081
656 1949
656 1640
656 1632
657 1734
657 855
657 1630
658 796
658 769
658 1200
659 1625
659 1984
660 1882
660 1452
660 1563
661 1870
662 1786
662 1767
663 1169
664 1275
664 1104
665 1017
665 1445
666 681
666 1849
666 1158
667 1800
667 1773
668 1433
669 717
669 1459
670 855
671 1227
671 1362
672 879
672 1628
673 1316
673 1683
674 1924
674 1838
675 1402
675 1732
675 1512
676 1776
677 1655
678 699
678 1532
679 1574
679 1430
680 1595
680 1100
680 782
681 1175
681 1735
682 921
682 1289
682 1326
683 1428
683 1299
684 1621
684 881
684 1040
686 1864
687 794
687 1711
687 1127
688 1298
688 1664
688 1269
689 1161
689 1504
691 1782
692 1100
693 1153
694 1415
695 765
695 934
695 1045
696 1824
696 1534
696 1348
697 1434
697 1146
698 860
699 1432
699 1924
700 858
700 1433
701 935
701 1539
702 1125
702 1693
703 1194
703 845
703 759
704 822
706 972
707 1155
707 1902
708 1248
708 1493
708 1169
709 1748
709 1002
710 1672
710 1998
711 1298
711 1443
712 738
712 1776
712 872
713 1319
713 1273
714 1387
714 1865
715 891
715 1879
716 1277
716 1580
717 1419
717 887
718 1608
718 1741
718 996
719 1344
720 873
720 1440
722 1747
722 1285
722 1759
723 1325
723 1580
723 1642
724 1062
724 918
724 1493
725 1079
725 751
726 1176
726 1274
727 965
727 1929
728 1682
728 1153
730 1321
730 917
730 1623
731 1867
731 953
732 1138
732 1571
733 1728
733 986
733 1591
734 1026
734 1503
735 1509
736 1565
736 1692
737 1796
737 787
737 776
738 1624
738 1068
739 1099
739 1763
739 1025
740 1651
740 1585
741 1410
741 1873
742 1314
742 797
742 1228
743 1966
743 1387
743 1146
744 1636
744 1784
745 756
745 1951
746 1620
746 1072
746 1569
748 758
748 1499
749 1296
749 1915
750 1477
750 1009
751 1165
752 1479
752 897
752 1121
753 1627
753 1538
754 1221
754 1301
755 1012
755 1231
755 1689
756 1580
756 1255
757 1180
757 1303
759 1976
760 1373
760 1886
760 796
761 803
761 1049
761 1843
762 1813
763 1564
763 1787
764 1996
764 1176
765 994
766 1320
766 1812
766 1163
767 1247
767 1218
768 1011
769 952
769 1009
770 1145
770 1754
771 1014
771 1091
771 1719
772 874
772 1672
773 1124
773 877
773 1973
774 1504
774 926
775 783
775 1012
776 856
776 1652
777 799
777 1883
778 1368
778 1600
778 1645
779 1330
779 1424
780 1558
780 1739
780 1622
781 990
781 1324
782 1356
783 1169
784 976
784 909
785 1375
785 1137
786 1890
786 1074
787 844
787 924
788 1260
788 1768
789 1577
789 890
790 1069
790 1572
791 1437
791 1336
792 1960
792 1654
793 1639
793 1065
795 953
795 1041
798 1778
799 1817
799 1588
800 1927
800 1571
801 1752
801 1039
802 1514
802 1612
803 1585
803 1310
804 1620
805 995
806 1602
806 1255
808 1001
809 1581
810 1947
811 1011
811 1688
812 1919
812 908
812 1745
813 1175
814 1507
815 1296
816 1000
817 1404
817 1847
817 957
818 1085
818 930
819 1378
819 1097
819 900
820 1734
820 1603
820 1273
821 1444
822 1051
823 1056
823 1708
825 1008
825 1131
825 1366
826 1889
827 836
827 985
827 1217
828 1872
828 1579
829 1406
829 1101
830 1031
830 1628
830 1523
831 1134
832 1508
832 1545
832 1295
833 1082
833 1608
833 1297
834 1060
836 1725
837 1308
838 1912
838 1839
838 1478
839 1013
839 1431
840 1584
840 1875
841 1993
841 1148
842 1324
842 1923
842 914
843 1750
843 848
843 1944
844 1053
845 1490
846 1184
847 1190
847 1583
848 1200
849 1078
850 1794
850 1701
851 936
851 1456
851 1820
852 1634
852 1316
853 1975
854 1660
854 1587
854 1314
855 1726
856 1811
857 1997
857 1228
859 1809
859 1537
860 1451
860 1059
861 1250
861 1871
862 1043
862 1856
863 913
863 1765
864 1605
864 1823
865 1023
865 1788
866 982
866 1678
867 1748
867 1352
868 990
868 1067
868 940
869 1270
869 1559
869 1097
870 927
871 1383
871 1103
872 1979
872 1795
873 1133
874 1172
874 933
875 1392
875 1835
875 1839
876 904
876 1554
877 1347
878 1332
878 1645
878 1484
879 1310
879 1930
880 982
880 1489
881 1667
881 1611
882 1884
882 1154
882 1679
883 1515
883 1309
883 925
884 1579
885 1450
885 980
885 1488
886 1135
886 1436
887 1855
887 1483
888 1811
888 923
889 1925
889 1372
889 1594
891 1467
892 953
893 1340
893 1010
895 1111
895 1358
895 1704
897 1570
898 1089
898 1724
900 1848
901 1762
901 1205
901 1725
902 1513
902 1736
903 1401
903 1027
904 1457
904 1704
905 1017
905 1481
905 1218
906 1866
907 1681
907 1105
908 1494
909 1093
910 929
911 1425
912 1021
913 1892
915 1686
915 1303
916 1340
916 1958
917 1851
918 1429
920 1558
921 1652
923 1673
924 1942
924 1190
925 1726
925 1111
926 1845
927 1810
927 1677
928 1485
929 1459
930 1474
931 1377
932 956
933 1672
934 1347
935 1944
936 1601
936 1184
937 1480
938 1008
938 1409
939 1524
939 1964
941 1986
941 1444
942 1550
942 1574
943 979
944 975
944 1450
945 1194
945 1137
946 1227
947 1786
947 1463
948 1301
948 1500
948 1461
949 1909
949 1010
949 1539
950 1358
951 1774
951 1191
951 1425
952 1969
954 1694
954 1431
955 1061
955 1034
955 1091
956 1462
956 1371
957 1831
958 1967
959 1757
959 1201
959 1061
960 1215
960 1330
960 1799
961 1514
962 1184
962 1516
962 1700
963 1565
963 1229
964 1562
964 1166
965 1153
965 1264
966 1696
966 1397
967 1483
967 1687
967 1978
968 1793
968 1661
969 1244
970 1300
970 1825
970 1936
971 1143
971 1488
972 1077
972 1198
973 1700
973 1379
974 1722
974 1856
975 1701
975 1682
976 1428
976 1856
977 1001
978 1729
979 1098
979 1566
980 1962
981 1771
981 1807
982 1231
983 1243
983 1365
984 1998
984 1109
985 1279
985 1894
987 1844
987 1069
988 1200
989 1342
989 1743
989 1294
990 1464
991 1878
991 1486
992 1383
993 1604
993 1308
994 1651
995 1063
995 1368
996 1970
997 1695
997 1866
998 1850
998 1304
998 1318
999 1250
999 1893
1000 1716
1002 1236
1002 1543
1003 1391
1003 1561
1004 1777
1004 1686
1005 1624
1006 1106
1006 1418
1007 1415
1007 1822
1010 1171
1011 1393
1012 1648
1014 1523
1014 1548
1015 1635
1015 1206
1016 1553
1016 1896
1016 1545
1017 1767
1018 1277
1018 1982
1019 1798
1019 1551
1020 1479
1020 1221
1021 1815
1021 1730
1023 1975
1024 1708
1024 1498
1025 1042
1025 1773
1026 1648
1026 1388
1027 1148
1027 1149
1028 1120
1028 1629
1029 1149
1030 1304
1030 1528
1031 1397
1032 1181
1033 1233
1033 1985
1033 1339
1035 1780
1035 1408
1036 1864
1036 1395
1036 1839
1037 1087
1038 1547
1038 1208
1038 1242
1040 1686
1040 1744
1041 1805
1042 1427
1042 1814
1044 1972
1044 1845
1045 1812
1046 1636
1046 1540
1046 1615
1047 1581
1048 1449
1048 1230
1049 1675
1050 1679
1050 1117
1050 1374
1051 1388
1052 1215
1052 1833
1052 1066
1053 1505
1053 1522
1054 1699
1054 1816
1055 1061
1056 1770
1057 1790
1057 1865
1058 1948
1058 1442
1059 1196
1060 1678
1062 1849
1064 1170
1064 1269
1065 1691
1065 1639
1066 1335
1067 1344
1068 1249
1069 1607
1070 1531
1071 1947
1071 1994
1072 1959
1073 1475
1073 1223
1074 1669
1075 1193
1076 1644
1077 1359
1078 1713
1078 1140
1079 1422
1079 1333
1080 1388
1081 1718
1082 1277
1083 1553
1083 1737
1084 1712
1084 1936
1085 1775
1086 1559
1086 1449
1087 1919
1088 1873
1089 1662
1090 1394
1091 1790
1092 1803
1093 1468
1094 1649
1095 1666
1095 1603
1096 1840
1096 1312
1097 1809
1099 1198
1100 1466
1101 1717
1101 1430
1102 1667
1102 1474
1103 1924
1103 1917
1104 1113
1104 1786
1105 1658
1105 1968
1106 1658
1106 1724
1107 1282
1107 1745
1108 1846
1109 1746
1109 1522
1110 1887
1112 1418
1112 1420
1113 1164
1113 1992
1114 1287
1114 1989
1115 1667
1115 1922
1116 1696
1117 1937
1118 1157
1119 1939
1119 1457
1119 1446
1121 1837
1121 1630
1122 1784
1122 1753
1123 1660
1123 1464
1123 1928
1124 1843
1125 1960
1126 1956
1126 1889
1126 1367
1128 1323
1128 1460
1129 1423
1130 1897
1130 1165
1131 1791
1132 1178
1132 1576
1133 1372
1138 1456
1139 1868
1139 1607
1140 1892
1141 1290
1142 1530
1142 1981
1143 1144
1144 1506
1145 1761
1145 1533
1147 1906
1147 1410
1149 1567
1150 1585
1150 1687
1150 1749
1151 1183
1152 1246
1152 1970
1154 1796
1155 1343
1156 1911
1156 1465
1157 1832
1157 1615
1159 1179
1160 1562
1161 1816
1161 1811
1162 1515
1162 1219
1163 1211
1166 1361
1167 1941
1167 1880
1167 1220
1168 1479
1168 1306
1170 1911
1170 1202
1174 1873
1174 1412
1175 1317
1176 1396
1178 1892
1179 1497
1181 1689
1182 1683
1182 1288
1182 1827
1183 1594
1185 1502
1185 1945
1185 1902
1186 1453
1186 1380
1186 1291
1187 1822
1188 1666
1189 1525
1189 1907
1191 1992
1192 1915
1192 1943
1193 1377
1195 1951
1196 1214
1196 1721
1197 1507
1197 1775
1197 1671
1198 1888
1199 1721
1201 1555
1202 1570
1202 1307
1203 1375
1203 1874
1204 1557
1204 1962
1205 1220
1206 1393
1207 1381
1208 1548
1208 1627
1210 1639
1211 1298
1212 1649
1212 1477
1213 1352
1213 1284
1216 1377
1216 1616
1217 1625
1218 1703
1219 1244
1219 1566
1221 1537
1222 1351
1222 1972
1223 1245
1224 1662
1224 1311
1224 1763
1226 1691
1228 1690
1229 1484
1230 1857
1230 1784
1231 1829
1232 1380
1234 1875
1235 1896
1235 1898
1237 1486
1237 1576
1238 1713
1238 1370
1239 1710
1240 1449
1240 1307
1240 1631
1241 1679
1241 1706
1241 1801
1242 1695
1243 1280
1245 1413
1245 1922
1246 1929
1247 1903
1248 1621
1249 1533
1249 1695
1250 1438
1251 1608
1252 1926
1252 1446
1253 1588
1254 1770
1256 1901
1256 1557
1257 1341
1258 1309
1258 1884
1258 1668
1259 1296
1259 1313
1261 1490
1262 1396
1263 1688
1263 1583
1265 1361
1266 1982
1266 1757
1266 1338
1267 1592
1267 1628
1268 1520
1268 1698
1270 1329
1271 1750
1272 1899
1273 1570
1275 1925
1275 1828
1276 1692
1278 1597
1278 1346
1280 1917
1280 1458
1281 1394
1283 1939
1284 1999
1286 1655
1287 1531
1288 1840
1289 1406
1289 1582
1290 1842
1292 1926
1292 1641
1293 1903
1294 1697
1294 1906
1295 1404
1297 1414
1297 1321
1302 1355
1304 1992
1305 1647
1305 1461
1305 1974
1307 1553
1309 1729
1311 1681
1311 1386
1312 1810
1314 1691
1315 1885
1315 1614
1315 1342
1316 1870
1317 1648
1318 1950
1319 1805
1320 1981
1322 1741
1323 1814
1323 1410
1324 1791
1327 1789
1328 1471
1329 1714
1329 1806
1331 1598
1331 1574
1332 1337
1332 1383
1333 1677
1333 1792
1334 1432
1337 1874
1338 1341
1339 1347
1339 1584
1343 1743
1343 1877
1345 1740
1345 1416
1346 1543
1346 1555
1348 1752
1348 1867
1349 1847
1349 1818
1350 1918
1350 1923
1351 1877
1351 1961
1353 1832
1353 1769
1353 1894
1354 1881
1355 1403
1357 1771
1357 1453
1358 1629
1359 1871
1359 1958
1360 1830
1361 1473
1362 1779
1362 1981
1363 1900
1363 1647
1365 1900
1366 1595
1367 1860
1369 1805
1371 1799
1371 1745
1372 1552
1374 1727
1376 1914
1376 1598
1376 1592
1378 1889
1380 1723
1381 1929
1381 1941
1382 1852
1382 1413
1384 1826
1385 1890
1386 1484
1387 1959
1389 1626
1391 1558
1391 1535
1395 1513
1396 1869
1397 1414
1398 1498
1399 1854
1399 1673
1399 1794
1400 1955
1401 1409
1403 1663
1404 1437
1405 1991
1407 1530
1407 1461
1408 1787
1408 1996
1409 1634
1411 1623
1411 1758
1412 1797
1416 1457
1416 1846
1417 1619
1418 1948
1419 1573
1422 1935
1422 1781
1423 1486
1424 1659
1425 1599
1426 1884
1427 1492
1428 1573
1430 1863
1432 1529
1435 1954
1436 1606
1439 1684
1441 1513
1441 1722
1443 1891
1443 1465
1445 1614
1447 1753
1447 1724
1448 1454
1450 1544
1451 1984
1452 1562
1454 1590
1455 1954
1455 1635
1456 1536
1458 1990
1460 1644
1463 1917
1463 1573
1466 1773
1467 1709
1467 1579
1468 1651
1469 1714
1470 1925
1471 1497
1472 1480
1472 1551
1473 1704
1475 1540
1476 1980
1477 1921
1478 1796
1481 1500
1481 1531
1482 1541
1482 1993
1482 1544
1487 1869
1487 1863
1489 1823
1491 1810
1492 1934
1493 1680
1494 1771
1495 1807
1496 1626
1497 1595
1499 1940
1501 1613
1502 1897
1503 1536
1503 1963
1504 1991
1506 1578
1506 1878
1507 1914
1508 1653
1509 1510
1511 1739
1511 1974
1512 1629
1512 1559
1514 1955
1516 1834
1517 1965
1518 1825
1521 1868
1523 1987
1524 1548
1524 1703
1525 1709
1526 1783
1526 1668
1528 1529
1532 1948
1534 1830
1536 1791
1542 1592
1544 1561
1546 1601
1549 1818
1550 1778
1550 1793
1554 1556
1555 1983
1560 1709
1561 1619
1563 1936
1564 1643
1567 1970
1568 1752
1568 1689
1569 1967
1575 1953
1575 1593
1576 1677
1577 1956
1582 1808
1586 1859
1588 1908
1589 1835
1589 1848
1589 1676
1590 1972
1593 1730
1596 1920
1596 1838
1597 1940
1597 1661
1601 1808
1602 1733
1602 1700
1604 1723
1609 1790
1609 1826
1609 1610
1610 1886
1610 1617
1611 1659
1615 1706
1617 1731
1620 1841
1624 1710
1627 1772
1631 1827
1631 1728
1632 1835
1632 1687
1634 1993
1636 1905
1637 1768
1638 1759
1638 1705
1641 1862
1641 1838
1643 1994
1644 1705
1650 1761
1654 1887
1654 1977
1655 1712
1657 1666
1661 1802
1664 1785
1669 1755
1674 1991
1674 1732
1678 1792
1680 1846
1683 1934
1684 1878
1688 1912
1690 1931
1699 1927
1699 1882
1702 1705
1703 1758
1707 1782
1711 1806
1711 1953
1715 1787
1717 1753
1719 1836
1727 1961
1728 1837
1732 1852
1734 1999
1736 1798
1737 1852
1738 1819
1740 1743
1746 1794
1747 1785
1747 1766
1751 1869
1751 1871
1754 1755
1762 1779
1764 1765
1769 1988
1775 1932
1776 1789
1779 1968
1782 1918
1788 1840
1795 1842
1795 1938
1799 1916
1802 1946
1802 1820
1815 1939
1818 1859
1819 1858
1820 1966
1824 1904
1824 1861
1827 1833
1828 1952
1833 1932
1834 1935
1836 1971
1837 1891
1841 1996
1844 1995
1847 1960
1857 1988
1862 1969
1866 1987
1868 1946
1879 1942
1880 1934
1881 1964
1883 1935
1887 1899
1888 1916
1895 1899
1898 1969
1903 1990
1904 1997
1905 1987
1911 1961
1913 1977
1916 1938
1928 1989
1933 1979
1971 1988
