0 37
0 1309
0 1360
1 763
1 1043
1 1279
2 294
2 624
2 1554
3 966
3 2016
3 36
4 1378
4 1666
4 1994
5 1130
5 1374
5 633
6 1609
6 622
6 576
7 23
7 1758
7 97
8 606
8 1554
8 1170
9 211
9 188
9 209
10 1104
10 611
10 2033
11 1967
11 2058
11 415
12 1171
12 565
12 569
13 1075
13 989
13 1136
14 1360
14 705
14 1786
15 172
15 1025
15 1501
16 1408
16 892
16 564
17 1440
17 1981
17 384
18 1013
18 2029
18 408
19 1598
19 80
19 2020
20 536
20 476
20 91
21 1806
21 1654
21 1816
22 1255
22 1889
22 36
23 1843
23 1923
24 528
24 1103
24 1551
25 149
25 1042
25 1959
26 1546
26 699
26 1199
27 374
27 661
27 1076
28 1748
28 1870
28 653
29 899
29 1912
29 711
30 83
30 581
30 842
31 380
31 1141
31 1544
32 225
32 1095
32 1339
33 1238
33 1853
33 102
34 1562
34 1115
34 1392
35 425
35 846
35 232
36 77
37 1852
37 2088
38 1652
38 1017
38 1105
39 1540
39 66
39 1922
40 575
40 1114
40 1379
41 634
41 1867
41 1538
42 1437
42 712
42 2004
43 194
43 570
43 645
44 846
44 683
44 322
45 842
45 1594
45 241
46 972
46 1623
46 879
47 742
47 946
47 1333
48 116
48 2017
48 1840
49 315
49 772
49 211
50 1405
50 298
50 1556
51 524
51 1015
51 1976
52 1969
52 926
52 1096
53 1112
53 487
53 1248
54 1817
54 1357
54 609
55 1023
55 1777
55 601
56 167
56 1940
56 556
57 1058
57 1355
57 355
58 1994
58 529
58 1699
59 375
59 1586
59 1176
60 1311
60 2083
60 801
61 1933
61 1023
61 1466
62 1301
62 466
62 1801
63 1350
63 1227
63 543
64 751
64 1190
64 1654
65 1491
65 933
65 1477
66 1683
66 499
67 218
67 1678
67 367
68 822
68 1001
68 1542
69 1275
69 1972
69 959
70 175
70 1464
70 603
71 246
71 1415
71 646
72 326
72 1363
72 1401
73 1951
73 1082
73 93
74 2052
74 928
74 1798
75 155
75 1020
75 540
76 2040
76 1819
76 1832
77 410
77 379
78 277
78 917
78 1794
79 104
79 679
79 549
80 203
80 1272
81 1977
81 1858
81 1132
82 1135
82 1625
82 326
83 1940
83 1636
84 305
84 1280
84 994
85 1629
85 971
85 2021
86 585
86 1491
86 234
87 1125
87 1533
87 1937
88 2082
88 2033
88 1342
89 860
89 1622
89 1104
90 2004
90 646
90 736
91 1452
91 1124
92 1622
92 1372
92 1355
93 1821
93 1384
94 201
94 1899
94 1684
95 1932
95 1217
95 816
96 908
96 1472
96 1056
97 456
97 1957
98 1825
98 1011
98 1608
99 1485
99 1180
99 622
100 1207
100 559
100 1029
101 1186
101 1841
101 1381
102 986
102 256
103 305
103 879
103 1479
104 442
104 729
105 128
105 373
105 1889
106 1157
106 2017
106 1476
107 1374
107 395
107 1713
108 1878
108 1936
108 898
109 1708
109 1292
109 1691
110 1407
110 769
110 389
111 1505
111 204
111 1090
112 718
112 536
112 1783
113 1982
113 372
113 208
114 199
114 1486
114 957
115 1884
115 1651
115 1862
116 1812
116 1174
117 671
117 902
117 2053
118 857
118 1532
118 655
119 2011
119 1091
119 1137
120 1956
120 503
120 1077
121 463
121 1856
121 1385
122 1771
122 331
122 167
123 1203
123 501
123 833
124 627
124 1346
124 434
125 651
125 323
125 811
126 618
126 1897
126 1441
127 827
127 1813
127 924
128 224
128 1497
129 201
129 1182
129 937
130 1559
130 1826
130 1057
131 932
131 350
131 1457
132 658
132 1112
132 453
133 910
133 767
133 1529
134 1851
134 584
134 1270
135 1572
135 609
135 190
136 1985
136 1535
136 764
137 1793
137 1048
137 1435
138 1970
138 969
138 1791
139 1696
139 249
139 1894
140 1741
140 1511
140 963
141 815
141 1777
141 1870
142 767
142 590
142 1859
143 1299
143 1089
143 1423
144 1215
144 1187
144 1824
145 829
145 183
145 519
146 1625
146 496
146 1964
147 1942
147 734
147 2082
148 1746
148 1867
148 2045
149 1871
149 512
150 1736
150 1278
150 1081
151 2081
151 176
151 2050
152 1684
152 371
152 462
153 1512
153 1140
153 536
154 978
154 1029
154 2012
155 623
155 1775
156 1863
156 1270
156 1470
157 847
157 284
157 888
158 1358
158 624
158 1110
159 1985
159 1513
159 1036
160 1090
160 541
160 1590
161 939
161 1803
161 1147
162 1041
162 1419
162 1365
163 1694
163 1920
163 630
164 1809
164 897
164 1427
165 1802
165 1518
165 1554
166 1322
166 1177
166 1282
167 1577
168 619
168 1315
168 1990
169 1213
169 500
169 1481
170 1917
170 1192
170 237
171 780
171 1515
171 1736
172 1563
172 191
173 627
173 1004
173 1049
174 805
174 745
174 987
175 182
175 660
176 386
176 262
177 1254
177 761
177 838
178 1370
178 1196
178 999
179 455
179 1564
179 1093
180 2000
180 2068
180 381
181 708
181 1993
181 706
182 1802
182 1750
183 1644
183 817
184 1211
184 1343
184 654
185 1710
185 904
185 1602
186 1196
186 1238
186 550
187 1784
187 731
187 768
188 385
188 795
189 749
189 1103
189 656
190 1410
190 608
191 690
191 552
192 962
192 1645
192 472
193 1642
193 551
193 546
194 1224
194 1699
195 1070
195 1595
195 1291
196 831
196 891
196 1381
197 1358
197 523
197 749
198 1036
198 1787
198 740
199 591
199 1274
200 1198
200 1290
200 1623
201 245
202 754
202 1130
202 1940
203 1437
203 1088
204 2061
204 1251
205 1113
205 1620
205 1377
206 815
206 1331
206 954
207 1386
207 968
207 1329
208 1984
208 980
209 379
209 1735
210 270
210 1692
210 862
211 1648
212 1841
212 390
212 624
213 1987
213 1375
213 666
214 1091
214 1593
214 977
215 1847
215 1656
215 1261
216 1958
216 529
216 485
217 1431
217 1463
217 2042
218 1053
218 1001
219 947
219 1542
219 1346
220 1321
220 1326
220 985
221 759
221 490
221 1514
222 1426
222 614
222 1893
223 1035
223 1225
223 1690
224 1332
224 1299
225 1467
225 1178
226 1487
226 466
226 899
227 566
227 1146
227 880
228 1205
228 1138
228 272
229 2043
229 2057
229 1303
230 894
230 619
230 1446
231 1276
231 1123
231 1378
232 1289
232 1740
233 744
233 1336
233 1558
234 1605
234 413
235 979
235 508
235 1062
236 443
236 1877
236 592
237 2015
237 1764
238 1979
238 258
238 1175
239 407
239 1929
239 797
240 2009
240 764
240 1536
241 1855
241 1406
242 850
242 1478
242 1537
243 1645
243 1509
243 1026
244 476
244 1757
244 805
245 1468
245 1475
246 465
246 301
247 318
247 1203
247 2019
248 267
248 1713
248 1340
249 714
249 895
250 1586
250 1413
250 1452
251 717
251 698
251 1571
252 588
252 1913
252 677
253 476
253 1765
253 807
254 1266
254 478
254 2058
255 470
255 1698
255 1596
256 1330
256 1294
257 1396
257 1714
257 631
258 919
258 1599
259 985
259 1259
259 1990
260 510
260 1241
260 854
261 872
261 635
261 639
262 836
262 646
263 1745
263 1858
263 2070
264 1349
264 1810
264 2019
265 610
265 1061
265 1259
266 1801
266 1466
266 883
267 870
267 1578
268 1312
268 930
268 753
269 1962
269 796
269 1273
270 2030
270 927
271 856
271 1466
271 1644
272 627
272 557
273 1444
273 852
273 1032
274 982
274 1218
274 1894
275 599
275 778
275 2080
276 363
276 594
276 351
277 1546
277 1074
278 993
278 988
278 1022
279 1209
279 431
279 1369
280 1506
280 965
280 1958
281 1973
281 796
281 1391
282 1394
282 867
282 1371
283 1913
283 335
283 1145
284 1331
284 783
285 393
285 1639
285 994
286 1088
286 997
286 820
287 448
287 1080
287 675
288 415
288 845
288 1983
289 1996
289 487
289 2019
290 321
290 1942
290 324
291 1972
291 1599
291 2088
292 577
292 1462
292 1033
293 1160
293 983
293 1233
294 841
294 2057
295 1759
295 1078
295 861
296 1120
296 705
296 343
297 1781
297 1431
297 1193
298 1553
298 2016
299 1218
299 1444
299 1008
300 991
300 1446
300 1196
301 1827
301 1529
302 923
302 2083
302 728
303 702
303 669
303 347
304 2093
304 412
304 1436
305 398
306 991
306 672
306 1041
307 1264
307 2003
307 1760
308 443
308 335
308 814
309 819
309 1438
309 901
310 1720
310 800
310 1885
311 1819
311 1410
311 602
312 670
312 838
312 1016
313 668
313 317
313 990
314 825
314 2038
314 423
315 1611
315 432
316 725
316 1614
316 652
317 1975
317 757
318 427
318 623
319 1971
319 1338
319 1174
320 792
320 1568
320 942
321 1883
321 517
322 563
322 928
323 940
323 1131
324 330
324 1748
325 509
325 654
325 1199
326 1334
327 1904
327 1848
327 1764
328 396
328 1249
328 1869
329 1420
329 1245
329 430
330 1781
330 1453
331 538
331 1998
332 588
332 2008
332 1591
333 1818
333 1476
333 1407
334 1159
334 1978
334 911
335 605
336 1810
336 1096
336 1085
337 791
337 710
337 888
338 581
338 351
338 2062
339 1422
339 1303
339 1954
340 2065
340 700
340 701
341 939
341 696
341 1320
342 871
342 698
342 1408
343 1749
343 872
344 674
344 562
344 1682
345 1067
345 539
345 1795
346 1694
346 1655
346 542
347 1605
347 605
348 890
348 1454
348 2042
349 1165
349 647
349 1322
350 1718
350 1160
351 450
352 891
352 757
352 1695
353 382
353 982
353 1898
354 374
354 554
354 491
355 871
355 1517
356 1034
356 763
356 511
357 1383
357 1582
357 1575
358 2031
358 1909
358 1463
359 2025
359 1727
359 1952
360 1648
360 450
360 1587
361 1143
361 428
361 1696
362 1592
362 978
362 1955
363 1693
363 752
364 467
364 1268
364 1879
365 1892
365 413
365 2075
366 2053
366 1084
366 796
367 1157
367 894
368 1169
368 1403
368 574
369 1944
369 1946
369 1494
370 1440
370 1146
370 1071
371 498
371 1177
372 1910
372 1050
373 1242
373 934
374 1589
375 1236
375 527
376 2064
376 1330
376 1235
377 2023
377 978
377 440
378 1891
378 1464
378 1258
379 1905
380 1691
380 1741
381 1782
381 1178
382 1255
382 1206
383 1773
383 1520
383 979
384 934
384 896
385 1333
385 1266
386 946
386 701
387 2048
387 939
387 2043
388 1756
388 1152
388 1067
389 584
389 1122
390 730
390 942
391 1262
391 1552
391 516
392 1206
392 698
392 634
393 1981
393 992
394 1212
394 567
394 1361
395 1123
395 1998
396 720
396 1469
397 1936
397 2065
397 1660
398 1537
398 2021
399 547
399 1980
399 1324
400 1995
400 906
400 1934
401 1903
401 1567
401 1315
402 2005
402 1621
402 1964
403 1409
403 1931
403 1348
404 1326
404 779
404 574
405 1832
405 1725
405 1032
406 1287
406 465
406 877
407 1459
407 1573
408 1121
408 790
409 867
409 894
409 1831
410 1547
410 1059
411 1006
411 1219
411 1576
412 1954
412 1744
413 1005
414 1981
414 1452
414 1173
415 814
416 1410
416 474
416 1143
417 1948
417 825
417 1719
418 1935
418 590
418 1874
419 1916
419 1808
419 2068
420 895
420 1051
420 844
421 1249
421 1121
421 1549
422 1366
422 2024
422 1972
423 1790
423 789
424 1811
424 952
424 1496
425 748
425 1395
426 1318
426 648
426 1377
427 502
427 1508
428 1260
428 1770
429 905
429 1970
429 441
430 1619
430 1037
431 943
431 451
432 1329
432 826
433 1544
433 897
433 677
434 1707
434 1766
435 1588
435 1527
435 1814
436 1991
436 1594
436 497
437 935
437 2089
437 514
438 528
438 1637
438 1596
439 970
439 664
439 1866
440 1988
440 1805
441 865
441 2080
442 1703
442 976
443 1106
444 513
444 1937
444 890
445 1872
445 1707
445 1635
446 1602
446 708
446 2052
447 1518
447 2073
447 1876
448 2025
448 1802
449 793
449 1460
449 1418
450 524
451 560
451 1206
452 1895
452 672
452 610
453 893
453 1054
454 2090
454 1209
454 903
455 1625
455 855
456 1788
456 943
457 500
457 1334
457 1134
458 1560
458 1926
458 1123
459 1248
459 726
459 571
460 1665
460 513
460 1352
461 1022
461 662
461 851
462 899
462 563
463 754
463 605
464 615
464 827
464 684
465 1503
466 953
467 1789
467 1393
468 773
468 961
468 479
469 568
469 497
469 1712
470 1426
470 742
471 762
471 885
471 1209
472 1269
472 1948
473 1425
473 1253
473 932
474 1359
474 1925
475 1367
475 629
475 1115
477 1998
477 1310
477 1375
478 1790
478 1561
479 1549
479 629
480 1740
480 1555
480 1559
481 1778
481 561
481 1305
482 1132
482 1786
482 1258
483 735
483 848
483 660
484 1792
484 1069
484 1699
485 1896
485 1824
486 1435
486 1240
486 1992
487 1076
488 1089
488 1653
488 603
489 2081
489 626
489 1277
490 1264
490 1862
491 1018
491 495
492 1097
492 1890
492 1280
493 1507
493 1266
493 2006
494 1901
494 1850
494 1297
495 699
495 1093
496 1845
496 613
497 688
498 613
498 1002
499 2073
499 1766
500 2032
501 1636
501 640
502 1502
502 843
503 1838
503 573
504 817
504 695
504 1705
505 1708
505 725
505 1408
506 1184
506 1790
506 1882
507 1428
507 1286
507 1032
508 1038
508 844
509 1750
509 1697
510 2029
510 869
511 1848
511 1044
512 612
512 1472
513 1980
514 1565
514 1571
515 1337
515 1686
515 1490
516 987
516 1366
517 2097
517 898
518 1312
518 1702
518 1250
519 1083
519 744
520 1906
520 963
520 776
521 551
521 1830
521 1745
522 2049
522 641
522 669
523 535
523 870
524 1460
525 696
525 1770
525 1364
526 1139
526 1789
526 1770
527 886
527 1552
528 858
529 727
530 1416
530 1852
530 857
531 1904
531 1297
531 1778
532 1104
532 1117
532 2023
533 1364
533 1885
533 1584
534 628
534 652
534 2076
535 680
535 1969
537 730
537 2009
537 2094
538 1865
538 1536
539 1526
539 750
540 617
540 1192
541 671
541 703
542 863
542 1110
543 1361
543 1024
544 579
544 1838
544 1018
545 1923
545 1487
545 1558
546 682
546 1279
547 718
547 1030
548 1679
548 1557
548 1787
549 1317
549 658
550 2097
550 1627
551 1701
552 1579
552 882
553 1485
553 2015
553 930
554 1577
554 1800
555 683
555 1808
555 1503
556 1114
556 1964
557 1523
557 2027
558 1133
558 751
558 1214
559 1204
559 1532
560 942
560 1284
561 904
561 1634
562 876
562 737
563 724
564 1512
564 1557
565 846
565 1799
566 1829
566 1579
567 1996
567 2009
568 1540
568 1068
569 1319
569 1150
570 784
570 1270
571 1106
571 1628
572 763
572 1404
572 1925
573 1449
573 1850
574 1511
575 1399
575 1454
576 1172
576 704
577 1222
577 1833
578 842
578 1112
578 1202
579 956
579 2045
580 1453
580 1424
580 1403
581 2072
582 2048
582 783
582 1944
583 781
583 1335
583 1470
584 1273
585 1156
585 1579
586 1175
586 1197
586 1633
587 1367
587 1868
587 644
588 979
589 642
589 830
589 1611
590 748
591 1951
591 1107
592 1194
592 1416
593 2050
593 1732
593 1834
594 1766
594 1006
595 636
595 1132
595 1311
596 1100
596 1426
596 909
597 1066
597 1014
597 1480
598 1997
598 2034
598 2018
599 924
599 1131
600 921
600 1627
600 1830
601 1231
601 877
602 1158
602 1703
603 777
604 1235
604 664
604 1329
606 2060
606 1534
607 1215
607 1705
607 1076
608 1087
608 1609
609 1372
610 1275
611 1025
611 1113
612 829
612 686
613 975
614 1518
614 1689
615 1543
615 1908
616 1530
616 715
616 792
617 1730
617 1844
618 1946
618 1228
619 620
620 1148
620 831
621 1780
621 1086
621 1638
622 820
623 1924
625 1383
625 1428
625 714
626 1300
626 1158
628 777
628 729
629 1689
630 1186
630 1521
631 1916
631 1273
632 1879
632 992
632 1718
633 1794
633 1370
634 1892
635 1890
635 1550
636 843
636 1523
637 640
637 1736
637 1576
638 1202
638 1643
638 732
639 1463
639 803
640 1187
641 1729
641 906
642 1495
642 1133
643 2074
643 2077
643 787
644 1233
644 1589
645 1324
645 1430
647 1481
647 833
648 1033
648 1926
649 806
649 986
649 1800
650 1751
650 2022
650 1734
651 1492
651 1586
652 1562
653 964
653 1333
654 1891
655 1477
655 1528
656 1220
656 1828
657 1038
657 815
657 1821
658 693
659 1260
659 822
659 1953
660 1099
661 1316
661 695
662 1612
662 908
663 1574
663 826
663 775
664 1952
665 701
665 2085
665 730
666 1021
666 1015
667 2016
667 893
667 1867
668 1224
668 1397
669 1234
670 1908
670 1657
671 1526
672 1296
673 1840
673 938
673 866
674 856
674 1288
675 940
675 1789
676 1229
676 1319
676 1522
677 1288
678 824
678 1432
678 793
679 1965
679 1373
680 1537
680 819
681 1332
681 1145
681 1392
682 1486
682 1947
683 1490
684 813
684 1248
685 1986
685 1601
685 1406
686 1989
686 1829
687 1500
687 1899
687 2061
688 1801
688 692
689 1621
689 1159
689 2039
690 1257
690 1767
691 1304
691 2083
691 2039
692 1710
692 839
693 2011
693 1895
694 1455
694 1070
694 729
695 1912
696 1470
697 1432
697 850
697 1723
699 1635
700 752
700 1645
702 1068
702 712
703 1153
703 1607
704 1354
704 1882
705 1241
706 1677
706 1451
707 751
707 1918
707 1606
708 893
709 1875
709 1515
709 1835
710 1111
710 1445
711 852
711 813
712 1058
713 853
713 1955
713 1394
714 1633
715 1757
715 1063
716 1063
716 1439
716 1161
717 1344
717 907
718 2029
719 927
719 943
719 935
720 2043
720 864
721 981
721 1042
721 2036
722 1534
722 853
722 1122
723 1050
723 799
723 2093
724 1438
724 1480
725 741
726 1965
726 989
727 1188
727 2037
728 768
728 1145
731 1630
731 1413
732 1451
732 1781
733 1539
733 849
733 2023
734 915
734 1848
735 900
735 1837
736 1731
736 1601
737 1025
737 813
738 1017
738 1886
738 883
739 2098
739 2075
739 1800
740 1578
740 1797
741 1658
741 1963
742 1864
743 911
743 1606
743 2064
744 1079
745 1481
745 1870
746 1659
746 1986
746 1591
747 975
747 1068
747 875
748 1671
749 905
750 948
750 1825
752 1167
753 1095
753 1700
754 1313
755 1269
755 1095
755 1723
756 1830
756 1647
756 2077
757 2098
758 1658
758 1231
758 1389
759 1048
759 1151
760 1462
760 1343
760 1877
761 1298
761 1963
762 834
762 1609
764 1061
765 1820
765 1360
765 1425
766 1937
766 1061
766 1226
767 838
768 960
769 1551
769 1167
770 1057
770 2085
770 2037
771 1872
771 1447
771 1716
772 1724
772 1220
773 2086
773 1724
774 2010
774 1628
774 1387
775 1239
775 2094
776 1232
776 1834
777 2006
778 1504
778 1475
779 1457
779 843
780 1285
780 2050
781 880
781 1938
782 1692
782 944
782 1601
783 1350
784 941
784 888
785 2028
785 940
785 1051
786 1443
786 1678
786 1053
787 1846
787 812
788 1250
788 1782
788 1615
789 931
789 1783
790 1071
790 1050
791 825
791 1709
792 1467
793 1836
794 1263
794 1455
794 849
795 957
795 900
797 1984
797 995
798 1478
798 1888
798 1837
799 2074
799 1721
800 840
800 1727
801 1108
801 1208
802 1378
802 1330
802 1521
803 1532
803 1488
804 909
804 833
804 1144
805 1492
806 1045
806 2048
807 1889
807 2046
808 1600
808 1043
808 1872
809 926
809 2040
809 1473
810 1054
810 1649
810 1810
811 1030
811 987
812 922
812 1960
814 1314
816 1683
816 1298
817 1769
818 1278
818 1228
818 1858
819 1417
820 973
821 1847
821 2056
821 1497
822 1454
823 1180
823 1204
823 1430
824 1219
824 1023
826 1037
827 2026
828 2092
828 1302
828 1161
829 1468
830 1100
830 1379
831 1753
832 1214
832 1040
832 876
834 1521
834 1150
835 1474
835 1658
835 1384
836 1965
836 1441
837 974
837 941
837 1768
839 1072
839 1021
840 1804
840 1779
841 2076
841 1618
844 1074
845 973
845 1181
847 1475
847 1413
848 1923
848 1430
849 1052
850 2095
851 1003
851 1536
852 1414
853 1670
854 1483
854 1632
855 1533
855 1569
856 1395
857 1875
858 1292
858 1257
859 1484
859 1700
859 861
860 1019
860 1101
861 1137
862 2070
862 1745
863 1637
863 1227
864 1356
864 1294
865 1156
865 897
866 962
866 1505
867 1048
868 1197
868 1200
868 2063
869 1945
869 2051
870 1875
871 1086
872 914
873 1188
873 1698
873 1424
874 1987
874 2067
874 1661
875 1342
875 1103
876 1918
877 1526
878 1749
878 1807
878 1777
879 1149
880 1160
881 1016
881 1523
881 951
882 1390
882 1955
883 887
884 1485
884 1548
884 900
885 1654
885 1077
886 1271
886 1880
887 1504
887 923
889 921
889 1639
889 1376
890 1715
891 1087
892 1743
892 1633
895 2020
896 1531
896 1530
898 1277
901 1743
901 1761
902 1651
902 1698
903 1598
903 1473
904 965
905 2002
906 2063
907 1312
907 1279
908 1327
909 1816
910 1572
910 995
911 1538
912 1174
912 1761
912 1738
913 2036
913 1342
913 1856
914 2042
914 972
915 1971
915 1995
916 1246
916 1991
916 1506
917 1306
917 1486
918 1117
918 1628
918 1199
919 1379
919 1100
920 1380
920 1402
920 1459
921 1603
922 1368
922 1739
923 1855
924 1412
925 1195
925 1882
925 1500
926 1513
927 1568
928 2087
929 2015
929 2078
929 1008
930 2030
931 1674
931 1635
932 1983
933 1010
933 1616
934 1400
935 1918
936 1499
936 1349
936 1860
937 1494
937 1064
938 1878
938 1605
941 1244
944 1759
944 1077
945 1344
945 1455
945 1431
946 1904
947 975
947 1617
948 1863
948 1285
949 1752
949 1257
949 1868
950 1752
950 1369
950 1846
951 1805
951 1401
952 1392
952 1255
953 1442
953 1567
954 1013
954 1134
955 1599
955 1798
955 1737
956 1917
956 1074
957 1929
958 1216
958 1000
958 1596
959 1561
959 1907
960 1958
960 2066
961 1985
961 1126
962 1106
963 1332
964 1806
964 1719
965 998
966 1535
966 1539
967 1179
967 1169
967 1072
968 1060
968 1686
969 1037
969 1516
970 1758
970 1119
971 1031
971 1681
972 1534
973 1512
974 1683
974 1896
976 1353
976 1630
977 1185
977 1779
980 1253
980 1193
981 1458
981 2047
982 1547
983 1844
983 1244
984 1282
984 1501
984 1092
985 1154
986 1966
988 1447
988 2090
989 1437
990 2099
990 1897
991 1712
992 1620
993 1735
993 1862
994 1968
995 1009
996 1295
996 1066
996 1855
997 1974
997 1216
998 1597
998 1391
999 1973
999 1054
1000 1411
1000 1516
1001 1607
1002 1373
1002 1748
1003 1365
1003 1568
1004 1006
1004 1187
1005 1128
1005 1808
1007 1183
1007 1450
1007 1949
1008 1153
1009 1846
1009 1418
1010 1704
1010 1928
1011 1741
1011 1182
1012 1663
1012 1069
1012 1600
1013 1822
1014 1538
1014 1570
1015 1577
1016 2002
1017 1624
1018 1676
1019 1604
1019 1595
1020 1854
1020 2039
1021 1545
1022 2099
1024 1081
1024 1181
1026 1992
1026 1618
1027 1665
1027 1105
1027 1139
1028 1254
1028 1432
1028 1785
1029 1508
1030 2012
1031 1754
1031 1825
1033 1428
1034 1388
1034 1796
1035 1097
1035 1412
1036 1142
1038 1170
1039 1517
1039 1976
1039 1382
1040 1183
1040 1396
1041 2066
1042 1915
1043 1975
1044 1841
1044 1082
1045 1429
1045 1798
1046 1646
1046 1593
1046 2046
1047 1364
1047 1557
1047 2076
1049 1284
1049 1591
1051 1581
1052 1353
1052 1584
1053 1471
1055 1293
1055 2079
1055 1685
1056 2010
1056 1726
1057 1684
1058 1372
1059 1899
1059 1390
1060 1065
1060 1995
1062 1176
1062 1191
1063 1724
1064 1165
1064 1901
1065 1797
1065 1265
1066 1915
1067 1819
1069 1073
1070 1909
1071 1585
1072 1543
1073 1792
1073 1598
1075 1210
1075 1510
1078 1476
1078 1294
1079 1125
1079 1340
1080 1991
1080 1362
1081 2033
1082 1157
1083 1283
1083 1823
1084 1192
1084 1549
1085 2096
1085 1462
1086 1436
1087 2022
1088 2013
1089 1203
1090 1701
1091 1188
1092 1251
1092 1326
1093 1997
1094 1396
1094 1849
1094 1688
1096 1681
1097 1127
1098 1193
1098 1284
1098 1616
1099 1620
1099 2008
1101 1162
1101 1662
1102 1956
1102 1967
1102 1873
1105 1493
1107 1283
1107 1759
1108 1842
1108 1744
1109 1449
1109 1655
1109 1446
1110 1295
1111 1240
1111 1482
1113 1172
1114 1874
1115 1318
1116 1259
1116 1155
1116 1505
1117 1811
1118 1705
1118 1994
1118 2059
1119 1215
1119 1725
1120 1941
1120 1308
1121 1522
1122 2002
1124 1225
1124 1813
1125 2013
1126 2001
1126 1185
1127 1927
1127 1644
1128 1178
1128 1223
1129 1300
1129 1211
1129 1603
1130 1738
1131 1264
1133 1957
1134 1902
1135 1513
1135 1562
1136 1427
1136 1256
1137 1884
1138 1922
1138 1900
1139 1198
1140 1719
1140 1677
1141 1307
1141 1231
1142 1743
1142 1656
1143 1152
1144 1159
1144 1734
1146 1305
1147 1289
1147 1667
1148 2093
1148 1162
1149 1933
1149 1593
1150 1168
1151 1809
1151 1359
1152 1720
1153 1647
1154 1291
1154 1805
1155 2045
1155 2032
1156 1912
1158 1345
1161 1313
1162 2071
1163 1467
1163 1469
1163 2089
1164 1510
1164 1765
1164 2052
1165 1349
1166 1652
1166 1871
1166 2000
1167 2041
1168 1443
1168 1207
1169 1630
1170 1866
1171 1201
1171 1491
1172 1528
1173 1205
1173 1317
1175 1702
1176 1673
1177 2017
1179 1501
1179 1319
1180 1422
1181 1861
1182 1836
1183 1637
1184 1657
1184 1547
1185 1552
1186 1946
1189 1502
1189 1883
1189 1610
1190 1281
1190 2028
1191 1298
1191 1400
1194 1341
1194 1320
1195 1903
1195 1403
1197 1560
1198 2060
1200 2007
1200 1464
1201 1421
1201 1742
1202 2047
1204 1376
1205 1495
1207 1902
1208 1704
1208 1564
1210 1351
1210 1943
1211 1861
1212 1817
1212 1831
1213 2054
1213 1527
1214 1663
1216 1671
1217 1864
1217 1218
1219 1747
1220 1299
1221 1583
1221 1815
1221 1386
1222 1999
1222 1716
1223 1834
1223 1381
1224 1382
1225 1888
1226 1776
1226 1504
1227 1440
1228 2091
1229 1465
1229 1621
1230 1905
1230 1751
1230 2004
1232 1824
1232 1945
1233 1265
1234 2003
1234 1309
1235 1755
1236 1308
1236 1325
1237 1731
1237 1327
1237 1363
1238 1622
1239 2049
1239 1458
1240 1944
1241 1427
1242 1811
1242 2054
1243 1960
1243 1930
1243 1975
1244 1924
1245 1405
1245 1990
1246 1439
1246 1393
1247 1303
1247 1756
1247 1714
1249 1300
1250 1799
1251 1335
1252 1394
1252 1786
1252 1910
1253 1487
1254 1793
1256 1337
1256 1893
1258 1387
1260 1650
1261 1365
1261 1458
1262 1389
1262 1612
1263 1920
1263 1969
1265 1947
1267 1843
1267 1772
1267 1474
1268 1297
1268 1352
1269 1434
1271 1305
1271 2085
1272 1375
1272 2062
1274 1818
1274 1832
1275 1336
1276 1735
1276 2034
1277 1728
1278 1915
1280 1497
1281 1643
1281 2077
1282 1914
1283 1717
1285 1733
1286 1352
1286 1906
1287 2024
1287 1695
1288 1661
1289 1611
1290 1670
1290 1516
1291 2006
1292 1442
1293 1373
1293 1664
1295 1405
1296 1576
1296 2022
1301 1606
1301 1673
1302 1316
1302 1767
1304 1891
1304 1343
1306 1559
1306 1582
1307 2014
1307 1989
1308 1976
1309 1713
1310 1570
1310 1693
1311 1412
1313 1354
1314 1752
1314 1395
1315 1597
1316 1814
1317 1791
1318 1697
1320 1892
1321 1370
1321 2044
1322 2068
1323 1506
1323 1771
1323 1665
1324 2038
1325 1546
1325 1760
1327 1947
1328 1887
1328 1881
1328 1715
1331 2038
1334 1816
1335 1662
1336 1775
1337 1792
1338 2059
1338 1553
1339 1859
1339 2073
1340 1826
1341 1880
1341 1544
1344 1676
1345 1989
1345 1461
1346 1669
1347 1911
1347 1638
1347 1377
1348 1469
1348 1803
1350 1494
1351 1420
1351 1357
1353 1479
1354 1519
1355 1583
1356 1822
1356 1618
1357 1950
1358 1732
1359 1829
1361 1639
1362 1617
1362 1754
1363 1765
1366 1987
1367 1667
1368 2056
1368 1773
1369 1725
1371 1417
1371 1852
1374 1754
1376 1857
1380 1401
1380 1574
1382 1784
1383 1941
1384 1968
1385 1668
1385 1687
1386 1561
1387 1514
1388 1857
1388 2036
1389 1522
1390 1881
1391 1927
1393 1671
1397 1632
1397 1641
1398 1646
1398 1569
1398 1418
1399 1774
1399 1434
1400 1787
1402 1517
1402 1507
1404 1610
1404 1588
1406 1721
1407 1934
1409 1468
1409 1543
1411 1541
1411 1716
1414 1565
1414 1490
1415 2075
1415 1626
1416 1884
1417 1528
1419 1582
1419 1489
1420 1511
1421 1968
1421 2086
1422 1750
1423 2069
1423 1763
1424 1849
1425 1527
1429 2014
1429 1480
1433 2078
1433 1573
1433 2084
1434 2055
1435 1775
1436 1865
1438 1652
1439 1780
1441 1861
1442 1509
1443 1919
1444 2001
1445 1746
1445 1959
1447 1566
1448 1823
1448 1502
1448 2021
1449 1961
1450 1653
1450 1641
1451 2000
1453 1461
1456 2063
1456 1974
1456 2011
1457 1471
1459 1509
1460 1949
1461 1631
1465 1911
1465 1539
1471 1720
1472 1902
1473 1755
1474 2096
1477 2044
1478 1669
1479 1932
1482 1898
1482 1779
1483 1988
1483 1804
1484 1878
1484 1828
1488 1980
1488 1607
1489 1760
1489 1646
1492 1643
1493 1772
1493 1525
1495 1804
1496 1833
1496 2044
1498 2072
1498 1797
1498 1524
1499 1542
1499 1531
1500 2018
1503 1860
1507 1823
1508 1661
1510 2056
1514 1776
1515 2035
1519 1669
1519 1642
1520 2027
1520 1853
1524 1631
1524 2084
1525 2092
1525 1876
1529 1580
1530 1916
1531 2091
1533 1943
1535 1700
1540 1675
1541 1807
1541 2087
1545 1988
1545 1860
1548 1952
1548 1737
1550 1600
1550 2053
1551 1706
1553 1566
1555 2098
1555 2058
1556 1730
1556 1828
1558 1722
1560 1613
1563 1785
1563 1729
1564 1704
1565 1690
1566 1886
1567 1717
1569 1936
1570 1769
1571 1733
1572 1744
1573 1869
1574 2071
1575 1649
1575 1668
1578 1857
1580 1966
1580 1738
1581 2061
1581 1814
1583 1672
1584 1612
1585 1670
1585 1950
1587 1956
1587 1873
1588 1933
1589 1839
1590 1795
1590 1762
1592 1662
1592 1709
1594 1977
1595 1856
1597 2049
1602 1740
1603 1866
1604 1827
1604 1822
1608 1627
1608 1950
1610 2024
1613 1746
1613 1879
1614 1753
1614 1835
1615 1986
1615 1723
1616 1959
1617 2095
1619 1782
1619 1943
1623 1763
1624 2084
1624 1714
1626 1938
1626 1677
1629 1774
1629 1910
1631 1690
1632 2099
1634 1663
1634 1776
1636 2027
1638 1854
1640 1934
1640 1970
1640 1664
1641 1674
1642 1679
1647 1780
1648 1799
1649 1982
1650 1925
1650 1962
1651 1839
1653 1840
1655 1710
1656 2078
1657 2032
1659 2013
1659 1702
1660 1831
1660 1726
1664 1907
1666 1680
1666 1967
1667 1935
1668 1693
1672 1686
1672 1711
1673 2067
1674 1697
1675 2071
1675 1939
1676 1971
1678 2037
1679 1939
1680 1907
1680 2067
1681 1953
1682 1788
1682 2092
1685 1695
1685 1992
1687 1922
1687 1717
1688 1927
1688 1753
1689 1845
1691 1999
1692 2046
1694 2051
1696 2003
1701 1978
1703 1833
1706 1812
1706 1887
1707 1807
1708 2026
1709 2091
1711 1914
1711 2028
1712 1836
1715 1909
1718 1929
1721 1885
1722 1962
1722 1820
1726 1880
1727 2040
1728 1877
1728 1749
1729 1942
1730 1977
1731 1868
1732 1851
1733 1949
1734 2007
1737 1768
1739 1851
1739 2055
1742 2005
1742 2031
1747 1919
1747 1993
1751 1921
1755 2001
1756 1997
1757 1890
1758 1815
1761 2086
1762 1917
1762 2069
1763 2082
1764 1883
1767 2096
1768 1815
1769 1795
1771 1963
1772 1941
1773 1853
1774 1812
1778 1835
1783 1849
1784 1894
1785 2051
1788 1886
1791 1896
1793 2065
1794 1914
1796 2041
1796 1900
1803 1926
1806 1983
1809 2025
1813 2014
1817 2041
1818 1843
1820 1854
1821 1865
1826 2031
1827 2079
1837 2097
1838 2020
1839 1887
1842 1979
1842 1957
1844 1871
1845 1859
1847 1921
1850 1960
1863 1935
1864 1931
1869 2066
1873 1928
1874 2074
1876 1948
1881 1893
1888 2080
1895 2054
1897 1974
1898 2010
1900 1978
1901 2012
1903 2059
1905 1924
1906 1939
1908 1930
1911 1921
1913 1938
1919 2008
1920 1951
1928 2087
1930 2055
1931 2064
1932 2095
1945 2062
1953 2005
1954 1999
1961 2090
1961 2057
1966 1982
1973 2070
1979 2030
1984 2018
1993 2047
1996 2035
2007 2088
2026 2035
2034 2072
2060 2081
2069 2089
2079 2094
