0 550
0 540
0 830
1 522
1 802
1 41
2 826
2 417
2 907
3 633
3 524
3 128
4 903
4 430
4 963
5 781
5 827
5 365
6 934
6 608
6 45
7 69
7 500
7 271
8 65
8 311
8 36
9 301
9 924
9 760
10 929
10 87
10 738
11 945
11 63
11 154
12 998
12 702
12 398
13 788
13 865
13 341
14 841
14 492
14 807
15 380
15 108
15 780
16 693
16 683
16 67
17 626
17 141
17 617
18 914
18 540
18 332
19 23
19 991
19 159
20 66
20 752
20 840
21 914
21 411
21 325
22 947
22 200
22 676
23 783
23 76
24 663
24 315
24 801
25 233
25 939
25 294
26 361
26 337
26 859
27 632
27 157
27 369
28 92
28 134
28 65
29 668
29 438
29 129
30 733
30 219
30 882
31 667
31 900
31 286
32 247
32 799
32 242
33 769
33 823
33 49
34 389
34 258
34 104
35 978
35 47
35 927
36 660
36 651
37 222
37 268
37 692
38 982
38 146
38 655
39 856
39 674
39 730
40 639
40 189
40 196
41 565
41 579
42 787
42 602
42 647
43 819
43 48
43 381
44 585
44 143
44 201
45 874
45 190
46 795
46 395
46 606
47 323
47 496
48 884
48 711
49 658
49 782
50 78
50 887
50 190
51 443
51 966
51 929
52 395
52 97
52 655
53 95
53 617
53 695
54 187
54 897
54 710
55 708
55 423
55 248
56 263
56 963
56 635
57 883
57 797
57 522
58 846
58 234
58 168
59 508
59 964
59 937
60 519
60 929
60 726
61 523
61 615
61 163
62 256
62 902
62 903
63 347
63 936
64 756
64 505
64 981
65 255
66 348
66 760
67 966
67 390
68 217
68 322
68 820
69 789
69 522
70 743
70 623
70 990
71 693
71 758
71 187
72 436
72 915
72 618
73 585
73 687
73 326
74 749
74 201
74 535
75 289
75 746
75 438
76 970
76 114
77 945
77 574
77 564
78 238
78 106
79 133
79 109
79 321
80 392
80 545
80 169
81 357
81 273
81 870
82 645
82 471
82 211
83 896
83 366
83 721
84 546
84 315
84 565
85 321
85 413
85 909
86 723
86 954
86 813
87 490
87 814
88 536
88 330
88 718
89 419
89 735
89 383
90 942
90 578
90 159
91 737
91 831
91 933
92 470
92 507
93 819
93 457
93 98
94 434
94 447
94 149
95 664
95 411
96 163
96 935
96 526
97 861
97 520
98 772
98 583
99 369
99 903
99 919
100 570
100 261
100 115
101 724
101 705
101 651
102 449
102 142
102 105
103 219
103 230
103 444
104 487
104 977
105 969
105 283
106 143
106 303
107 329
107 147
107 560
108 887
108 217
109 796
109 318
110 564
110 795
110 987
111 587
111 335
111 465
112 129
112 988
112 362
113 580
113 398
113 193
114 380
114 262
115 582
115 441
116 765
116 295
116 510
117 558
117 538
117 134
118 316
118 153
118 971
119 447
119 482
119 231
120 175
120 210
120 195
121 537
121 717
121 590
122 372
122 693
122 607
123 713
123 757
123 802
124 313
124 807
124 677
125 556
125 379
125 172
126 994
126 830
126 769
127 998
127 712
127 978
128 831
128 198
129 506
130 705
130 608
130 918
131 267
131 185
131 872
132 966
132 570
132 407
133 370
133 287
134 605
135 912
135 654
135 635
136 919
136 825
136 968
137 384
137 224
137 829
138 498
138 501
138 877
139 463
139 233
139 339
140 804
140 674
140 481
141 593
141 787
142 542
142 569
143 359
144 261
144 428
144 586
145 180
145 424
145 794
146 847
146 152
147 911
147 197
148 372
148 856
148 946
149 150
149 580
150 263
150 331
151 447
151 330
151 602
152 208
152 296
153 344
153 631
154 919
154 801
155 947
155 407
155 661
156 871
156 423
156 874
157 848
157 416
158 734
158 572
158 384
159 598
160 202
160 753
160 637
161 265
161 891
161 704
162 926
162 863
162 615
163 205
164 711
164 601
164 584
165 860
165 836
165 476
166 753
166 944
166 251
167 976
167 790
167 640
168 878
168 345
169 307
169 211
170 865
170 866
170 250
171 196
171 531
171 774
172 438
172 592
173 208
173 356
173 336
174 474
174 179
174 388
175 590
175 513
176 886
176 986
176 714
177 588
177 712
177 363
178 243
178 491
178 437
179 627
179 631
180 462
180 938
181 619
181 722
181 690
182 655
182 924
182 204
183 786
183 680
183 349
184 824
184 637
184 434
185 226
185 207
186 270
186 295
186 320
187 768
188 404
188 296
188 263
189 220
189 982
190 926
191 265
191 488
191 486
192 575
192 722
192 328
193 762
193 436
194 763
194 569
194 639
195 937
195 999
196 680
197 513
197 893
198 448
198 404
199 240
199 816
199 828
200 755
200 715
201 750
202 792
202 444
203 547
203 517
203 829
204 734
204 702
205 719
205 843
206 675
206 533
206 536
207 911
207 764
208 670
209 699
209 528
209 573
210 497
210 506
211 953
212 543
212 515
212 636
213 437
213 803
213 406
214 280
214 580
214 244
215 557
215 946
215 596
216 593
216 727
216 798
217 477
218 459
218 736
218 466
219 971
220 691
220 846
221 727
221 325
221 779
222 905
222 328
223 482
223 617
223 855
224 627
224 541
225 478
225 691
225 640
226 738
226 452
227 730
227 681
227 847
228 456
228 616
228 749
229 854
229 338
229 489
230 369
230 317
231 239
231 949
232 358
232 729
232 520
233 864
234 719
234 468
235 607
235 983
235 356
236 351
236 784
236 415
237 275
237 842
237 746
238 992
238 880
239 852
239 688
240 692
240 264
241 838
241 590
241 694
242 997
242 329
243 698
243 302
244 766
244 991
245 572
245 923
245 867
246 562
246 952
246 994
247 638
247 664
248 810
248 401
249 503
249 758
249 735
250 365
250 258
251 952
251 713
252 944
252 591
252 268
253 507
253 290
253 516
254 973
254 611
254 468
255 433
255 503
256 365
256 600
257 596
257 297
257 403
258 880
259 771
259 601
259 703
260 791
260 768
260 275
261 481
262 279
262 811
264 292
264 759
265 534
266 634
266 834
266 319
267 770
267 684
268 380
269 805
269 271
269 781
270 638
270 970
271 964
272 751
272 535
272 735
273 341
273 741
274 397
274 452
274 552
275 350
276 595
276 459
276 305
277 882
277 594
277 548
278 883
278 663
278 589
279 359
279 362
280 552
280 463
281 489
281 990
281 863
282 951
282 397
282 673
283 558
283 485
284 307
284 708
284 423
285 500
285 709
285 906
286 518
286 392
287 652
287 644
288 771
288 764
288 704
289 921
289 943
290 364
290 583
291 612
291 967
291 704
292 962
292 568
293 644
293 623
293 497
294 948
294 485
295 751
296 526
297 403
297 681
298 313
298 682
298 374
299 846
299 891
299 554
300 531
300 553
300 888
301 889
301 402
302 827
302 842
303 628
303 883
304 616
304 373
304 909
305 486
305 334
306 574
306 773
306 995
307 662
308 357
308 879
308 825
309 444
309 908
309 397
310 989
310 528
310 994
311 983
311 967
312 660
312 473
312 989
313 665
314 840
314 466
314 765
315 412
316 442
316 400
317 408
317 755
318 936
318 751
319 649
319 754
320 811
320 495
321 677
322 772
322 374
323 639
323 414
324 422
324 857
324 748
325 434
326 824
326 759
327 973
327 589
327 518
328 489
329 880
330 642
331 766
331 344
332 901
332 348
333 936
333 951
333 712
334 795
334 974
335 370
335 652
336 342
336 899
337 504
337 342
338 663
338 478
339 972
339 520
340 483
340 473
340 805
341 699
342 980
343 941
343 469
343 409
344 984
345 477
345 987
346 568
346 371
346 685
347 382
347 784
348 611
349 898
349 692
350 386
350 498
351 845
351 457
352 860
352 413
352 779
353 908
353 790
353 845
354 646
354 684
354 562
355 872
355 576
355 556
356 892
357 492
358 782
358 837
359 567
360 723
360 915
360 508
361 928
361 383
362 695
363 377
363 676
364 847
364 920
366 672
366 895
367 453
367 843
367 669
368 469
368 770
368 952
370 390
371 792
371 621
372 622
373 803
373 801
374 799
375 876
375 646
375 560
376 768
376 716
376 764
377 902
377 882
378 431
378 885
378 688
379 656
379 647
381 566
381 776
382 403
382 571
383 959
384 549
385 429
385 942
385 744
386 906
386 669
387 921
387 479
387 995
388 910
388 448
389 450
389 686
390 482
391 838
391 490
391 467
392 710
393 756
393 539
393 816
394 398
394 624
394 615
395 455
396 427
396 595
396 752
399 976
399 682
399 739
400 839
400 744
401 551
401 409
402 884
402 950
404 568
405 622
405 491
405 985
406 685
406 478
407 612
408 667
408 527
409 927
410 578
410 499
410 572
411 886
412 426
412 606
413 555
414 940
414 921
415 603
415 653
416 881
416 938
417 512
417 525
418 636
418 984
418 519
419 736
419 640
420 511
420 932
420 614
421 541
421 782
421 618
422 469
422 837
424 466
424 570
425 806
425 524
425 726
426 890
426 988
427 894
427 697
428 900
428 664
429 823
429 695
430 979
430 621
431 924
431 641
432 731
432 436
432 732
433 571
433 458
435 484
435 905
435 975
437 550
439 817
439 953
439 954
440 796
440 818
440 868
441 836
441 705
442 898
442 715
443 526
443 495
445 875
445 809
445 739
446 799
446 864
446 723
448 452
449 992
449 665
450 777
450 628
451 788
451 563
451 555
453 913
453 771
454 896
454 503
454 646
455 483
455 484
456 686
456 743
457 933
458 518
458 479
459 504
460 862
460 816
460 959
461 823
461 496
461 717
462 501
462 888
463 577
464 927
464 750
464 775
465 918
465 650
467 866
467 790
468 566
470 802
470 931
471 600
471 714
472 838
472 575
472 744
473 589
474 656
474 515
475 547
475 514
475 851
476 741
476 950
477 968
479 965
480 913
480 993
480 621
481 884
483 772
484 551
485 964
486 592
487 654
487 957
488 666
488 688
490 895
491 581
492 650
493 848
493 684
493 805
494 658
494 806
494 820
495 852
496 561
497 742
498 500
499 662
499 899
501 930
502 814
502 817
502 831
504 956
505 584
505 535
506 897
507 700
508 896
509 785
509 920
509 717
510 825
510 658
511 625
511 878
512 797
512 538
513 974
514 673
514 754
515 980
516 977
516 529
517 985
517 885
519 740
521 552
521 553
521 527
523 632
523 785
524 798
525 852
525 878
527 557
528 642
529 785
529 714
530 962
530 653
530 943
531 542
532 738
532 718
532 809
533 728
533 810
534 977
534 699
536 789
537 708
537 700
538 850
539 593
539 890
540 611
541 873
542 815
543 659
543 620
544 821
544 914
544 894
545 613
545 901
546 972
546 597
547 719
548 934
548 849
549 793
549 554
550 757
551 753
553 588
554 595
555 701
556 836
557 949
558 767
559 725
559 626
559 652
560 794
561 654
561 672
562 849
563 581
563 793
564 811
565 623
566 853
567 904
567 741
569 841
571 576
573 975
573 869
574 703
575 959
576 678
577 603
577 740
578 881
579 728
579 922
581 850
582 657
582 937
583 675
584 682
585 889
586 734
586 798
587 969
587 594
588 686
591 740
591 728
592 850
594 606
596 668
597 778
597 891
598 875
598 844
599 733
599 957
599 961
600 685
601 987
602 960
603 788
604 808
604 812
604 856
605 860
605 817
607 641
608 746
609 622
609 968
609 922
610 832
610 922
610 637
612 786
613 855
613 824
614 773
614 745
616 935
618 945
619 812
619 991
620 661
620 908
624 854
624 778
625 647
625 729
626 679
627 917
628 873
629 784
629 917
629 786
630 955
630 840
630 872
631 731
632 861
633 761
633 842
634 794
634 707
635 958
636 761
638 875
641 808
642 871
643 766
643 976
643 803
644 912
645 889
645 916
648 981
648 953
648 866
649 962
649 710
650 762
651 722
653 767
656 839
657 879
657 687
659 961
659 844
660 721
661 859
662 923
665 832
666 814
666 955
667 780
668 832
669 928
670 897
670 857
671 770
671 876
671 749
672 718
673 899
674 745
675 862
676 848
677 947
678 917
678 828
679 709
679 690
680 698
681 687
683 725
683 874
689 776
689 812
689 890
690 716
691 715
694 821
694 747
696 849
696 894
696 774
697 755
697 737
698 806
700 775
701 984
701 833
702 769
703 711
706 933
706 948
706 972
707 793
707 800
709 900
713 907
716 844
720 928
720 885
720 724
721 750
724 971
725 996
726 997
727 748
729 763
730 863
731 781
732 996
732 877
733 792
736 983
737 815
739 975
742 818
742 998
743 886
745 930
747 881
747 981
748 957
752 958
754 918
756 778
757 950
758 761
759 932
760 907
762 821
763 822
765 813
767 910
773 946
774 804
775 797
776 888
777 997
777 858
779 815
780 938
783 916
783 931
787 845
789 868
791 961
791 902
796 807
800 982
800 868
804 869
808 887
809 834
810 996
813 829
818 862
819 925
820 985
822 923
822 926
826 837
826 995
827 851
828 835
830 912
833 999
833 965
834 931
835 870
835 974
839 941
841 963
843 956
851 879
853 904
853 892
854 916
855 895
857 869
858 932
858 859
861 986
864 969
865 978
867 958
867 909
870 980
871 955
873 988
876 877
892 893
893 911
898 979
901 940
904 993
905 939
906 948
910 970
913 939
915 989
920 965
925 944
925 979
930 986
934 967
935 949
940 960
941 956
942 954
943 992
951 973
960 999
990 993
