0 497
0 476
0 411
1 289
1 223
1 352
2 615
2 671
2 689
3 396
3 79
3 92
4 141
4 632
4 417
5 92
5 7
5 496
6 172
6 139
6 39
7 420
7 103
8 665
8 668
8 392
9 471
9 38
9 221
10 145
10 572
10 144
11 373
11 209
11 54
12 333
12 105
12 497
13 328
13 206
13 205
14 213
14 220
14 57
15 248
15 326
15 260
16 571
16 597
16 690
17 381
17 441
17 691
18 519
18 379
18 468
19 176
19 180
19 625
20 309
20 600
20 25
21 292
21 216
21 44
22 37
22 352
22 40
23 247
23 79
23 51
24 557
24 239
24 318
25 646
25 36
26 304
26 429
26 646
27 397
27 365
27 630
28 368
28 316
28 603
29 421
29 626
29 446
30 339
30 519
30 293
31 550
31 83
31 366
32 594
32 174
32 43
33 397
33 491
33 350
34 361
34 472
34 391
35 106
35 73
35 663
36 57
36 65
37 534
37 254
38 224
38 334
39 489
39 572
40 165
40 614
41 656
41 567
41 123
42 191
42 47
42 668
43 696
43 573
44 117
44 656
45 174
45 414
45 570
46 659
46 542
46 489
47 367
47 218
48 513
48 130
48 477
49 232
49 565
49 215
50 653
50 332
50 511
51 411
51 568
52 76
52 480
52 470
53 211
53 498
53 147
54 654
54 384
55 102
55 574
55 272
56 495
56 79
56 691
57 335
58 329
58 527
58 356
59 468
59 517
59 373
60 251
60 84
60 461
61 104
61 90
61 593
62 422
62 453
62 285
63 582
63 89
63 532
64 467
64 148
64 97
65 221
65 559
66 75
66 195
66 523
67 99
67 592
67 212
68 413
68 543
68 158
69 313
69 256
69 692
70 454
70 410
70 478
71 558
71 269
71 72
72 674
72 626
73 679
73 641
74 575
74 295
74 406
75 458
75 437
76 687
76 494
77 508
77 208
77 100
78 639
78 378
78 115
80 358
80 165
80 114
81 343
81 569
81 339
82 623
82 402
82 225
83 474
83 231
84 618
84 337
85 446
85 643
85 629
86 673
86 658
86 587
87 516
87 695
87 354
88 201
88 456
88 500
89 426
89 280
90 291
90 420
91 134
91 343
91 551
92 218
93 262
93 145
93 228
94 541
94 274
94 338
95 603
95 686
95 536
96 601
96 613
96 198
97 126
97 698
98 530
98 420
98 285
99 318
99 546
100 552
100 540
101 223
101 356
101 195
102 321
102 367
103 197
103 425
104 172
104 688
105 389
105 238
106 345
106 680
107 307
107 325
107 632
108 663
108 234
108 637
109 445
109 640
109 555
110 683
110 521
110 353
111 301
111 682
111 467
112 443
112 575
112 266
113 667
113 135
113 366
114 199
114 680
115 685
115 239
116 175
116 574
116 624
117 531
117 140
118 168
118 450
118 216
119 141
119 344
119 655
120 320
120 552
120 438
121 247
121 340
121 584
122 253
122 145
122 512
123 551
123 647
124 202
124 442
124 585
125 604
125 585
125 538
126 472
126 412
127 188
127 547
127 292
128 255
128 533
128 142
129 378
129 227
129 291
130 618
130 309
131 303
131 239
131 623
132 304
132 157
132 585
133 394
133 492
133 586
134 559
134 653
135 676
135 442
136 467
136 476
136 489
137 369
137 196
137 451
138 361
138 695
138 349
139 650
139 249
140 185
140 535
141 169
142 647
142 266
143 286
143 357
143 351
144 648
144 615
146 216
146 655
146 483
147 259
147 462
148 507
148 264
149 550
149 220
149 433
150 510
150 295
150 644
151 671
151 401
151 179
152 246
152 598
152 215
153 549
153 155
153 355
154 583
154 201
154 196
155 423
155 601
156 466
156 584
156 541
157 277
157 539
158 647
158 299
159 484
159 322
159 479
160 407
160 415
160 582
161 398
161 616
161 391
162 672
162 532
162 622
163 430
163 382
163 322
164 177
164 207
164 416
165 662
166 454
166 388
166 303
167 666
167 483
167 431
168 418
168 213
169 464
169 259
170 359
170 204
170 623
171 250
171 458
171 327
172 514
173 281
173 525
173 524
174 212
175 405
175 262
176 509
176 535
177 362
177 240
178 455
178 505
178 435
179 309
179 524
180 697
180 260
181 587
181 210
181 566
182 249
182 207
182 544
183 251
183 311
183 259
184 579
184 188
184 424
185 236
185 215
186 261
186 333
186 579
187 556
187 279
187 273
188 425
189 568
189 693
189 311
190 375
190 443
190 288
191 196
191 383
192 242
192 306
192 520
193 645
193 616
193 223
194 610
194 222
194 402
195 298
197 345
197 356
198 495
198 654
199 398
199 430
200 448
200 665
200 674
201 254
202 609
202 555
203 295
203 470
203 414
204 360
204 298
205 355
205 592
206 657
206 408
207 649
208 537
208 335
209 393
209 370
210 690
210 280
211 653
211 371
212 612
213 488
214 530
214 372
214 645
217 315
217 554
217 562
218 502
219 595
219 412
219 607
220 450
221 447
222 588
222 513
224 614
224 230
225 435
225 260
226 514
226 495
226 332
227 419
227 304
228 354
228 394
229 563
229 516
229 362
230 656
230 277
231 635
231 609
232 305
232 452
233 565
233 662
233 375
234 558
234 369
235 432
235 630
235 448
236 267
236 559
237 660
237 376
237 594
238 433
238 485
240 688
240 400
241 405
241 629
241 377
242 627
242 619
243 348
243 319
243 560
244 386
244 269
244 510
245 553
245 439
245 560
246 276
246 449
247 545
248 560
248 614
249 395
250 277
250 432
251 576
252 689
252 390
252 667
253 663
253 298
254 380
255 496
255 303
256 482
256 461
257 399
257 496
257 598
258 593
258 362
258 687
261 527
261 522
262 352
263 665
263 288
263 278
264 693
264 619
265 266
265 283
265 317
267 604
267 493
268 452
268 652
268 333
269 286
270 305
270 518
270 584
271 471
271 377
271 654
272 390
272 529
273 526
273 393
274 365
274 503
275 564
275 638
275 493
276 670
276 692
278 460
278 549
279 569
279 456
280 502
281 600
281 398
282 641
282 697
282 645
283 435
283 346
284 479
284 417
284 347
285 386
286 561
287 466
287 642
287 537
288 379
289 390
289 394
290 448
290 340
290 680
291 586
292 345
293 297
293 501
294 678
294 486
294 372
296 606
296 565
296 413
297 465
297 474
299 542
299 464
300 651
300 310
300 447
301 504
301 336
302 582
302 512
302 520
305 346
306 689
306 364
307 485
307 461
308 440
308 528
308 531
310 419
310 609
311 511
312 323
312 606
312 591
313 487
313 325
314 479
314 459
314 509
315 457
315 545
316 527
316 387
317 572
317 328
318 515
319 620
319 670
320 360
320 482
321 635
321 499
322 381
323 671
323 544
324 537
324 425
324 643
325 415
326 547
326 635
327 697
327 374
328 389
329 429
329 441
330 376
330 487
330 422
331 354
331 525
331 561
332 599
334 357
334 408
335 642
336 619
336 465
337 451
337 544
338 638
338 605
339 586
340 434
341 405
341 372
341 546
342 639
342 471
342 686
343 564
344 533
344 453
346 606
347 601
347 536
348 568
348 530
349 404
349 480
350 431
350 515
351 449
351 391
353 641
353 445
355 613
357 522
358 620
358 535
359 633
359 605
360 684
361 687
363 577
363 366
363 463
364 434
364 599
365 490
367 627
368 436
368 486
369 533
370 431
370 490
371 669
371 556
373 564
374 424
374 649
375 650
376 591
377 505
378 437
379 588
380 393
380 577
381 566
382 419
382 408
383 423
383 413
384 403
384 505
385 446
385 492
385 681
386 529
387 548
387 462
388 417
388 519
389 611
392 631
392 460
395 412
395 400
396 561
396 556
397 557
399 698
399 553
400 649
401 516
401 634
402 588
403 532
403 554
404 410
404 607
406 409
406 493
407 628
407 514
409 554
409 640
410 526
411 591
414 604
415 437
416 486
416 482
418 488
418 528
421 642
421 659
422 628
423 589
424 677
426 624
426 592
427 597
427 430
427 664
428 540
428 618
428 602
429 549
432 458
433 658
434 529
436 524
436 550
438 487
438 650
439 659
439 667
440 610
440 543
441 611
442 501
443 660
444 622
444 685
444 596
445 595
447 462
449 638
450 628
451 593
452 612
453 581
454 515
455 473
455 481
456 499
457 574
457 511
459 693
459 631
460 684
463 491
463 681
464 589
465 539
466 563
468 590
469 683
469 543
469 640
470 583
472 538
473 692
473 669
474 696
475 610
475 573
475 657
476 648
477 534
477 551
478 646
478 682
480 596
481 621
481 630
483 615
484 677
484 608
485 673
488 577
490 580
491 699
492 696
494 521
494 658
497 506
498 699
498 634
499 520
500 578
500 598
501 674
502 673
503 670
503 660
504 608
504 600
506 575
506 558
507 695
507 587
508 633
508 567
509 570
510 578
512 664
513 617
517 672
517 596
518 664
518 625
521 685
522 602
523 608
523 644
525 657
526 686
528 675
531 590
534 599
536 676
538 634
539 639
540 571
541 617
542 699
545 637
546 661
547 611
548 629
548 675
552 683
553 679
555 590
557 668
562 632
562 698
563 652
566 666
567 617
569 616
570 691
571 694
573 676
576 672
576 622
578 605
579 627
580 661
580 581
581 597
583 652
589 633
594 669
595 675
602 677
603 651
607 662
612 682
613 679
620 678
621 648
621 636
624 643
625 655
626 666
631 636
636 661
637 678
644 694
651 684
681 688
690 694
