0 1639
0 836
0 2049
1 171
1 1210
1 1259
2 1926
2 939
2 1976
3 1975
3 231
3 741
4 1696
4 1872
4 806
5 822
5 118
5 916
6 1602
6 953
6 2270
7 1757
7 1262
7 1846
8 156
8 1479
8 1559
9 2321
9 700
9 19
10 2066
10 116
10 1209
11 2101
11 1402
11 2272
12 243
12 290
12 2255
13 1139
13 1888
13 2142
14 855
14 1440
14 595
15 1007
15 149
15 2068
16 530
16 1238
16 1736
17 239
17 617
17 453
18 1626
18 1655
18 1869
19 927
19 2075
20 139
20 516
20 64
21 2337
21 2297
21 284
22 261
22 1664
22 330
23 1191
23 1655
23 1307
24 177
24 1645
24 1260
25 1172
25 696
25 1311
26 1017
26 570
26 1441
27 1158
27 948
27 1728
28 2251
28 407
28 1281
29 1929
29 1085
29 1021
30 547
30 690
30 1973
31 945
31 153
31 638
32 2044
32 2374
32 2156
33 1394
33 2117
33 67
34 280
34 2266
34 74
35 86
35 1102
35 1638
36 1241
36 1596
36 1414
37 771
37 564
37 2398
38 2114
38 923
38 955
39 173
39 67
39 474
40 1567
40 911
40 1363
41 2181
41 2140
41 2188
42 1063
42 245
42 1565
43 2082
43 573
43 189
44 1889
44 647
44 519
45 130
45 936
45 497
46 1521
46 234
46 177
47 1462
47 2247
47 1446
48 884
48 1041
48 59
49 1703
49 79
49 91
50 1758
50 846
50 364
51 545
51 1428
51 1576
52 515
52 258
52 1560
53 1695
53 1015
53 1512
54 1332
54 1050
54 876
55 1882
55 1329
55 1035
56 932
56 722
56 1508
57 2118
57 1460
57 2113
58 461
58 1774
58 1571
59 1921
59 1107
60 493
60 2166
60 2133
61 2262
61 525
61 2189
62 1778
62 2002
62 1519
63 1579
63 246
63 1656
64 2058
64 2082
65 1384
65 1298
65 407
66 856
66 1640
66 897
67 1738
68 669
68 167
68 2031
69 679
69 2181
69 842
70 938
70 1153
70 2179
71 1322
71 744
71 1748
72 151
72 1614
72 832
73 2250
73 2120
73 2188
74 1894
74 1848
75 685
75 82
75 558
76 264
76 231
76 844
77 1410
77 530
77 337
78 489
78 1810
78 1597
79 718
79 1598
80 2364
80 1430
80 1649
81 1867
81 395
81 2214
82 1637
82 124
83 1671
83 1478
83 312
84 609
84 141
84 2358
85 699
85 1546
85 2000
86 1274
86 1532
87 594
87 2022
87 1216
88 2271
88 652
88 1494
89 1499
89 386
89 1903
90 2152
90 555
90 963
91 1629
91 1762
92 1979
92 833
92 1019
93 1338
93 1232
93 371
94 1194
94 150
94 1226
95 1448
95 1726
95 252
96 1791
96 2290
96 2158
97 1387
97 417
97 1577
98 577
98 2121
98 1633
99 1643
99 1688
99 2230
100 1945
100 2300
100 1158
101 1046
101 2184
101 1437
102 801
102 1340
102 2015
103 504
103 1037
103 2363
104 1851
104 1942
104 338
105 2201
105 2341
105 2320
106 132
106 1181
106 1394
107 2391
107 755
107 2256
108 2158
108 2203
108 795
109 2117
109 1400
109 230
110 2176
110 942
110 162
111 997
111 1728
111 309
112 1191
112 2041
112 2098
113 861
113 926
113 1346
114 312
114 1535
114 1901
115 1745
115 268
115 1658
116 2258
116 1647
117 1516
117 1915
117 2361
118 1014
118 2209
119 2231
119 2309
119 996
120 210
120 355
120 577
121 917
121 2231
121 1900
122 1906
122 1257
122 1845
123 1062
123 536
123 326
124 1931
124 1673
125 494
125 837
125 1873
126 244
126 1345
126 1819
127 799
127 1669
127 1732
128 1171
128 1881
128 299
129 914
129 344
129 1981
130 1541
130 655
131 1921
131 1483
131 2366
132 1085
132 784
133 1692
133 251
133 883
134 1982
134 614
134 1632
135 1044
135 1729
135 842
136 207
136 1699
136 1105
137 1112
137 1432
137 644
138 1574
138 683
138 889
139 1347
139 1137
140 1641
140 2264
140 1956
141 2159
141 162
142 444
142 2275
142 733
143 2138
143 1591
143 881
144 941
144 281
144 1076
145 1509
145 2379
145 882
146 1176
146 1476
146 1778
147 815
147 1785
147 155
148 853
148 1827
148 1090
149 165
149 544
150 1043
150 650
151 1438
151 1228
152 1419
152 326
152 1622
153 1377
153 2151
154 620
154 998
154 602
155 1771
155 2058
156 2095
156 534
157 2091
157 606
157 1472
158 797
158 846
158 1089
159 2029
159 720
159 1946
160 2265
160 2257
160 1457
161 634
161 1496
161 718
162 458
163 390
163 2349
163 552
164 2379
164 1016
164 420
165 1847
165 996
166 2113
166 405
166 1303
167 2364
167 168
168 431
168 2353
169 2145
169 1178
169 1006
170 1239
170 1535
170 998
171 716
171 1129
172 2093
172 358
172 1503
173 1917
173 1922
174 1685
174 1952
174 469
175 830
175 831
175 1654
176 1032
176 197
176 1829
177 694
178 783
178 2304
178 446
179 491
179 2345
179 577
180 693
180 1500
180 2283
181 336
181 1985
181 2371
182 768
182 453
182 2259
183 634
183 572
183 352
184 262
184 1134
184 456
185 1725
185 739
185 1670
186 2098
186 510
186 1668
187 562
187 718
187 975
188 803
188 1820
188 336
189 223
189 1733
190 2016
190 2028
190 745
191 1374
191 2276
191 2089
192 1207
192 272
192 935
193 762
193 797
193 414
194 2042
194 1002
194 1122
195 1230
195 1959
195 784
196 316
196 1199
196 1808
197 284
197 1231
198 295
198 2114
198 443
199 468
199 1979
199 1287
200 2148
200 1225
200 1007
201 1223
201 276
201 885
202 1020
202 1094
202 949
203 1574
203 1312
203 369
204 1123
204 1237
204 360
205 1717
205 274
205 859
206 335
206 1901
206 405
207 1143
207 641
208 1169
208 754
208 2063
209 1800
209 2318
209 926
210 1096
210 1053
211 1974
211 1633
211 1624
212 1413
212 1559
212 2102
213 2353
213 503
213 2314
214 1304
214 885
214 594
215 1662
215 473
215 1116
216 657
216 2391
216 1874
217 2081
217 738
217 2393
218 1550
218 1839
218 1556
219 910
219 1577
219 2032
220 305
220 537
220 549
221 1034
221 1371
221 2146
222 1852
222 1917
222 2208
223 1971
223 1231
224 1070
224 1900
224 1024
225 2103
225 2291
225 1113
226 2130
226 351
226 229
227 1537
227 1238
227 1747
228 566
228 2175
228 1218
229 1562
229 1597
230 1207
230 1782
231 2362
232 491
232 1880
232 472
233 1197
233 1527
233 968
234 1929
234 1924
235 1834
235 681
235 1383
236 1665
236 2247
236 662
237 742
237 2341
237 656
238 1825
238 1172
238 2155
239 2236
239 462
240 2161
240 874
240 1525
241 1721
241 1914
241 2328
242 1173
242 1220
242 1928
243 2366
243 1816
244 1355
244 1301
245 264
245 1093
246 990
246 1987
247 1105
247 1480
247 927
248 1045
248 829
248 533
249 580
249 1061
249 2098
250 321
250 2309
250 1762
251 2364
251 1185
252 1575
252 1083
253 2203
253 923
253 1867
254 1471
254 1075
254 2353
255 639
255 439
255 660
256 1683
256 1623
256 1032
257 1424
257 2366
257 2048
258 1273
258 1499
259 1726
259 600
259 1263
260 465
260 2097
260 2110
261 2053
261 706
262 1604
262 1404
263 873
263 347
263 878
264 847
265 286
265 2347
265 1402
266 2233
266 761
266 2108
267 1735
267 955
267 1439
268 2092
268 1884
269 1700
269 2184
269 1031
270 947
270 808
270 592
271 1520
271 288
271 1021
272 1643
272 2308
273 1033
273 1246
273 2073
274 1540
274 1695
275 1263
275 879
275 1143
276 1862
276 441
277 1036
277 1195
277 735
278 320
278 1991
278 416
279 920
279 1607
279 1295
280 1212
280 841
281 716
281 1510
282 460
282 1117
282 798
283 588
283 1499
283 1127
284 1951
285 1550
285 286
285 2030
286 2141
287 1154
287 1581
287 1397
288 1091
288 1805
289 390
289 1438
289 335
290 2054
290 732
291 1075
291 469
291 651
292 1281
292 2167
292 393
293 1171
293 1044
293 2214
294 1590
294 952
294 766
295 419
295 1401
296 615
296 297
296 1048
297 1771
297 527
298 1350
298 2194
298 1658
299 2254
299 1576
300 716
300 784
300 348
301 1285
301 2289
301 2183
302 1659
302 2197
302 2393
303 1465
303 1180
303 2111
304 1159
304 2332
304 545
305 1970
305 1011
306 1215
306 1548
306 1030
307 2050
307 1798
307 2176
308 1953
308 1077
308 1826
309 1169
309 1539
310 619
310 966
310 1122
311 751
311 456
311 2147
312 1940
313 2230
313 1740
313 1111
314 2380
314 484
314 1767
315 1949
315 627
315 1995
316 1980
316 428
317 1252
317 1349
317 1483
318 606
318 2348
318 1147
319 1903
319 1336
319 1800
320 2174
320 721
321 1747
321 1572
322 1293
322 1724
322 1703
323 1056
323 849
323 1170
324 775
324 2188
324 1168
325 2097
325 800
325 1830
326 617
327 905
327 2207
327 2399
328 442
328 1266
328 1616
329 1986
329 1482
329 640
330 1896
330 1425
331 2078
331 1556
331 1669
332 1108
332 1595
332 1783
333 2248
333 1524
333 1095
334 844
334 2127
334 623
335 1506
336 794
337 451
337 1825
338 1978
338 1761
339 2094
339 1915
339 2268
340 2119
340 365
340 384
341 540
341 403
341 889
342 661
342 1868
342 738
343 1583
343 1396
343 1002
344 1802
344 1740
345 1619
345 1996
345 1624
346 636
346 1353
346 1431
347 1702
347 1227
348 1146
348 893
349 705
349 643
349 355
350 1478
350 1130
350 1990
351 1055
351 1125
352 2172
352 1254
353 2081
353 1937
353 1140
354 1739
354 684
354 431
355 2383
356 2368
356 1177
356 362
357 1501
357 877
357 1443
358 1690
358 1794
359 1409
359 1444
359 1378
360 706
360 1391
361 1247
361 520
361 411
362 1221
362 1300
363 2285
363 2396
363 1711
364 646
364 2035
365 1719
365 2195
366 2266
366 1506
366 2101
367 1712
367 1217
367 1372
368 891
368 2020
368 1757
369 2136
369 910
370 1613
370 1469
370 467
371 1849
371 1938
372 2074
372 471
372 834
373 857
373 2132
373 2319
374 534
374 504
374 1288
375 429
375 1302
375 1991
376 1174
376 820
376 1434
377 1876
377 1018
377 672
378 647
378 2173
378 1611
379 1590
379 1763
379 1039
380 2351
380 1863
380 1370
381 1330
381 1824
381 1254
382 1548
382 1715
382 384
383 1462
383 1908
383 674
384 1251
385 571
385 850
385 825
386 1986
386 2331
387 1358
387 519
387 2030
388 1404
388 1935
388 1706
389 936
389 1102
389 1154
390 620
391 736
391 1344
391 1739
392 1843
392 1272
392 1594
393 2151
393 2094
394 1138
394 489
394 601
395 1730
395 1972
396 2246
396 1410
396 1001
397 1157
397 2369
397 696
398 425
398 614
398 1998
399 1382
399 1228
399 1309
400 1341
400 2120
400 1706
401 1395
401 1684
401 435
402 1192
402 1117
402 1318
403 2083
403 2275
404 1294
404 2055
404 1976
405 1649
406 2370
406 988
406 1992
407 1780
408 2296
408 663
408 2277
409 1779
409 633
409 2091
410 876
410 2200
410 1728
411 669
411 426
412 1031
412 1931
412 1324
413 1426
413 1368
413 971
414 1284
414 1389
415 1028
415 2032
415 701
416 619
416 633
417 1962
417 2143
418 1042
418 1831
418 2002
419 1909
419 1152
420 652
420 434
421 663
421 967
421 1796
422 1436
422 2124
422 1102
423 1620
423 1505
423 1221
424 1490
424 1693
424 713
425 1588
425 922
426 1771
426 1564
427 904
427 1113
427 1934
428 2116
428 717
429 908
429 2095
430 1130
430 655
430 1825
431 2239
432 1811
432 2190
432 1188
433 2008
433 809
433 2198
434 1463
434 994
435 1941
435 2324
436 848
436 2185
436 2220
437 909
437 1095
437 776
438 1225
438 1010
438 1430
439 1871
439 941
440 1262
440 913
440 781
441 541
441 2398
442 2325
442 1203
443 1844
443 769
444 1661
444 903
445 2024
445 2395
445 1115
446 479
446 1892
447 670
447 1333
447 706
448 1375
448 902
448 542
449 2115
449 1509
449 644
450 1997
450 904
450 588
451 1000
451 453
452 1453
452 546
452 1229
454 2241
454 1599
454 973
455 1717
455 1592
455 1296
456 1419
457 885
457 2022
457 2377
458 1258
458 853
459 2313
459 2260
459 528
460 910
460 2313
461 2067
461 1068
462 648
462 2150
463 2334
463 1508
463 1379
464 1639
464 1268
464 1515
465 1529
465 1390
466 980
466 753
466 1813
467 1087
467 2206
468 2130
468 1993
469 1044
470 1816
470 1598
470 2163
471 1538
471 1305
472 1633
472 1842
473 2323
473 1599
474 2026
474 1067
475 1859
475 707
475 938
476 1624
476 2012
476 1168
477 2263
477 2386
477 757
478 2285
478 1009
478 1716
479 1835
479 2071
480 2389
480 2218
480 1403
481 1431
481 1167
481 1898
482 1540
482 1156
482 2237
483 2230
483 1362
483 1416
484 778
484 2380
485 2116
485 2284
485 1274
486 1860
486 946
486 896
487 895
487 1913
487 585
488 1003
488 1555
488 616
489 1194
490 1582
490 502
490 503
491 1812
492 1806
492 673
492 1580
493 1477
493 1159
494 1404
494 1032
495 1759
495 836
495 2226
496 680
496 2390
496 1280
497 1258
497 805
498 1304
498 1667
498 1558
499 1552
499 868
499 2105
500 911
500 1289
500 1756
501 2312
501 702
501 855
502 781
502 970
503 1393
504 1715
505 2275
505 1790
505 603
506 1514
506 889
506 1584
507 2005
507 2219
507 1512
508 1377
508 592
508 1560
509 1150
509 528
509 1674
510 667
510 960
511 1581
511 1772
511 608
512 812
512 1285
512 1219
513 761
513 1227
513 2089
514 1649
514 2123
514 2021
515 616
515 1145
516 1484
516 737
517 924
517 720
517 1844
518 1381
518 610
518 1186
519 955
520 685
520 1255
521 875
521 1238
521 681
522 979
522 1078
522 1958
523 1779
523 1057
523 2081
524 1868
524 1253
524 1861
525 2083
525 1722
526 1459
526 1343
526 1841
527 572
527 2187
528 851
529 621
529 1465
529 542
530 1682
531 977
531 1442
531 1634
532 639
532 2053
532 1048
533 1775
533 1866
534 1029
535 2343
535 2090
535 1209
536 2235
536 1316
537 743
537 2145
538 1884
538 2144
538 809
539 1538
539 556
539 1981
540 1250
540 1528
541 802
541 1916
542 2123
543 840
543 1375
543 2051
544 987
544 1385
545 715
546 2209
546 1893
547 2333
547 2299
548 654
548 1091
548 1215
549 1084
549 867
550 1234
550 2359
550 1545
551 1184
551 2318
551 1271
552 1145
552 1804
553 1341
553 1154
553 1568
554 1235
554 2370
554 1484
555 1202
555 2168
556 2288
556 1028
557 1823
557 1405
557 1041
558 1966
558 1916
559 931
559 2006
559 1444
560 1359
560 2329
560 1267
561 1456
561 1720
561 1876
562 1020
562 645
563 2096
563 1612
563 1130
564 1447
564 2329
565 1717
565 571
565 1502
566 1359
566 1128
567 2190
567 1421
567 2382
568 1773
568 1112
568 1882
569 1099
569 1320
569 2038
570 2323
570 2367
571 2141
572 1659
573 1427
573 1076
574 1657
574 1206
574 2334
575 1904
575 1386
575 2205
576 964
576 1980
576 793
578 2017
578 861
578 894
579 1765
579 1407
579 1269
580 1057
580 2363
581 1506
581 2068
581 1012
582 2131
582 2196
582 1247
583 2245
583 1412
583 1899
584 2385
584 2021
584 1329
585 2150
585 1718
586 2355
586 1017
586 818
587 1607
587 1352
587 812
588 858
589 1734
589 2134
589 1439
590 632
590 1350
590 2387
591 1237
591 2147
591 1099
592 893
593 1309
593 1421
593 2293
594 1255
595 962
595 2228
596 2203
596 1886
596 732
597 1503
597 1895
597 851
598 2297
598 2091
598 1445
599 1951
599 1555
599 1870
600 1530
600 1532
601 1756
601 2124
602 1366
602 1452
603 961
603 1989
604 1564
604 1170
604 1672
605 1164
605 1415
605 1076
606 934
607 1813
607 864
607 692
608 2069
608 2094
609 2019
609 939
610 1316
610 1128
611 779
611 1947
611 1374
612 1096
612 1730
612 1456
613 1567
613 1250
613 1989
614 1265
615 1893
615 832
616 1429
617 888
618 1025
618 1932
618 1662
619 1461
620 1819
621 942
621 1107
622 824
622 1146
622 1960
623 750
623 1047
624 799
624 1272
624 2223
625 852
625 875
625 1595
626 1811
626 2308
626 1518
627 1815
627 1297
628 2241
628 792
628 686
629 799
629 2313
629 1070
630 1685
630 1922
630 2128
631 1175
631 992
631 1626
632 1996
632 901
633 1236
634 871
635 894
635 1005
635 703
636 954
636 1873
637 1273
637 831
637 1208
638 1123
638 740
639 1741
640 687
640 681
641 956
641 762
642 1765
642 1913
642 723
643 1678
643 1735
644 2365
645 1654
645 2016
646 2317
646 2365
647 1447
648 1369
648 2077
649 859
649 1389
649 1193
650 870
650 1538
651 653
651 1734
652 893
653 2315
653 849
654 793
654 1443
655 1870
656 1316
656 1063
657 2197
657 845
658 730
658 887
658 1026
659 1897
659 825
659 945
660 973
660 2340
661 892
661 2017
662 1559
662 1809
663 1224
664 856
664 759
664 1379
665 2386
665 1195
665 699
666 702
666 1220
666 2315
667 2072
667 979
668 2215
668 1821
668 2362
669 2154
670 1698
670 1493
671 949
671 1864
671 919
672 1576
672 1171
673 1264
673 976
674 1995
674 1962
675 1459
675 1366
675 1731
676 2186
676 1307
676 1274
677 813
677 794
677 1205
678 1707
678 1013
678 2052
679 1983
679 1390
680 2144
680 1993
682 1642
682 2037
682 764
683 1605
683 882
684 1523
684 2297
685 1292
686 830
686 1977
687 1621
687 1652
688 1268
688 986
688 2373
689 2119
689 2092
689 2337
690 2286
690 765
691 1395
691 1287
691 1341
692 1911
692 1744
693 2102
693 2194
694 2357
694 1486
695 1889
695 2215
695 1689
696 2109
697 2062
697 2127
697 917
698 2017
698 1832
698 2040
699 914
700 1490
700 838
701 826
701 2141
702 1061
703 2259
703 2239
704 2238
704 1947
704 746
705 2079
705 2126
707 2140
707 1094
708 2187
708 1956
708 2044
709 926
709 1936
709 2136
710 1175
710 1200
710 1810
711 1618
711 2236
711 1058
712 1703
712 2287
712 2080
713 755
713 1306
714 1132
714 2028
714 1409
715 847
715 1865
717 791
717 969
719 1338
719 1449
719 1252
720 813
721 1783
721 1860
722 1700
722 1054
723 2039
723 972
724 1261
724 1251
724 773
725 1675
725 1641
725 1381
726 1710
726 1627
726 1291
727 1580
727 1625
727 2148
728 1757
728 912
728 1689
729 904
729 930
729 1999
730 1350
730 1330
731 961
731 1392
731 1967
732 1924
733 815
733 1721
734 1269
734 2330
734 1240
735 1687
735 1018
736 1473
736 1531
737 944
737 1539
738 1961
739 1219
739 1101
740 837
740 1157
741 985
741 763
742 1142
742 2224
743 1406
743 1286
744 863
744 2070
745 1998
745 2238
746 2390
746 887
747 756
747 2113
747 913
748 867
748 1861
748 783
749 2300
749 2339
749 943
750 907
750 1328
751 1180
751 1710
752 1330
752 1918
752 2035
753 1775
753 1745
754 1558
754 2148
755 1802
756 995
756 1875
757 1937
757 857
758 1589
758 2227
758 2294
759 1890
759 1484
760 958
760 1478
760 1591
761 1358
762 1340
763 1672
763 1323
764 1874
764 2394
765 2125
765 1008
766 933
766 2221
767 2280
767 1949
767 1948
768 1600
768 2066
769 1705
769 1983
770 2296
770 2374
770 908
771 2210
771 1240
772 2195
772 2175
772 1425
773 1364
773 1664
774 1978
774 1461
774 1784
775 1469
775 1458
776 2077
776 1789
777 2154
777 1018
777 1221
778 1040
778 1382
779 2338
779 843
780 2342
780 1620
780 1481
781 2211
782 1485
782 2201
782 2062
783 1356
785 1589
785 2064
785 1869
786 850
786 1173
786 1727
787 1300
787 1061
787 2004
788 1736
788 2301
788 1584
789 1323
789 2149
789 1049
790 1211
790 1745
790 1382
791 1738
791 2080
792 1033
792 1729
793 2018
794 1616
795 1043
795 2246
796 2299
796 989
796 1764
797 1422
798 1994
798 2308
800 1568
800 988
801 1476
801 1084
802 1326
802 1905
803 1359
803 1837
804 1862
804 2087
804 1309
805 833
805 1068
806 1270
806 1751
807 957
807 2125
807 1324
808 1029
808 1234
809 930
810 2045
810 2270
810 2085
811 950
811 1578
811 2008
812 1957
813 971
814 1471
814 1351
814 1464
815 2271
816 2387
816 1051
816 1325
817 1398
817 1681
817 1232
818 1259
818 2363
819 2378
819 2258
819 1134
820 2006
820 2199
821 1098
821 2020
821 1071
822 1269
822 1677
823 2293
823 1017
823 1648
824 2257
824 1853
825 1777
826 1660
826 984
827 2189
827 2347
827 1544
828 2184
828 1282
828 1758
829 1692
829 1527
830 1051
831 2268
832 1101
833 1988
834 2245
834 1550
835 1907
835 2284
835 1077
836 1818
837 2249
838 1380
838 2336
839 2179
839 1517
839 1507
840 2398
840 2001
841 1342
841 1319
842 1157
843 1706
843 1740
844 1604
845 1212
845 1206
846 2216
847 2157
848 1025
848 1701
849 1908
850 1369
851 2007
852 2095
852 2046
853 2310
854 2264
854 1041
854 2191
855 2286
856 2183
857 1709
858 1986
858 1842
859 1939
860 1337
860 1970
860 1467
861 2103
862 2290
862 2372
862 1746
863 1440
863 1346
864 1301
864 1356
865 2315
865 2266
865 1241
866 1708
866 1637
866 1399
867 1671
868 925
868 1567
869 1755
869 2070
869 1565
870 2086
870 2179
871 1273
871 1376
872 1666
872 2143
872 1339
873 1464
873 2346
874 2212
874 2168
875 1328
876 1043
877 1327
877 1432
878 1253
878 1815
879 1235
879 1934
880 1912
880 2076
880 993
881 1200
881 1585
882 1140
883 2182
883 2085
884 1431
884 1258
886 1552
886 2250
886 2131
887 2038
888 1101
888 1663
890 943
890 1497
890 1217
891 1961
891 2039
892 2298
892 1522
894 1126
895 1902
895 2261
896 2078
896 1006
897 1932
897 1127
898 1275
898 1500
898 1849
899 1310
899 1687
899 1490
900 2291
900 1636
900 1107
901 2329
901 1635
902 1348
902 1009
903 2369
903 2088
905 1301
905 1969
906 1632
906 1856
906 1879
907 1695
907 1622
908 2303
909 1399
909 2225
911 2013
912 1890
912 1121
913 2100
914 1878
915 1253
915 1078
915 1545
916 2226
916 1891
917 1429
918 963
918 1883
918 979
919 1833
919 1342
920 970
920 1873
921 1845
921 1526
921 1296
922 1354
922 2181
923 1516
924 974
924 1048
925 1905
925 2149
927 1631
928 2036
928 1916
928 981
929 1970
929 939
929 2042
930 1028
931 1167
931 1699
932 1564
932 1079
933 2269
933 1731
934 1386
934 1027
935 1116
935 2367
936 1432
937 2145
937 1441
937 1709
938 1111
940 1141
940 2144
940 1853
941 1879
942 1667
943 1856
944 1739
944 2269
945 2390
946 2346
946 2146
947 2071
947 2152
948 1466
948 1009
949 1776
950 1170
950 1352
951 2389
951 2368
951 2358
952 1897
952 1898
953 2213
953 2180
954 1082
954 2274
956 2011
956 992
957 1557
957 1599
958 1603
958 1288
959 1961
959 1302
959 2318
960 968
960 2324
961 1644
962 1133
962 2117
963 2047
964 1543
964 1933
965 1374
965 2359
965 2326
966 1684
966 1638
967 2290
967 1141
968 1998
969 1634
969 1626
970 1260
971 1243
972 2024
972 1363
973 1205
974 1052
974 1108
975 1804
975 2282
976 1694
976 1428
977 1040
977 1308
978 1056
978 1500
978 1575
980 2254
980 2011
981 2108
981 1813
982 2221
982 2044
982 1596
983 1662
983 1523
983 1954
984 2282
984 2135
985 2254
985 2040
986 1001
986 2038
987 1553
987 1865
988 1615
989 1100
989 1533
990 1709
990 1952
991 1975
991 1670
991 2386
992 1315
993 2093
993 1587
994 1926
994 1693
995 1794
995 1071
996 1197
997 1201
997 2041
998 2282
999 1420
999 1190
999 1393
1000 2190
1000 2210
1001 1314
1002 1063
1003 1676
1003 1023
1004 1415
1004 1163
1004 1549
1005 2319
1005 2355
1006 1355
1007 2341
1008 1714
1008 1064
1010 1824
1010 2153
1011 1877
1011 2009
1012 1474
1012 1369
1013 1204
1013 1400
1014 1840
1014 1106
1015 1189
1015 1401
1016 1561
1016 1353
1019 1897
1019 1079
1020 1240
1021 2200
1022 1104
1022 1057
1022 1344
1023 1857
1023 1340
1024 1965
1024 1243
1025 1681
1026 1928
1026 2054
1027 1530
1027 1305
1029 1357
1030 1887
1030 1163
1031 1162
1033 1835
1034 1108
1034 2333
1035 1182
1035 1522
1036 2397
1036 2076
1037 1935
1037 1621
1038 1808
1038 2207
1038 1817
1039 1914
1039 1409
1040 1927
1042 1436
1042 1622
1045 2034
1045 1377
1046 1259
1046 1670
1047 1786
1047 1435
1049 2206
1049 1206
1050 2171
1050 1676
1051 1062
1052 1536
1052 1210
1053 2162
1053 2109
1054 1280
1054 1385
1055 1424
1055 1493
1056 2239
1058 1749
1058 2137
1059 2127
1059 1763
1059 2283
1060 1314
1060 1969
1060 1345
1062 1518
1064 2155
1064 1248
1065 1898
1065 1822
1065 2280
1066 1300
1066 1650
1066 1782
1067 1455
1067 1203
1068 1266
1069 2316
1069 2010
1069 1552
1070 1968
1071 1541
1072 2050
1072 1921
1072 2207
1073 1187
1073 1465
1073 2198
1074 1880
1074 1339
1074 1971
1075 1763
1077 1964
1078 2201
1079 1080
1080 1282
1080 1515
1081 1628
1081 1514
1081 1294
1082 2273
1082 1322
1083 2105
1083 1943
1084 1705
1085 1735
1086 2192
1086 1974
1086 1854
1087 1520
1087 1840
1088 1874
1088 1922
1088 1176
1089 1854
1089 1479
1090 2263
1090 1174
1091 2251
1092 1208
1092 2090
1092 2217
1093 1487
1093 1843
1094 2249
1095 1286
1096 2023
1097 1277
1097 1100
1097 1955
1098 2350
1098 1733
1099 1406
1100 1841
1103 1139
1103 1373
1103 2147
1104 1336
1104 2298
1105 2311
1106 1472
1106 1188
1109 1138
1109 1199
1109 2129
1110 1563
1110 1820
1110 2276
1111 1946
1112 2335
1113 1742
1114 2270
1114 2112
1114 1804
1115 1568
1115 1156
1116 1570
1117 1779
1118 1194
1118 1738
1118 2025
1119 1806
1119 1426
1119 2296
1120 1452
1120 1464
1120 1466
1121 2122
1121 2049
1122 2059
1123 2377
1124 1694
1124 1856
1124 2376
1125 2023
1125 1553
1126 2295
1126 1248
1127 2310
1128 1977
1129 1972
1129 2065
1131 1306
1131 2226
1131 2307
1132 2009
1132 1549
1133 1975
1133 1570
1134 1297
1135 1236
1135 1283
1135 2099
1136 1337
1136 1494
1136 1575
1137 1235
1137 1902
1138 2304
1139 1679
1140 2052
1141 2348
1142 2056
1142 2246
1143 1292
1144 2344
1144 1326
1144 1777
1145 1265
1146 2164
1147 1619
1147 1888
1148 1724
1148 1594
1148 1895
1149 2029
1149 2153
1149 2125
1150 1882
1150 1387
1151 2328
1151 1814
1151 1737
1152 1514
1152 1384
1153 1781
1153 2174
1155 1678
1155 2345
1155 1784
1156 1808
1158 1691
1159 2177
1160 1743
1160 1325
1160 2152
1161 2316
1161 2385
1161 1415
1162 1997
1162 2255
1163 1754
1164 2298
1164 2300
1165 2392
1165 1216
1165 1719
1166 1939
1166 1680
1166 1617
1167 1764
1168 1979
1169 1909
1172 2256
1173 1966
1174 1612
1175 1233
1176 1420
1177 2328
1177 1656
1178 1247
1178 1204
1179 1881
1179 1838
1179 2261
1180 2322
1181 1819
1181 2277
1182 1673
1182 1411
1183 1473
1183 1796
1183 1829
1184 2132
1184 1629
1185 1319
1185 1712
1186 1414
1186 1692
1187 1723
1187 1531
1188 1829
1189 1759
1189 2015
1190 1362
1190 2335
1191 1810
1192 1399
1192 1199
1193 1271
1193 1471
1195 1496
1196 1290
1196 2100
1196 2354
1197 2056
1198 1864
1198 1886
1198 2187
1200 1477
1201 2166
1201 1527
1202 1403
1202 1252
1203 1782
1204 1511
1205 2276
1207 2222
1208 1451
1209 1504
1210 1940
1211 1321
1211 1356
1212 1715
1213 1391
1213 1492
1213 1438
1214 1733
1214 1566
1214 1542
1215 2167
1216 1558
1217 1628
1218 2176
1218 2067
1219 2395
1220 1230
1222 1457
1222 1613
1222 1741
1223 1319
1223 2281
1224 2383
1224 1800
1225 2128
1226 1697
1226 2129
1227 2279
1228 2231
1229 1742
1229 2099
1230 2222
1231 2132
1232 1338
1233 2305
1233 1899
1234 1361
1236 1858
1237 1886
1239 2211
1239 2263
1241 2384
1242 1474
1242 2134
1242 1547
1243 2169
1244 1585
1244 1372
1244 2219
1245 1769
1245 2358
1245 2204
1246 1974
1246 2020
1248 2060
1249 1651
1249 1488
1249 1562
1250 2234
1251 1644
1254 2225
1255 1928
1256 1486
1256 1587
1256 1776
1257 2186
1257 2120
1260 1607
1261 1792
1261 2106
1262 2061
1263 1870
1264 1722
1264 2055
1265 2301
1266 1381
1267 1458
1267 1521
1268 1344
1270 2375
1270 1562
1271 1462
1272 2335
1275 2033
1275 2131
1276 1509
1276 1799
1276 2043
1277 1653
1277 2041
1278 1774
1278 1403
1278 1569
1279 2048
1279 2084
1279 1658
1280 1542
1281 2121
1282 2362
1283 1602
1283 2265
1284 1334
1284 1830
1285 2139
1286 2336
1287 2327
1288 2326
1289 1987
1289 2069
1290 2026
1290 1923
1291 1812
1291 1372
1292 1329
1293 1540
1293 2055
1294 1805
1295 2033
1295 1483
1296 2213
1297 1903
1298 1987
1298 2102
1299 1636
1299 2375
1299 1751
1302 1726
1303 1334
1303 1697
1304 2279
1305 2003
1306 1578
1307 1492
1308 1547
1308 1561
1310 1985
1310 1601
1311 2079
1311 1751
1312 2186
1312 2000
1313 1696
1313 2163
1313 1659
1314 2157
1315 2338
1315 1766
1317 1963
1317 2084
1317 1859
1318 1543
1318 1446
1320 1949
1320 2206
1321 2388
1321 2060
1322 2018
1323 1380
1324 2378
1325 1397
1326 2180
1327 1473
1327 2197
1328 1753
1331 2307
1331 2384
1331 2114
1332 1960
1332 2223
1333 2130
1333 2377
1334 1941
1335 1720
1335 2360
1335 2160
1336 1646
1337 1912
1339 2160
1342 2288
1343 1475
1343 2029
1345 2177
1346 1741
1347 2185
1347 1957
1348 1734
1348 1902
1349 2223
1349 1640
1351 2356
1351 1665
1352 2267
1353 1722
1354 1817
1354 1574
1355 1373
1357 1592
1357 2056
1358 2010
1360 1836
1360 1563
1360 1492
1361 1411
1361 1671
1362 2322
1363 2272
1364 1968
1364 1614
1365 1416
1365 2166
1365 2289
1366 1435
1367 2204
1367 1600
1367 1803
1368 1995
1368 2259
1370 2321
1370 1630
1371 1762
1371 1767
1373 1577
1375 2343
1376 2075
1376 2261
1378 1960
1378 2193
1379 2082
1380 2027
1383 2036
1383 2281
1384 1878
1385 1591
1386 2224
1387 2092
1388 1847
1388 1485
1388 1930
1389 2216
1390 1744
1391 1672
1392 2303
1392 1723
1393 2331
1394 2034
1395 1956
1396 2235
1396 1557
1397 1833
1398 1408
1398 1969
1400 1611
1401 2374
1402 2208
1405 1846
1405 2291
1406 1639
1407 2394
1407 1778
1408 2009
1408 1526
1410 1835
1411 1994
1412 1785
1412 2294
1413 2229
1413 1585
1414 1508
1416 2182
1417 2393
1417 1823
1417 2060
1418 2042
1418 1925
1418 2338
1419 2326
1420 1854
1421 1822
1422 1621
1422 2080
1423 1967
1423 1501
1423 1447
1424 1939
1425 1713
1426 1984
1427 1919
1427 1767
1428 1871
1429 2350
1430 1601
1433 1611
1433 2110
1433 1713
1434 1642
1434 1932
1435 1614
1436 1505
1437 1440
1437 1848
1439 2284
1441 1588
1442 1457
1442 2087
1443 1890
1444 1463
1445 2229
1445 1814
1446 2319
1448 2367
1448 1852
1449 2107
1449 1533
1450 2320
1450 1701
1450 1750
1451 2065
1451 2101
1452 1891
1453 2240
1453 1754
1454 2003
1454 1785
1454 2073
1455 1801
1455 1668
1456 2104
1458 1954
1459 2302
1460 2267
1460 2264
1461 1476
1463 2045
1466 1511
1467 1704
1467 2258
1468 2243
1468 2027
1468 2324
1469 2388
1470 2177
1470 1864
1470 1843
1472 1824
1474 2194
1475 1528
1475 1851
1477 1797
1479 1525
1480 1657
1480 2196
1481 1828
1481 2212
1482 2100
1482 2185
1485 1690
1486 1834
1487 2302
1487 1634
1488 1901
1488 1718
1489 1546
1489 1635
1489 2253
1491 1563
1491 2322
1491 1675
1493 1806
1494 1702
1495 1790
1495 1923
1495 1914
1496 1827
1497 2244
1497 2180
1498 2039
1498 1799
1498 2168
1501 1608
1502 1828
1502 1654
1503 1913
1504 1760
1504 1797
1505 1661
1507 2023
1507 1967
1510 1791
1510 2262
1511 1644
1512 1758
1513 2142
1513 1894
1513 2237
1515 2383
1516 2287
1517 1809
1517 1780
1518 2013
1519 2368
1519 1598
1520 2105
1521 1872
1522 1697
1523 1878
1524 1868
1524 1579
1525 1688
1526 2096
1528 2305
1529 2171
1529 2215
1530 2342
1531 2285
1532 1547
1533 1964
1534 1536
1534 1674
1534 1678
1535 1831
1536 1590
1537 2110
1537 2097
1539 1821
1541 1977
1542 1818
1543 1705
1544 2108
1544 1791
1545 1866
1546 2352
1548 1952
1549 1551
1551 1788
1551 1774
1553 1855
1554 2069
1554 2170
1554 1953
1555 2138
1556 1815
1557 2143
1560 2205
1561 2232
1565 2252
1566 1845
1566 2003
1569 1982
1569 1994
1570 1938
1571 2111
1571 1924
1572 1927
1572 2133
1573 1702
1573 1694
1573 1839
1578 2035
1579 2306
1580 2336
1581 2292
1582 1632
1582 1851
1583 2347
1583 1834
1584 1959
1586 1923
1586 1915
1586 1686
1587 2024
1588 2170
1589 2388
1592 2340
1593 1828
1593 1653
1593 2195
1594 1630
1595 2090
1596 2200
1597 1721
1600 1749
1601 2133
1602 2088
1603 2287
1603 1900
1604 1655
1605 2312
1605 2330
1606 1679
1606 1992
1606 1643
1608 1850
1608 2043
1609 1965
1609 1899
1609 2321
1610 1826
1610 1732
1610 1666
1612 1885
1613 1755
1615 1647
1615 1892
1616 2243
1617 1818
1617 2171
1618 2058
1618 2025
1619 1742
1620 2343
1623 1971
1623 2295
1625 2222
1625 2299
1627 2057
1627 2047
1628 2306
1629 1889
1630 2361
1631 2012
1631 1802
1635 2286
1636 1936
1637 2007
1638 2153
1640 2050
1641 1777
1642 2216
1645 2289
1645 2161
1646 2217
1646 2260
1647 2032
1648 2115
1648 2238
1650 2077
1650 1983
1651 1836
1651 1727
1652 1769
1652 1770
1653 1766
1656 1677
1657 1909
1660 2178
1660 2014
1661 1948
1663 1698
1663 2311
1664 2371
1665 2139
1666 2063
1667 2357
1668 2030
1669 1759
1673 2196
1674 2178
1675 2051
1676 1880
1677 1710
1679 2357
1680 2304
1680 1821
1681 1766
1682 2183
1682 2064
1683 2244
1683 2083
1684 1727
1685 1720
1686 1944
1686 1865
1687 2307
1688 2337
1689 1793
1690 1885
1691 2061
1691 2228
1693 1945
1696 1811
1698 1920
1699 1752
1700 1792
1701 1725
1704 2192
1704 1985
1707 2182
1707 2121
1708 1752
1708 2271
1711 2221
1711 2046
1712 2376
1713 2205
1714 2243
1714 2116
1716 2167
1716 1936
1718 2004
1719 2288
1723 1934
1724 1752
1725 2334
1729 1883
1730 2354
1731 1950
1732 1908
1736 1947
1737 1943
1737 1850
1743 1984
1743 2265
1744 2244
1746 2210
1746 2124
1747 1954
1748 2209
1748 2123
1749 2189
1750 2372
1750 2360
1753 1891
1753 2043
1754 1768
1755 1926
1756 1841
1760 2236
1760 2107
1761 1883
1761 2138
1764 2242
1765 1820
1768 2086
1768 2387
1769 2104
1770 1988
1770 2302
1772 1826
1772 2279
1773 2059
1773 1957
1775 2293
1776 1933
1780 2047
1781 2309
1781 2225
1783 2048
1784 1950
1786 1846
1786 2005
1787 2165
1787 1838
1787 2361
1788 2104
1788 2262
1789 2381
1789 2074
1790 1881
1792 2229
1793 1861
1793 1940
1794 2333
1795 2208
1795 1927
1795 2191
1796 1798
1797 2053
1798 2111
1799 1937
1801 2355
1801 2269
1803 2220
1803 2305
1805 2399
1807 2137
1807 2162
1807 2106
1809 1862
1812 1857
1814 2344
1816 2283
1817 1869
1822 2122
1823 2325
1827 1893
1830 1894
1831 1984
1832 2373
1832 2169
1833 2274
1836 2057
1837 1910
1837 2109
1838 2255
1839 1906
1840 2022
1842 1892
1844 2342
1847 2157
1848 1966
1849 2034
1850 2057
1852 2149
1853 1953
1855 2135
1855 1930
1857 2237
1858 1867
1858 1955
1859 2031
1860 1973
1863 2178
1863 2218
1866 2331
1871 2156
1872 1912
1875 2021
1875 2202
1876 2099
1877 2227
1877 2320
1879 2162
1884 2378
1885 2372
1887 1959
1887 1976
1888 2396
1895 2356
1896 2369
1896 2399
1904 2349
1904 2365
1905 2345
1906 2346
1907 2233
1907 2253
1910 2016
1910 2142
1911 2234
1911 2067
1917 2093
1918 2330
1918 2139
1919 1988
1919 2049
1920 2014
1920 2010
1925 2252
1925 1968
1929 2382
1930 2260
1931 2028
1933 2052
1935 2008
1938 2112
1941 2240
1942 2323
1942 2352
1943 2295
1944 2311
1944 2248
1945 2253
1946 2001
1948 2292
1950 2232
1951 2327
1955 2278
1958 2172
1958 2235
1962 1992
1963 2242
1963 2301
1964 2129
1965 2317
1972 2040
1973 2014
1978 1990
1980 2076
1981 2019
1982 2085
1989 2199
1990 2306
1991 1997
1993 2112
1996 2339
1999 2395
1999 2004
2000 2303
2001 2233
2002 2192
2005 2325
2006 2150
2007 2164
2011 2352
2012 2316
2013 2375
2015 2066
2018 2160
2019 2392
2025 2073
2026 2191
2027 2228
2031 2249
2033 2155
2036 2154
2037 2245
2037 2310
2045 2107
2046 2381
2051 2074
2054 2165
2059 2204
2061 2268
2062 2242
2063 2170
2064 2314
2065 2174
2068 2384
2070 2371
2071 2278
2072 2272
2072 2211
2075 2137
2078 2232
2079 2247
2084 2248
2086 2212
2087 2349
2088 2220
2089 2224
2096 2340
2103 2128
2106 2214
2115 2250
2118 2135
2118 2193
2119 2267
2122 2173
2126 2373
2126 2376
2134 2294
2136 2169
2140 2193
2146 2327
2151 2396
2156 2348
2158 2381
2159 2382
2159 2199
2161 2163
2164 2332
2165 2385
2172 2354
2173 2217
2175 2344
2198 2274
2202 2280
2202 2397
2213 2380
2218 2370
2219 2394
2227 2273
2234 2351
2240 2314
2241 2351
2251 2356
2252 2359
2256 2389
2257 2278
2273 2397
2277 2391
2281 2332
2292 2339
2312 2379
2317 2360
2350 2392
