0 2015
0 1131
0 1851
1 932
1 2397
1 631
2 2302
2 1722
2 334
3 614
3 1556
3 775
4 133
4 1230
4 869
5 1949
5 1137
5 39
6 1088
6 1015
6 281
7 2357
7 1774
7 1572
8 1734
8 457
8 1164
9 2449
9 526
9 1809
10 870
10 2172
10 1237
11 1702
11 1780
11 506
12 338
12 1198
12 2191
13 2585
13 2522
13 1308
14 1927
14 1197
14 1392
15 2391
15 1055
15 2460
16 2542
16 1861
16 624
17 979
17 429
17 1247
18 1815
18 1042
18 822
19 583
19 1864
19 1535
20 1448
20 1627
20 1256
21 1137
21 2569
21 2387
22 847
22 1178
22 48
23 828
23 1248
23 975
24 627
24 2392
24 1593
25 1089
25 163
25 261
26 1653
26 1625
26 494
27 2204
27 579
27 667
28 1548
28 1757
28 2002
29 1227
29 1714
29 766
30 1921
30 372
30 2164
31 921
31 1827
31 1289
32 2129
32 1550
32 1805
33 1318
33 223
33 192
34 2121
34 2598
34 839
35 768
35 683
35 1636
36 1978
36 912
36 1432
37 2184
37 469
37 1770
38 1434
38 1557
38 734
39 1479
39 369
40 2213
40 616
40 1812
41 1333
41 564
41 615
42 2295
42 2042
42 68
43 608
43 441
43 1088
44 899
44 1760
44 973
45 1988
45 1331
45 2168
46 882
46 2221
46 2510
47 592
47 594
47 583
48 744
48 637
49 1706
49 1004
49 2371
50 2011
50 907
50 720
51 1319
51 1686
51 1918
52 2434
52 243
52 1987
53 832
53 2084
53 146
54 451
54 972
54 1847
55 1287
55 76
55 709
56 1355
56 1556
56 1052
57 1235
57 452
57 1450
58 837
58 982
58 812
59 1084
59 2109
59 1992
60 2469
60 2402
60 2232
61 2022
61 490
61 2202
62 489
62 680
62 1676
63 1869
63 1312
63 718
64 1392
64 1404
64 826
65 1209
65 436
65 1541
66 2136
66 1994
66 1156
67 1143
67 1057
67 2088
68 934
68 774
69 516
69 155
69 785
70 717
70 1129
70 635
71 2168
71 1071
71 1350
72 1463
72 1745
72 930
73 2150
73 1093
73 2398
74 2083
74 1729
74 872
75 831
75 2145
75 1451
76 1389
76 759
77 848
77 1226
77 2046
78 2129
78 1361
78 1064
79 1493
79 2122
79 1068
80 145
80 655
80 703
81 1055
81 1539
81 1606
82 2412
82 1842
82 1909
83 387
83 2084
83 267
84 2521
84 913
84 320
85 2117
85 2339
85 786
86 2440
86 1206
86 2295
87 2060
87 1162
87 1350
88 331
88 211
88 1878
89 220
89 1185
89 726
90 1033
90 649
90 2382
91 1707
91 1558
91 437
92 1534
92 2563
92 1456
93 2438
93 117
93 866
94 522
94 349
94 1908
95 1030
95 294
95 2423
96 1880
96 801
96 1929
97 186
97 818
97 2162
98 2250
98 2539
98 1978
99 849
99 2581
99 1426
100 227
100 1794
100 2324
101 658
101 866
101 2299
102 1340
102 2205
102 731
103 714
103 1643
103 1822
104 1091
104 1581
104 2166
105 1639
105 1537
105 2089
106 1244
106 331
106 1835
107 2511
107 1434
107 1698
108 390
108 1274
108 805
109 1589
109 1516
109 1123
110 1544
110 1546
110 216
111 2175
111 295
111 728
112 1983
112 1066
112 1081
113 2333
113 1905
113 995
114 1436
114 2592
114 2415
115 1526
115 1456
115 884
116 1603
116 1425
116 1667
117 137
117 779
118 1564
118 2006
118 1201
119 1033
119 991
119 974
120 136
120 1569
120 654
121 693
121 1311
121 1765
122 1753
122 947
122 2054
123 1810
123 2318
123 1447
124 1453
124 2546
124 1658
125 1735
125 1362
125 2356
126 1236
126 1934
126 1605
127 941
127 2400
127 2565
128 347
128 379
128 461
129 971
129 876
129 1288
130 2288
130 1741
130 1842
131 666
131 1663
131 1644
132 978
132 1436
132 1523
133 403
133 2457
134 1926
134 1026
134 611
135 2277
135 642
135 1142
136 1804
136 1112
137 869
137 1078
138 1885
138 278
138 1890
139 866
139 1067
139 1894
140 1731
140 2221
140 1805
141 2260
141 177
141 1766
142 887
142 2541
142 453
143 1145
143 1629
143 1934
144 755
144 371
144 981
145 201
145 1812
146 639
146 2314
147 335
147 1748
147 1586
148 906
148 370
148 692
149 2189
149 2309
149 421
150 611
150 1110
150 280
151 1555
151 1438
151 1757
152 1582
152 1243
152 1500
153 2591
153 1997
153 1330
154 2291
154 1266
154 1519
155 626
155 1632
156 1445
156 2220
156 2170
157 1430
157 2282
157 2527
158 742
158 476
158 2481
159 1060
159 2561
159 1286
160 224
160 757
160 2326
161 306
161 2366
161 900
162 984
162 1039
162 2387
163 1389
163 2407
164 415
164 231
164 541
165 194
165 2557
165 1515
166 1860
166 1621
166 608
167 511
167 492
167 1267
168 262
168 2327
168 1337
169 2444
169 1565
169 2150
170 1367
170 1910
170 1771
171 2535
171 2151
171 833
172 683
172 516
172 721
173 1104
173 1361
173 2531
174 353
174 1719
174 796
175 992
175 1127
175 2474
176 1040
176 1956
176 847
177 406
177 373
178 841
178 811
178 925
179 2543
179 1178
179 251
180 833
180 1323
180 1900
181 183
181 1883
181 1387
182 2464
182 1939
182 584
183 1067
183 2249
184 1419
184 1566
184 1347
185 2412
185 1155
185 1415
186 2391
186 707
187 652
187 2153
187 2499
188 1829
188 1762
188 2123
189 1456
189 245
189 1728
190 562
190 1912
190 1174
191 1537
191 1553
191 1300
192 1405
192 1516
193 2380
193 1159
193 1391
194 1227
194 395
195 2428
195 873
195 837
196 1967
196 2352
196 682
197 213
197 807
197 1948
198 394
198 2510
198 1567
199 1906
199 2461
199 2417
200 1246
200 553
200 1711
201 2301
201 2546
202 380
202 2103
202 1373
203 2261
203 1661
203 790
204 2467
204 1813
204 1043
205 1182
205 1724
205 252
206 377
206 2103
206 2112
207 482
207 1983
207 567
208 1776
208 1889
208 514
209 1798
209 980
209 1138
210 1138
210 1559
210 1989
211 917
211 2066
212 2042
212 697
212 1485
213 1393
213 1249
214 1790
214 2345
214 1188
215 441
215 935
215 940
216 772
216 1800
217 2323
217 664
217 928
218 825
218 1942
218 378
219 921
219 606
219 630
220 2236
220 257
221 702
221 1610
221 2035
222 2062
222 1791
222 240
223 507
223 1391
224 1746
224 937
225 2481
225 2470
225 273
226 1324
226 2198
226 1177
227 363
227 1366
228 400
228 809
228 1296
229 2035
229 1376
229 563
230 589
230 1258
230 1522
231 1494
231 1353
232 2399
232 1290
232 278
233 1514
233 1736
233 1637
234 2324
234 254
234 1192
235 931
235 292
235 441
236 1221
236 2471
236 1571
237 1236
237 321
237 598
238 2336
238 687
238 391
239 880
239 2587
239 1837
240 1091
240 679
241 1670
241 1120
241 635
242 917
242 1271
242 447
243 312
243 1817
244 2403
244 1128
244 1454
245 1212
245 1577
246 2565
246 1656
246 1920
247 1822
247 1175
247 2457
248 1669
248 570
248 2394
249 423
249 2562
249 1802
250 1985
250 2118
250 1979
251 2367
251 2022
252 430
252 2408
253 2528
253 2341
253 1672
254 571
254 478
255 1580
255 2034
255 2513
256 2404
256 421
256 614
257 798
257 2573
258 884
258 460
258 2591
259 1543
259 2541
259 680
260 2242
260 1903
260 2544
261 1726
261 991
262 287
262 2040
263 787
263 1765
263 1214
264 1572
264 1571
264 2421
265 1749
265 751
265 808
266 1910
266 1657
266 774
267 1958
267 1245
268 305
268 1690
268 2551
269 1698
269 1488
269 2454
270 974
270 1350
270 568
271 663
271 1525
271 1856
272 2353
272 1737
272 1221
273 1657
273 796
274 409
274 1337
274 2269
275 675
275 743
275 764
276 1745
276 1360
276 1695
277 798
277 1044
277 2415
278 455
279 2132
279 2442
279 2369
280 301
280 357
281 2087
281 1249
282 1508
282 2500
282 883
283 578
283 1400
283 1072
284 1619
284 829
284 546
285 2289
285 1631
285 1688
286 1502
286 534
286 2300
287 1010
287 1314
288 2524
288 1207
288 1816
289 1961
289 2273
289 1545
290 1750
290 2234
290 1794
291 2053
291 2180
291 1191
292 504
292 1387
293 1877
293 958
293 938
294 1440
294 2555
295 348
295 830
296 984
296 2202
296 1585
297 2342
297 1648
297 2026
298 843
298 1838
298 1144
299 1645
299 2547
299 354
300 1913
300 2256
300 2243
301 1696
301 1895
302 1050
302 2500
302 1962
303 801
303 538
303 706
304 1563
304 2170
304 2517
305 1515
305 2027
306 2251
306 956
307 1994
307 994
307 1995
308 2074
308 2515
308 1845
309 1504
309 2243
309 1980
310 970
310 1863
310 1090
311 939
311 453
311 2297
312 557
312 2459
313 2208
313 2508
313 2117
314 2058
314 727
314 586
315 357
315 354
315 2513
316 976
316 2018
316 2207
317 1595
317 939
317 1494
318 1903
318 420
318 2190
319 1661
319 523
319 908
320 1743
320 358
321 2593
321 721
322 1570
322 986
322 2124
323 1775
323 414
323 1031
324 723
324 1485
324 2302
325 2239
325 744
325 877
326 2518
326 2272
326 1204
327 731
327 1814
327 337
328 1511
328 2505
328 471
329 1127
329 2075
329 622
330 878
330 1518
330 2292
331 2197
332 1668
332 742
332 1332
333 2186
333 1859
333 403
334 2335
334 2151
335 2056
335 2163
336 1550
336 1494
336 1317
337 1089
337 2403
338 1730
338 1018
339 1641
339 1371
339 2452
340 1767
340 579
340 2398
341 2405
341 702
341 1908
342 2281
342 2373
342 2101
343 864
343 764
343 2037
344 370
344 1783
344 846
345 2025
345 748
345 1564
346 1954
346 1196
346 2107
347 1938
347 1798
348 1474
348 1202
349 669
349 685
350 2489
350 1432
350 550
351 2298
351 1561
351 823
352 1524
352 1714
352 790
353 1171
353 2539
354 748
355 1281
355 2364
355 1892
356 1642
356 554
356 436
357 2116
358 787
358 1672
359 777
359 1427
359 1145
360 423
360 2065
360 978
361 1753
361 2444
361 1464
362 2001
362 448
362 2350
363 2340
363 1335
364 1802
364 666
364 1618
365 2032
365 398
365 1372
366 1737
366 1089
366 2381
367 1001
367 2592
367 588
368 535
368 427
368 707
369 2158
369 450
370 2506
371 1417
371 2476
372 760
372 2031
373 531
373 678
374 932
374 1517
374 1869
375 497
375 1228
375 1987
376 1529
376 1695
376 1036
377 1426
377 1607
378 765
378 1005
379 1328
379 520
380 1184
380 527
381 1264
381 1375
381 1058
382 1592
382 1751
382 2495
383 1146
383 1455
383 2099
384 1865
384 840
384 983
385 2460
385 447
385 2508
386 638
386 1916
386 908
387 1904
387 1769
388 1632
388 470
388 2047
389 573
389 998
389 1658
390 1237
390 1943
391 2516
391 1173
392 1074
392 1484
392 1196
393 1527
393 2003
393 969
394 692
394 870
395 897
395 2372
396 2410
396 1012
396 1280
397 1892
397 2275
397 1349
398 1999
398 402
399 797
399 1624
399 1108
400 935
400 1935
401 858
401 2181
401 875
402 1779
402 1761
403 2409
404 1082
404 1095
404 1438
405 640
405 1638
405 2237
406 2369
406 885
407 1104
407 1449
407 1904
408 2503
408 723
408 732
409 1340
409 2215
410 1070
410 2474
410 2007
411 442
411 1020
411 2565
412 920
412 1626
412 1157
413 2167
413 1013
413 1212
414 745
414 1936
415 1150
415 1123
416 1114
416 737
416 1205
417 2071
417 1955
417 2057
418 728
418 2403
418 1843
419 2134
419 1959
419 1143
420 1925
420 1084
421 1718
422 2148
422 972
422 2266
423 2327
424 888
424 2543
424 1409
425 1732
425 1155
425 2071
426 2466
426 806
426 2193
427 2128
427 558
428 2094
428 651
428 929
429 1379
429 2314
430 2351
430 2410
431 525
431 2536
431 1194
432 599
432 1659
432 861
433 1124
433 860
433 2041
434 1627
434 994
434 1107
435 1808
435 1765
435 1493
436 1317
437 1046
437 1714
438 2156
438 681
438 2068
439 1963
439 1055
439 835
440 643
440 1022
440 640
442 1326
442 671
443 1150
443 2249
443 598
444 2284
444 919
444 679
445 2309
445 768
445 2334
446 479
446 2225
446 763
447 1943
448 2300
448 691
449 2106
449 1909
449 2574
450 2540
450 1262
451 1847
451 816
452 2523
452 1965
453 2254
454 2072
454 2482
454 2135
455 719
455 1248
456 2450
456 1041
456 1868
457 1083
457 1109
458 1755
458 1388
458 638
459 1834
459 2319
459 2590
460 1402
460 1366
461 1318
461 2432
462 1788
462 1363
462 1542
463 1346
463 1787
463 1378
464 2056
464 804
464 2579
465 1011
465 2190
465 1643
466 656
466 2328
466 1979
467 2046
467 1194
467 2396
468 926
468 743
468 1439
469 1253
469 1583
470 1726
470 2155
471 586
471 2430
472 804
472 1245
472 1536
473 961
473 1092
473 1576
474 2416
474 945
474 1133
475 708
475 2379
475 1861
476 1308
476 2465
477 508
477 2176
477 612
478 798
478 862
479 701
479 904
480 607
480 680
480 899
481 1595
481 769
481 2050
482 907
482 2559
483 838
483 1613
483 2472
484 1186
484 1576
484 1722
485 528
485 2296
485 1051
486 1356
486 1196
486 2310
487 1689
487 710
487 1498
488 1125
488 1668
488 1837
489 1685
489 2227
490 807
490 1944
491 2275
491 1484
491 2079
492 887
492 2185
493 1204
493 665
493 2081
494 547
494 542
495 1680
495 1056
495 741
496 1580
496 768
496 2334
497 977
497 1716
498 1913
498 1795
498 872
499 1069
499 1173
499 1019
500 652
500 871
500 2366
501 789
501 735
501 1360
502 2590
502 2416
502 1401
503 2341
503 1801
503 668
504 1101
504 1009
505 2597
505 1000
505 2268
506 1162
506 618
507 1937
507 2112
508 1511
508 1530
509 2097
509 2553
509 1556
510 1917
510 882
510 993
511 2203
511 815
512 1629
512 782
512 1578
513 1487
513 805
513 1528
514 1891
514 1134
515 1756
515 2344
515 1619
516 2520
517 1692
517 1997
517 2385
518 2525
518 1930
518 924
519 1364
519 2435
519 1820
520 2089
520 1692
521 2131
521 897
521 1971
522 1924
522 955
523 2453
523 1354
524 2469
524 1957
524 1454
525 799
525 1268
526 2105
526 2383
527 698
527 1295
528 623
528 1356
529 700
529 792
529 783
530 2577
530 1502
530 1789
531 2268
531 1559
532 1373
532 2048
532 1700
533 1119
533 2348
533 1153
534 846
534 1703
535 1937
535 1258
536 1224
536 1168
536 2308
537 2560
537 919
537 2443
538 697
538 1051
539 2330
539 802
539 1358
540 939
540 1111
540 1719
541 2274
541 2345
542 2175
542 2272
543 2228
543 1307
543 622
544 1385
544 2519
544 1630
545 1063
545 2008
545 1864
546 1011
546 1314
547 1543
547 2032
548 576
548 2576
548 1981
549 1155
549 2526
549 1095
550 746
550 2374
551 2293
551 1697
551 2388
552 1094
552 1446
552 920
553 1345
553 1052
554 1357
554 2079
555 1841
555 2472
555 574
556 2086
556 2102
556 2465
557 1534
557 648
558 1132
558 1623
559 2486
559 1860
559 2016
560 2151
560 2118
560 1949
561 1076
561 1167
561 1287
562 861
562 1037
563 1216
563 2088
564 2296
564 1778
565 594
565 2478
565 1767
566 2182
566 1262
566 676
567 1939
567 2155
568 1986
568 2145
569 1573
569 1560
569 832
570 2576
570 648
571 575
571 1397
572 684
572 1658
572 1769
573 2038
573 2532
574 1233
574 1121
575 2241
575 2477
576 2393
576 1501
577 1296
577 840
577 1008
578 2044
578 1932
579 1655
580 1683
580 1496
580 1416
581 1675
581 1445
581 763
582 1084
582 1382
582 966
583 1873
584 915
584 2100
585 2424
585 1987
585 1772
586 2462
587 1325
587 854
587 1076
588 2001
588 943
589 949
589 612
590 740
590 993
590 602
591 2514
591 2109
591 1106
592 2032
592 1141
593 1018
593 1415
593 1740
594 2593
595 786
595 1522
595 1700
596 1881
596 1772
596 1176
597 1264
597 1967
597 2534
598 1532
599 2321
599 1660
600 1947
600 2380
600 2248
601 2172
601 1578
601 1418
602 2384
602 1144
603 1645
603 1879
603 2413
604 824
604 902
604 2017
605 2060
605 1145
605 1512
606 1960
606 1006
607 795
607 2067
608 952
609 2009
609 1583
609 1586
610 2045
610 2149
610 1670
611 1594
612 1828
613 2103
613 1802
613 1471
614 1122
615 1509
615 2338
616 1778
616 2564
617 692
617 1291
617 643
618 1808
618 1901
619 2210
619 678
619 2317
620 1499
620 785
620 1035
621 1474
621 1877
621 2375
622 1087
623 1002
623 2091
624 1542
624 995
625 1777
625 1418
625 2248
626 960
626 665
627 2599
627 1603
628 2069
628 1286
628 2246
629 2314
629 1786
629 2194
630 1628
630 909
631 1604
631 1387
632 2104
632 2328
632 1712
633 1709
633 1675
633 1016
634 2028
634 1130
634 1366
635 2566
636 2167
636 1002
636 1679
637 1691
637 1386
638 2436
639 943
639 2193
640 1924
641 1085
641 990
641 1533
642 1722
642 1280
643 1225
644 2133
644 859
644 1290
645 1613
645 1925
645 1578
646 911
646 2310
646 1952
647 1075
647 2488
647 2589
648 2580
649 1047
649 1601
650 1917
650 1741
650 775
651 661
651 2229
652 926
653 684
653 2482
653 1681
654 2556
654 839
655 1043
655 876
656 2227
656 889
657 751
657 777
657 1319
658 2174
658 2473
659 1998
659 2166
659 1620
660 2224
660 2017
660 1544
661 1654
661 2271
662 1870
662 2354
662 1761
663 2593
663 1956
664 1747
664 1776
665 2064
666 1841
667 2568
667 2407
668 1588
668 1611
669 2040
669 1583
670 2558
670 2416
670 2267
671 1233
671 2492
672 2550
672 1107
672 2491
673 871
673 2055
673 791
674 2276
674 1892
674 1311
675 2087
675 1839
676 950
676 2280
677 2232
677 2337
677 1597
678 1953
679 851
681 1792
681 2280
682 1695
682 1960
683 2088
684 1029
685 1708
685 1856
686 1996
686 2548
686 1874
687 2094
687 1435
688 2212
688 736
688 1717
689 1793
689 2156
689 1986
690 693
690 970
690 1470
691 2055
691 1442
693 1791
694 842
694 1866
694 2596
695 840
695 2159
695 1786
696 2216
696 1710
696 1656
697 1527
698 2597
698 2477
699 1907
699 1091
699 1129
700 2244
700 1107
701 1257
701 1936
702 1653
703 1062
703 2164
704 1503
704 2410
704 2586
705 940
705 1818
705 1785
706 1082
706 2141
707 1694
708 2000
708 1338
709 2411
709 1931
710 1344
710 2326
711 1739
711 1303
711 2471
712 2381
712 1399
712 1757
713 2576
713 855
713 1587
714 1014
714 1158
715 1584
715 1862
715 2394
716 867
716 1467
716 1947
717 1907
717 827
718 2367
718 1948
719 1596
719 1442
720 1896
720 2291
721 874
722 2106
722 1503
722 803
723 2454
724 1527
724 1575
724 1653
725 1022
725 1584
725 1477
726 2459
726 1896
727 1783
727 1944
728 1222
729 1209
729 1078
729 1567
730 1793
730 1499
730 1590
731 1483
732 1232
732 1508
733 2454
733 1267
733 1221
734 857
734 2154
735 2489
735 1378
736 1613
736 1897
737 1345
737 1363
738 1772
738 1175
738 1389
739 775
739 1098
739 2596
740 2187
740 1063
741 915
741 1050
742 1773
743 1136
744 1098
745 2339
745 2455
746 1073
746 1900
747 1815
747 1928
747 1234
748 1336
749 2212
749 1698
749 773
750 1766
750 1677
750 1215
751 2459
752 1148
752 2185
752 1549
753 1284
753 1835
753 2256
754 838
754 1269
754 1021
755 1370
755 2144
756 2337
756 1788
756 1132
757 863
757 2501
758 786
758 1383
758 1995
759 1172
759 1219
760 2114
760 2383
761 1489
761 2477
761 2383
762 848
762 2118
762 1813
763 2038
764 776
765 1342
765 1741
766 1594
766 2140
767 1543
767 1510
767 2418
769 2012
769 1123
770 920
770 2191
770 999
771 773
771 1646
771 2372
772 1460
772 1222
773 2365
774 1521
776 1927
776 1001
777 1392
778 1271
778 2596
778 2376
779 1863
779 1339
780 1637
780 867
780 811
781 1249
781 2575
781 964
782 1466
782 2128
783 2115
783 2190
784 2124
784 2062
784 1295
785 1782
787 1643
788 1152
788 1661
788 1677
789 1571
789 1552
790 1742
791 1916
791 1981
792 2229
792 1087
793 1310
793 2214
793 1668
794 1990
794 1014
794 1601
795 1762
795 873
796 1605
797 1193
797 1634
799 2201
799 1359
800 1113
800 1785
800 2349
801 2146
802 2318
802 1071
803 2081
803 2169
804 1569
805 825
806 1925
806 2502
807 2368
808 1512
808 833
809 2082
809 1126
810 2013
810 1803
810 1699
811 1882
812 913
812 2197
813 2564
813 1785
813 1467
814 1277
814 2235
814 2562
815 953
815 1265
816 2196
816 1406
817 2543
817 2546
817 1894
818 2153
818 1859
819 986
819 1372
819 1752
820 1867
820 1912
820 1041
821 2497
821 1266
821 1974
822 1160
822 924
823 2492
823 2113
824 2242
824 1197
825 2105
826 2005
826 984
827 1090
827 2430
828 2428
828 1865
829 1975
829 2063
830 2586
830 2534
831 969
831 1936
832 1572
834 1414
834 1603
834 1826
835 2108
835 1670
836 2523
836 1502
836 1955
837 1232
838 1667
839 1955
841 1724
841 1187
842 1602
842 2255
843 1344
843 2549
844 1873
844 2517
844 2206
845 1316
845 1976
845 1536
846 1081
847 2133
848 905
849 1532
849 2547
850 1654
850 1428
850 1762
851 1321
851 2186
852 2030
852 1288
852 2157
853 1984
853 1919
853 1803
854 2051
854 895
855 2017
855 1453
856 2154
856 2522
856 1133
857 2141
857 1493
858 1750
858 1433
859 2205
859 1855
860 2343
860 2379
861 1854
862 891
862 2273
863 2160
863 1129
864 1468
864 2201
865 2257
865 1552
865 1962
867 1065
868 1570
868 1902
868 2235
869 1963
870 1652
871 1889
872 1223
873 2520
874 2143
874 1075
875 1831
875 1866
876 1043
877 2093
877 2194
878 2007
878 1459
879 1725
879 1706
879 1390
880 1499
880 1632
881 1157
881 1003
881 2463
882 2436
883 1867
883 1659
884 1395
885 2199
885 2589
886 1306
886 1911
886 2136
887 2033
888 1139
888 1374
889 1302
889 1607
890 1924
890 1915
890 1686
891 2219
891 1198
892 1660
892 1224
892 2305
893 2211
893 1244
893 1974
894 1512
894 1000
894 1942
895 1693
895 2582
896 1602
896 2498
896 1535
897 1085
898 1951
898 1182
898 1701
899 1901
900 1899
900 1382
901 1167
901 2409
901 2091
902 1590
902 2177
903 1118
903 2289
903 1286
904 1051
904 1479
905 2326
905 2058
906 2417
906 966
907 1888
908 2312
909 1973
909 1303
910 2335
910 991
910 1256
911 1795
911 2094
912 1504
912 1331
913 1260
914 1396
914 1888
914 1728
915 1310
916 1985
916 1461
916 2311
917 1523
918 1369
918 1419
918 967
919 2363
921 1521
922 2450
922 1806
922 1664
923 1651
923 1497
923 2494
924 2037
925 2065
925 1507
926 2286
927 2399
927 2251
927 2460
928 2025
928 1609
929 2521
929 2270
930 1342
930 2101
931 2505
931 1569
932 1738
933 1941
933 1774
933 1330
934 2433
934 1472
935 2142
936 2073
936 1396
936 2095
937 1347
937 1170
938 1238
938 2176
940 1902
941 2306
941 1252
942 2125
942 1415
942 2055
943 1622
944 1195
944 954
944 2431
945 2161
945 1636
946 2297
946 1780
946 2473
947 2126
947 1882
948 1682
948 2105
948 1665
949 1381
949 1405
950 1021
950 1685
951 1362
951 2174
951 1008
952 1708
952 1061
953 2347
953 2140
954 2414
954 2018
955 1252
955 1287
956 2431
956 1244
957 2475
957 2411
957 2512
958 2035
958 1298
959 1993
959 2083
959 1608
960 2182
960 1204
961 1225
961 1032
962 2451
962 2355
962 1457
963 2247
963 1413
963 2230
964 1168
964 1483
965 1111
965 1679
965 2508
966 1707
967 2483
967 2018
968 2309
968 1156
968 2523
969 1077
970 2293
971 2554
971 1202
972 2285
973 1097
973 1970
974 1870
975 1897
975 1316
976 1486
976 982
977 1966
977 2532
978 2039
979 1225
979 1149
980 1391
980 1554
981 1012
981 1170
982 2037
983 1763
983 1251
985 1816
985 2490
985 1102
986 2448
987 2143
987 1683
987 1464
988 2283
988 1062
988 1036
989 1109
989 1144
989 1080
990 1790
990 1887
992 1153
992 1764
993 2594
994 2106
995 1507
996 2013
996 1974
996 1270
997 1377
997 2493
997 1890
998 1833
998 2110
999 2025
999 2585
1000 2179
1001 2465
1002 1830
1003 1086
1003 2234
1004 1332
1004 2568
1005 1105
1005 1096
1006 2438
1006 1647
1007 1473
1007 1715
1007 2227
1008 2050
1009 1195
1009 1216
1010 1447
1010 1511
1011 1383
1012 1575
1013 2578
1013 2318
1014 2421
1015 1763
1015 2473
1016 1067
1016 1532
1017 2578
1017 2237
1017 1674
1018 1857
1019 1081
1019 2352
1020 2240
1020 1079
1021 2189
1022 2435
1023 1801
1023 2496
1023 1978
1024 1991
1024 1334
1024 2413
1025 1638
1025 2304
1025 1393
1026 1961
1026 1181
1027 1881
1027 1347
1027 2353
1028 2107
1028 1900
1028 2164
1029 2377
1029 1644
1030 2432
1030 2480
1031 2224
1031 1217
1032 2408
1032 1332
1033 2298
1034 1218
1034 2466
1034 1110
1035 1704
1035 1859
1036 1319
1037 1334
1037 2083
1038 1676
1038 1136
1038 2509
1039 2223
1039 1282
1040 1982
1040 2184
1041 1126
1042 2535
1042 2302
1044 2479
1044 2385
1045 1437
1045 1435
1045 2107
1046 1933
1046 2067
1047 2422
1047 1337
1048 1154
1048 1686
1048 1440
1049 1529
1049 2349
1049 1429
1050 1159
1052 1167
1053 1127
1053 1437
1053 1406
1054 2551
1054 2168
1054 2148
1056 2419
1056 1449
1057 2447
1057 2097
1058 2231
1058 1239
1059 1780
1059 1364
1059 1678
1060 1701
1060 2223
1061 2258
1061 1702
1062 1085
1063 2027
1064 1971
1064 2141
1065 2299
1065 2101
1066 1172
1066 2090
1068 2363
1068 1132
1069 1480
1069 1829
1070 1267
1070 1399
1071 2123
1072 1884
1072 2229
1073 1074
1073 1538
1074 2359
1075 1272
1076 2442
1077 1962
1077 2347
1078 2060
1079 1640
1079 1835
1080 2488
1080 2282
1082 1452
1083 2360
1083 1639
1086 1830
1086 2222
1087 1253
1088 2584
1090 1964
1092 1770
1092 1930
1093 2070
1093 1180
1094 1872
1094 1407
1095 1674
1096 1338
1096 2587
1097 1547
1097 1140
1098 2303
1099 1850
1099 1108
1099 1935
1100 2313
1100 2110
1100 2299
1101 1811
1101 2254
1102 1124
1102 2533
1103 2273
1103 2315
1103 1315
1104 2364
1105 2338
1105 1792
1106 1625
1106 2368
1108 2284
1109 1690
1110 1513
1111 1181
1112 2247
1112 1579
1113 2577
1113 1711
1114 1431
1114 2262
1115 2129
1115 1873
1115 2215
1116 1806
1116 1735
1116 2179
1117 1821
1117 1210
1117 1596
1118 2200
1118 2349
1119 2387
1119 2058
1120 2507
1120 1520
1121 1874
1121 1799
1122 2361
1122 2217
1124 2245
1125 2556
1125 2039
1126 1470
1128 2590
1128 1591
1130 1509
1130 1646
1131 2335
1131 2495
1133 1525
1134 1957
1134 1276
1135 1192
1135 1165
1135 1674
1136 2484
1137 1672
1138 1364
1139 2320
1139 1803
1140 1581
1140 1739
1141 1906
1141 1787
1142 2294
1142 1821
1143 1905
1146 1343
1146 1843
1147 1154
1147 1433
1147 2381
1148 1451
1148 2281
1149 2073
1149 2012
1150 1443
1151 2161
1151 1953
1151 1548
1152 2119
1152 2510
1153 1725
1154 2353
1156 2251
1157 1640
1158 2401
1158 2171
1159 2339
1160 2544
1160 1372
1161 1969
1161 1242
1161 2128
1162 1419
1163 2501
1163 1872
1163 1689
1164 1697
1164 1292
1165 2597
1165 2059
1166 2160
1166 2200
1166 1562
1168 1413
1169 2464
1169 2224
1169 1411
1170 2114
1171 1977
1171 1362
1172 1296
1173 2119
1174 1384
1174 2121
1175 1818
1176 1623
1176 1526
1177 2029
1177 1742
1178 1354
1179 1783
1179 1664
1179 2569
1180 2588
1180 1547
1181 2115
1182 1301
1183 2346
1183 2419
1183 1846
1184 1825
1184 2420
1185 1367
1185 2138
1186 1959
1186 1411
1187 1482
1187 2377
1188 2397
1188 1797
1189 2333
1189 1443
1189 2315
1190 2086
1190 1781
1190 1920
1191 1680
1191 1611
1192 2097
1193 1563
1193 1604
1194 1946
1195 2445
1197 2542
1198 2020
1199 1839
1199 1942
1199 1666
1200 1382
1200 2000
1200 1230
1201 2519
1201 1497
1202 1406
1203 1524
1203 1834
1203 2172
1205 2014
1205 1699
1206 1614
1206 1309
1207 2599
1207 1469
1208 2487
1208 1292
1208 1789
1209 1468
1210 1464
1210 2223
1211 1982
1211 1434
1211 2525
1212 2547
1213 2111
1213 1676
1213 2014
1214 2233
1214 1928
1215 1598
1215 2417
1216 1285
1217 2233
1217 2270
1218 1307
1218 1410
1219 2156
1219 1687
1220 1273
1220 2057
1220 2370
1222 1704
1223 2146
1223 1465
1224 2045
1226 1230
1226 2104
1227 1809
1228 2053
1228 1283
1229 1322
1229 2187
1229 1480
1231 1554
1231 1328
1231 1641
1232 1311
1233 2467
1234 1713
1234 1518
1235 2361
1235 2213
1236 1952
1237 1420
1238 1430
1238 1876
1239 2317
1239 2102
1240 2306
1240 1283
1240 1488
1241 2219
1241 2433
1241 1664
1242 2429
1242 2298
1243 1539
1243 1327
1245 2562
1246 1510
1246 2217
1247 2325
1247 1489
1248 1549
1250 2321
1250 1561
1250 1642
1251 2493
1251 1960
1252 2476
1253 1779
1254 2150
1254 2158
1254 1784
1255 1376
1255 1820
1255 1294
1256 2567
1257 1562
1257 1838
1258 2152
1259 2479
1259 1984
1259 1720
1260 1744
1260 2406
1261 2069
1261 2238
1261 2053
1262 1501
1263 2424
1263 2029
1263 2388
1264 2321
1265 2545
1265 1992
1266 1373
1268 1577
1268 2528
1269 1568
1269 1555
1270 1342
1270 1898
1271 2354
1272 1697
1272 1358
1273 2177
1273 2475
1274 1648
1274 1823
1275 1846
1275 2111
1275 2447
1276 2423
1276 2115
1277 2276
1277 1279
1278 1642
1278 1579
1278 2418
1279 1721
1279 1909
1280 2362
1281 1335
1281 1845
1282 1770
1282 2100
1283 1640
1284 2423
1284 2442
1285 1824
1285 1384
1288 1991
1289 1710
1289 1593
1290 2414
1291 1545
1291 2264
1292 2147
1293 2046
1293 2391
1293 2388
1294 1730
1294 2214
1295 1705
1297 2390
1297 2127
1297 2373
1298 2404
1298 2445
1299 1754
1299 1459
1299 2004
1300 1886
1300 2595
1301 1457
1301 1923
1302 1891
1302 1615
1303 2437
1304 2475
1304 2490
1304 1645
1305 2500
1305 1608
1305 1368
1306 2176
1306 2016
1307 2517
1308 1679
1309 1940
1309 1754
1310 1947
1312 2290
1312 1710
1313 2389
1313 2490
1313 1641
1314 1383
1315 1958
1315 2553
1316 2420
1317 1444
1318 1469
1320 1833
1320 2135
1320 1410
1321 1821
1321 1865
1322 2558
1322 1608
1323 1981
1323 2054
1324 1340
1324 2159
1325 1966
1325 2036
1326 1896
1326 1800
1327 2591
1327 1513
1328 2244
1329 1365
1329 2561
1329 2021
1330 2463
1331 1612
1333 2250
1333 2312
1334 1721
1335 1429
1336 2329
1336 2260
1338 1800
1339 2225
1339 2325
1341 1825
1341 1652
1341 1912
1343 1593
1343 1396
1344 1606
1345 2024
1346 2511
1346 2263
1348 2356
1348 2313
1348 1621
1349 2384
1349 2000
1351 2582
1351 1779
1351 1481
1352 1558
1352 1880
1352 1375
1353 1545
1353 1576
1354 2583
1355 1402
1355 1598
1356 2484
1357 1565
1357 2008
1358 1446
1359 2434
1359 1866
1360 1952
1361 2285
1363 1446
1365 2323
1365 2145
1367 2332
1368 2152
1368 1591
1369 1649
1369 1430
1370 1448
1370 2331
1371 2437
1371 2481
1374 2267
1374 1917
1375 1495
1376 2567
1377 2585
1377 2572
1378 1733
1379 1768
1379 2540
1380 2419
1380 1914
1380 1505
1381 2038
1381 1428
1384 1552
1385 2516
1385 1916
1386 2263
1386 2412
1388 2279
1388 1533
1390 1420
1390 1522
1393 2230
1394 1665
1394 2142
1394 1712
1395 1553
1395 1618
1397 2352
1397 1879
1398 2468
1398 2113
1398 1550
1399 1577
1400 2052
1400 1479
1401 2451
1401 2389
1402 2022
1403 2187
1403 2201
1403 2292
1404 2287
1404 2133
1405 2279
1407 1927
1407 2462
1408 2239
1408 1484
1408 2181
1409 2258
1409 2288
1410 2261
1411 1752
1412 1617
1412 2217
1412 2433
1413 2566
1414 1872
1414 1579
1416 2514
1416 2235
1417 1961
1417 1472
1418 1933
1420 1717
1421 1684
1421 1863
1421 2086
1422 2220
1422 2170
1422 1950
1423 2334
1423 1786
1423 2110
1424 1761
1424 1941
1424 2153
1425 2511
1425 2072
1426 2109
1427 2333
1427 2270
1428 2249
1429 1734
1431 2570
1431 2312
1432 1495
1433 1969
1435 1624
1436 1953
1437 2405
1438 1901
1439 2455
1439 2566
1440 2108
1441 2384
1441 1768
1441 1875
1442 2036
1443 2047
1444 1775
1444 1475
1445 2448
1447 1856
1448 1885
1449 2070
1450 2138
1450 1709
1451 1749
1452 2441
1452 2331
1453 1472
1454 1564
1455 1769
1455 1838
1457 1488
1458 1853
1458 2278
1458 1836
1459 1989
1460 2287
1460 2496
1461 1858
1461 2057
1462 2466
1462 1517
1462 2196
1463 2348
1463 1857
1465 2507
1465 1560
1466 2451
1466 2331
1467 1886
1468 2322
1469 1999
1470 1634
1471 2545
1471 2062
1473 1590
1473 1855
1474 1729
1475 2173
1475 1557
1476 1760
1476 1557
1476 2263
1477 1935
1477 1914
1478 2325
1478 1899
1478 2009
1480 2262
1481 2126
1481 1570
1482 2393
1482 2407
1483 2048
1485 2066
1486 2531
1486 1725
1487 1804
1487 2290
1489 1735
1490 2286
1490 2528
1490 1738
1491 1506
1491 2401
1491 2396
1492 2222
1492 1849
1492 2598
1495 1546
1496 1894
1496 1871
1497 2452
1498 2550
1498 2488
1500 2040
1500 2425
1501 2341
1503 2424
1504 1884
1505 2406
1505 1574
1506 1518
1506 2322
1507 1773
1508 2054
1509 1926
1510 2575
1513 2188
1514 2163
1514 2587
1515 2427
1516 2061
1517 1968
1519 2067
1519 2157
1520 1798
1520 2529
1521 1655
1523 1688
1524 2446
1525 2230
1526 2345
1528 2315
1528 1665
1529 1782
1530 2329
1530 2286
1531 1575
1531 2052
1531 2548
1533 2594
1534 2173
1535 2571
1536 2521
1537 2538
1538 2538
1538 1878
1539 2463
1540 2552
1540 2486
1540 2275
1541 2183
1541 2450
1542 1868
1544 1845
1546 2578
1547 1919
1548 2225
1549 2347
1551 1854
1551 2300
1551 2027
1553 1684
1554 1662
1555 1858
1558 1634
1559 1888
1560 2584
1561 1906
1562 1592
1563 2179
1565 1773
1566 2033
1566 1605
1567 1831
1568 2525
1568 2004
1573 2260
1573 2452
1574 1820
1574 1715
1580 2482
1581 1977
1582 2006
1582 1713
1584 1852
1585 2572
1585 2188
1586 2173
1587 2425
1587 1844
1588 2195
1588 1742
1589 2068
1589 2219
1591 2469
1592 2581
1594 2064
1595 2020
1596 1715
1597 2119
1597 2330
1598 1968
1599 1875
1599 2486
1599 1681
1600 2532
1600 2577
1600 2311
1601 1926
1602 1610
1604 2063
1606 2446
1607 1841
1609 1758
1609 2294
1610 2169
1611 2427
1612 2010
1612 2124
1614 2362
1614 2453
1615 2376
1615 2398
1616 2297
1616 1747
1616 1796
1617 2580
1617 1633
1618 1899
1619 2169
1620 1949
1620 2206
1621 1657
1622 1817
1622 2373
1623 2361
1624 1775
1625 2125
1626 2438
1626 1711
1627 2485
1628 1767
1628 1878
1629 1837
1630 2096
1630 1857
1631 2595
1631 2034
1633 2436
1633 1842
1635 2560
1635 1683
1635 2480
1636 1823
1637 2076
1638 2147
1639 2167
1644 1794
1646 2408
1647 2271
1647 2195
1648 2269
1649 1812
1649 2248
1650 2563
1650 2575
1650 1720
1651 1920
1651 1828
1652 1771
1654 1921
1655 2211
1656 1671
1659 2415
1660 2378
1662 2570
1662 2390
1663 2472
1663 1931
1666 2028
1666 1743
1667 2246
1669 1990
1669 2588
1671 2152
1671 2268
1673 2320
1673 2277
1673 2183
1675 1799
1677 2239
1678 1740
1678 1730
1680 1681
1682 2241
1682 2226
1684 2204
1685 2432
1687 2386
1687 2379
1688 2518
1689 2085
1690 1797
1691 2501
1691 2392
1692 2376
1693 2445
1693 2304
1694 2527
1694 1868
1696 1833
1696 2114
1699 2558
1700 1811
1701 2160
1702 2340
1703 2013
1703 2096
1704 2400
1705 2390
1705 2074
1706 2545
1707 2457
1708 2155
1709 2504
1712 2066
1713 2265
1716 1854
1716 2064
1717 1882
1718 2149
1718 1944
1719 2468
1720 1907
1721 2090
1723 2526
1723 2305
1723 2504
1724 1814
1726 2319
1727 2014
1727 2074
1727 1756
1728 2527
1729 1851
1731 2393
1731 2559
1732 1733
1732 1999
1733 1911
1734 1764
1736 2366
1736 1737
1738 2422
1739 2406
1740 2050
1743 1758
1744 2125
1744 1850
1745 1819
1746 1993
1746 1847
1747 2178
1748 1921
1748 2192
1749 2529
1750 2512
1751 2437
1751 1826
1752 1804
1753 2166
1754 2431
1755 1797
1755 2549
1756 1788
1758 2471
1759 2266
1759 2421
1759 2267
1760 2443
1763 2030
1764 1776
1766 2132
1768 1832
1771 1805
1774 2019
1777 1881
1777 1959
1778 1853
1781 2130
1781 2377
1782 2265
1784 2277
1784 2255
1787 2536
1789 1898
1790 1966
1791 1956
1792 2144
1793 2493
1795 2394
1796 2196
1796 2264
1799 2069
1801 2520
1806 2427
1807 2006
1807 2537
1807 2428
1808 2447
1809 2535
1810 2283
1810 2045
1811 2253
1813 2354
1814 2537
1815 2238
1816 2279
1817 2130
1818 1963
1819 2395
1819 1918
1822 2458
1823 2422
1824 2478
1824 1876
1825 2080
1826 2178
1827 2316
1827 2285
1828 2041
1829 2371
1830 2350
1831 2378
1832 2552
1832 2533
1834 2467
1836 2266
1836 2426
1839 2573
1840 1884
1840 2209
1840 2400
1843 2295
1844 2165
1844 2396
1846 2120
1848 2425
1848 2154
1848 1893
1849 2231
1849 2220
1850 2226
1851 2370
1852 2550
1852 2365
1853 2470
1855 1880
1858 2589
1860 2522
1861 2280
1862 1985
1862 2003
1864 2491
1867 2033
1869 2137
1870 2359
1871 2594
1871 1923
1874 1996
1875 2307
1876 1941
1877 2093
1879 2198
1883 2540
1883 2188
1885 2051
1886 1989
1887 2348
1887 2216
1889 2252
1890 2434
1891 2370
1893 2356
1893 2052
1895 2023
1895 2122
1897 2193
1898 2435
1902 2464
1903 2208
1904 1965
1905 1972
1908 2134
1910 2580
1911 2385
1913 1922
1914 2382
1915 1950
1915 2011
1918 2207
1919 2492
1922 1975
1922 1929
1923 2269
1928 2238
1929 2026
1930 2539
1931 2024
1932 2290
1932 2283
1933 2116
1934 2139
1937 2023
1938 2281
1938 2351
1939 2303
1940 2568
1940 2076
1943 1976
1945 2241
1945 2552
1945 2456
1946 2440
1946 2564
1948 2228
1950 2350
1951 2210
1951 1993
1954 2204
1954 1976
1957 2399
1958 2049
1964 2426
1964 2533
1965 2028
1967 2080
1968 2016
1969 2367
1970 2171
1970 2504
1971 2571
1972 2470
1972 2570
1973 2093
1973 2524
1975 2574
1977 1997
1979 2085
1980 2483
1980 2211
1982 2443
1983 1984
1986 2515
1988 2456
1988 2221
1990 2530
1991 2336
1992 2039
1994 2199
1995 2078
1996 2355
1998 2185
1998 2043
2001 2262
2002 2329
2002 2044
2003 2498
2004 2174
2005 2499
2005 2092
2007 2061
2008 2095
2009 2047
2010 2096
2010 2461
2011 2135
2012 2252
2015 2397
2015 2439
2019 2308
2019 2375
2020 2082
2021 2327
2021 2231
2023 2499
2024 2181
2026 2258
2029 2458
2030 2192
2031 2441
2031 2245
2034 2048
2036 2192
2041 2203
2042 2524
2043 2516
2043 2222
2044 2402
2049 2378
2049 2358
2051 2553
2056 2059
2059 2182
2061 2420
2063 2240
2065 2584
2068 2165
2070 2484
2071 2491
2072 2218
2073 2207
2075 2372
2075 2100
2076 2509
2077 2236
2077 2084
2077 2449
2078 2557
2078 2581
2079 2485
2080 2090
2081 2134
2082 2130
2085 2332
2087 2233
2089 2404
2091 2480
2092 2247
2092 2102
2095 2200
2098 2255
2098 2291
2098 2512
2099 2313
2099 2357
2104 2301
2108 2382
2111 2253
2112 2308
2113 2405
2116 2557
2117 2244
2120 2202
2120 2579
2121 2310
2122 2430
2123 2502
2126 2306
2127 2559
2127 2149
2131 2232
2131 2162
2132 2462
2136 2209
2137 2346
2137 2572
2138 2515
2139 2303
2139 2458
2140 2502
2142 2355
2143 2369
2144 2555
2146 2240
2147 2503
2148 2278
2157 2497
2158 2549
2159 2439
2161 2243
2162 2274
2163 2319
2165 2265
2171 2178
2175 2257
2177 2498
2180 2362
2180 2507
2183 2206
2184 2360
2186 2519
2189 2305
2191 2401
2194 2497
2195 2461
2197 2375
2198 2489
2199 2257
2203 2386
2205 2328
2208 2274
2209 2582
2210 2440
2212 2494
2213 2359
2214 2259
2215 2371
2216 2444
2218 2476
2218 2271
2226 2278
2228 2374
2234 2338
2236 2402
2237 2541
2242 2344
2245 2478
2246 2453
2250 2363
2252 2446
2253 2287
2254 2536
2256 2346
2259 2496
2259 2342
2261 2595
2264 2320
2272 2380
2276 2317
2282 2537
2284 2514
2288 2386
2289 2344
2292 2336
2293 2301
2294 2358
2296 2374
2304 2323
2307 2503
2307 2474
2311 2531
2316 2413
2316 2560
2322 2351
2324 2554
2330 2429
2332 2571
2337 2530
2340 2538
2342 2368
2343 2530
2343 2389
2357 2583
2358 2441
2360 2573
2364 2479
2365 2544
2392 2487
2395 2509
2395 2551
2409 2518
2411 2505
2414 2448
2418 2487
2426 2495
2429 2485
2439 2563
2449 2574
2455 2542
2456 2513
2468 2494
2483 2579
2506 2598
2506 2588
2526 2592
2529 2567
2534 2586
2548 2599
2554 2555
2556 2561
2569 2583
