0 622
0 2876
0 2781
1 2590
1 2776
1 1796
2 2536
2 432
2 2342
3 1814
3 250
3 333
4 1067
4 1763
4 931
5 1827
5 1476
5 2109
6 987
6 2735
6 950
7 1885
7 552
7 2210
8 394
8 189
8 875
9 1404
9 2163
9 1432
10 1997
10 1360
10 1957
11 732
11 2474
11 1445
12 2695
12 315
12 1286
13 2416
13 2754
13 550
14 2527
14 602
14 1576
15 2747
15 539
15 2624
16 715
16 2373
16 1922
17 1471
17 2187
17 1425
18 250
18 1764
18 418
19 516
19 2372
19 1252
20 1994
20 552
20 740
21 971
21 1237
21 955
22 1157
22 302
22 501
23 2853
23 2574
23 1285
24 550
24 1272
24 141
25 1933
25 1890
25 1296
26 782
26 151
26 1528
27 2574
27 116
27 2368
28 1294
28 1349
28 2171
29 2141
29 1592
29 171
30 1593
30 2177
30 2552
31 1427
31 1184
31 1793
32 2164
32 1968
32 2335
33 2265
33 726
33 2472
34 423
34 2052
34 1790
35 95
35 2163
35 1040
36 1219
36 1154
36 1449
37 1229
37 2709
37 667
38 581
38 1474
38 2860
39 586
39 1554
39 772
40 1262
40 911
40 1251
41 758
41 1332
41 2652
42 1890
42 2783
42 2685
43 1935
43 845
43 292
44 619
44 996
44 141
45 1765
45 2461
45 2452
46 178
46 874
46 2034
47 2320
47 1323
47 2349
48 1887
48 2265
48 528
49 1627
49 992
49 332
50 1216
50 182
50 409
51 521
51 427
51 1609
52 2099
52 2649
52 2242
53 1923
53 2589
53 583
54 2824
54 2308
54 380
55 1984
55 1027
55 585
56 207
56 2294
56 1922
57 362
57 1371
57 435
58 1914
58 1846
58 1999
59 2277
59 780
59 1862
60 1608
60 1807
60 2861
61 1256
61 2679
61 464
62 2737
62 231
62 2259
63 1990
63 2295
63 1946
64 1019
64 2225
64 2172
65 2190
65 408
65 1908
66 1505
66 1685
66 2691
67 1714
67 2311
67 1820
68 393
68 1420
68 2557
69 986
69 1243
69 353
70 2488
70 1849
70 2842
71 1013
71 2819
71 698
72 1782
72 458
72 314
73 947
73 1058
73 1302
74 2721
74 2402
74 1966
75 1703
75 603
75 385
76 2766
76 2874
76 2180
77 1459
77 346
77 2356
78 2319
78 1978
78 2433
79 2153
79 2808
79 781
80 718
80 934
80 1694
81 2482
81 1218
81 1847
82 2187
82 1986
82 1207
83 2460
83 2790
83 721
84 226
84 1539
84 2207
85 948
85 1589
85 1459
86 2145
86 1100
86 897
87 1801
87 194
87 295
88 1443
88 1260
88 2576
89 1150
89 646
89 2676
90 1630
90 2151
90 1623
91 2189
91 1244
91 210
92 1853
92 1661
92 813
93 847
93 453
93 1081
94 1030
94 1175
94 1541
95 2829
95 1058
96 2493
96 137
96 1638
97 1206
97 2340
97 1819
98 1400
98 1194
98 859
99 2389
99 1896
99 396
100 2288
100 2224
100 1533
101 1935
101 1369
101 1116
102 1850
102 2347
102 566
103 1888
103 2782
103 1172
104 861
104 523
104 1097
105 1112
105 2865
105 2413
106 695
106 509
106 1106
107 2547
107 1965
107 2749
108 2309
108 2500
108 2532
109 1798
109 1393
109 325
110 1180
110 263
110 138
111 502
111 1826
111 483
112 2690
112 2459
112 2789
113 2573
113 2602
113 1279
114 850
114 2632
114 1456
115 2829
115 903
115 1813
116 2684
116 1813
117 1109
117 1793
117 949
118 1264
118 2091
118 710
119 183
119 1715
119 438
120 1358
120 2636
120 459
121 2448
121 300
121 1790
122 572
122 674
122 996
123 454
123 973
123 2147
124 1221
124 2292
124 2055
125 1948
125 1750
125 563
126 2447
126 679
126 2788
127 410
127 1896
127 1711
128 2748
128 2104
128 1707
129 202
129 2843
129 849
130 2264
130 1332
130 665
131 140
131 580
131 2093
132 2059
132 1829
132 2305
133 1098
133 1541
133 1249
134 536
134 146
134 1737
135 186
135 2103
135 2450
136 1031
136 995
136 1987
137 897
137 2884
138 2154
138 2575
139 2122
139 282
139 2137
140 2467
140 1135
141 885
142 1418
142 2677
142 2017
143 1465
143 2878
143 2628
144 1597
144 1177
144 1081
145 1934
145 2660
145 1258
146 1913
146 1507
147 1887
147 1238
147 571
148 2814
148 1480
148 2580
149 1034
149 2325
149 2726
150 831
150 681
150 2528
151 2603
151 2573
152 2732
152 1734
152 2288
153 1530
153 2524
153 2364
154 1374
154 1712
154 2254
155 652
155 962
155 2409
156 573
156 179
156 671
157 1137
157 2636
157 2088
158 2461
158 747
158 1475
159 860
159 676
159 1028
160 1392
160 687
160 2277
161 893
161 1546
161 2447
162 1468
162 411
162 1594
163 2473
163 2157
163 2009
164 2224
164 1926
164 198
165 813
165 2041
165 1990
166 2498
166 1212
166 775
167 2552
167 1738
167 313
168 481
168 2561
168 2044
169 2790
169 1831
169 750
170 2873
170 739
170 821
171 1662
171 2578
172 1196
172 535
172 2742
173 2169
173 2528
173 2024
174 616
174 2702
174 2826
175 1062
175 1426
175 890
176 750
176 992
176 251
177 2230
177 2377
177 472
178 2365
178 1102
179 1287
179 2870
180 1889
180 1991
180 2501
181 994
181 1645
181 434
182 1771
182 929
183 2338
183 818
184 426
184 699
184 679
185 2864
185 1335
185 963
186 1297
186 2118
187 696
187 2043
187 1780
188 726
188 1776
188 1965
189 2331
189 1002
190 1247
190 1721
190 2208
191 2889
191 2011
191 305
192 1312
192 2521
192 1077
193 322
193 204
193 2839
194 2669
194 2220
195 1129
195 2820
195 307
196 1396
196 968
196 2769
197 2179
197 2400
197 2282
198 558
198 1708
199 626
199 2818
199 2346
200 779
200 1747
200 748
201 863
201 2474
201 1893
202 778
202 1545
203 617
203 919
203 877
204 1100
204 2401
205 2703
205 1028
205 2158
206 1797
206 1832
206 2078
207 1931
207 1103
208 2130
208 1066
208 1464
209 443
209 1899
209 2640
210 2157
210 2510
211 1984
211 387
211 1919
212 2292
212 1083
212 1027
213 1438
213 571
213 2505
214 216
214 437
214 2521
215 448
215 1010
215 2894
216 259
216 2281
217 1477
217 248
217 2234
218 579
218 1695
218 964
219 2508
219 1372
219 332
220 775
220 1604
220 1230
221 1821
221 577
221 2618
222 2016
222 1192
222 2059
223 770
223 858
223 1639
224 2261
224 1604
224 2501
225 268
225 2366
225 1552
226 1701
226 2088
227 263
227 1433
227 2237
228 2842
228 530
228 310
229 1782
229 697
229 1163
230 370
230 1025
230 2461
231 357
231 871
232 1154
232 278
232 762
233 2579
233 936
233 2120
234 2344
234 2115
234 889
235 2764
235 2732
235 1324
236 597
236 2001
236 669
237 508
237 2110
237 1064
238 1219
238 1225
238 2296
239 2036
239 1180
239 865
240 938
240 2151
240 2616
241 1195
241 413
241 844
242 2165
242 2287
242 1913
243 1868
243 2555
243 1346
244 984
244 1053
244 968
245 2116
245 674
245 702
246 2611
246 1533
246 520
247 1072
247 965
247 1020
248 2353
248 1681
249 646
249 2763
249 2484
250 485
251 1788
251 2216
252 704
252 560
252 1628
253 519
253 1704
253 1605
254 2718
254 2029
254 1381
255 2540
255 791
255 1759
256 2494
256 1526
256 537
257 2124
257 1296
257 2709
258 2696
258 725
258 2038
259 2337
259 2692
260 1136
260 997
260 965
261 788
261 918
261 1197
262 370
262 1860
262 2075
263 2328
264 2139
264 868
264 701
265 286
265 506
265 1966
266 2255
266 1815
266 981
267 507
267 1989
267 745
268 479
268 1810
269 2641
269 403
269 1873
270 1991
270 1519
270 2470
271 2406
271 1503
271 524
272 950
272 1030
272 1998
273 2080
273 1134
273 1227
274 547
274 2895
274 548
275 1578
275 1916
275 1973
276 2371
276 1710
276 1661
277 2298
277 2183
277 1357
278 1834
278 2815
279 1519
279 2601
279 673
280 1388
280 1697
280 2393
281 622
281 2807
281 2330
282 2806
282 1571
283 2322
283 2776
283 2823
284 1098
284 1834
284 499
285 1009
285 1427
285 1358
286 1851
286 2463
287 1055
287 2491
287 2834
288 2711
288 1664
288 2405
289 2837
289 490
289 1915
290 1936
290 1285
290 678
291 2381
291 557
291 2844
292 2714
292 875
293 740
293 2435
293 2127
294 1609
294 2748
294 1850
295 563
295 1852
296 1973
296 2898
296 2273
297 1956
297 2606
297 1825
298 2112
298 1490
298 1365
299 2621
299 2678
299 2164
300 2003
300 1268
301 2716
301 2089
301 1041
302 1837
302 867
303 2198
303 1526
303 2588
304 1826
304 1417
304 2280
305 2651
305 1846
306 1594
306 1728
306 802
307 1485
307 1181
308 466
308 1401
308 922
309 1279
309 1765
309 2077
310 2241
310 1684
311 598
311 580
311 2741
312 2860
312 2768
312 2305
313 778
313 1113
314 360
314 377
315 2873
315 727
316 2836
316 2096
316 2704
317 546
317 2898
317 2617
318 1980
318 1948
318 1991
319 1786
319 1823
319 1648
320 1277
320 2001
320 1415
321 2565
321 2766
321 1668
322 441
322 2439
323 1056
323 960
323 590
324 2640
324 2541
324 2699
325 2238
325 1217
326 1752
326 376
326 620
327 2018
327 830
327 1044
328 2383
328 2715
328 457
329 1827
329 364
329 640
330 1394
330 1340
330 2217
331 2125
331 574
331 1722
332 487
333 516
333 1840
334 2211
334 2088
334 1679
335 1878
335 527
335 2544
336 1037
336 2810
336 653
337 902
337 2743
337 1147
338 2107
338 2855
338 1225
339 876
339 1085
339 1483
340 1820
340 1980
340 2159
341 390
341 681
341 2050
342 1832
342 552
342 731
343 1529
343 2220
343 2611
344 2272
344 2857
344 1030
345 1907
345 565
345 2825
346 2385
346 1137
347 2420
347 2435
347 353
348 371
348 1794
348 2568
349 2430
349 358
349 2580
350 2877
350 2142
350 1768
351 2663
351 1654
351 764
352 2271
352 404
352 1397
353 1861
354 724
354 2850
354 2372
355 2559
355 1095
355 2243
356 504
356 1201
356 2619
357 772
357 493
358 1082
358 1546
359 399
359 1351
359 1033
360 400
360 1898
361 1902
361 1939
361 826
362 2011
362 2723
363 2527
363 2056
363 812
364 956
364 815
365 2199
365 1839
365 637
366 687
366 1917
366 653
367 1894
367 826
367 2230
368 1313
368 685
368 1988
369 824
369 2848
369 2010
370 1407
371 2627
371 1399
372 979
372 2791
372 1429
373 1584
373 553
373 2891
374 2407
374 666
374 493
375 655
375 1469
375 987
376 1979
376 2462
377 1924
377 1927
378 755
378 1980
378 1675
379 744
379 2161
379 696
380 2645
380 848
381 2375
381 1462
381 2198
382 1351
382 1691
382 1234
383 602
383 1587
383 1692
384 1120
384 650
384 2263
385 2865
385 1513
386 923
386 2643
386 1845
387 2030
387 1625
388 1921
388 1906
388 397
389 739
389 404
389 2664
390 1521
390 443
391 1933
391 1958
391 879
392 1697
392 2138
392 2166
393 598
393 2737
394 1669
394 1682
395 1900
395 438
395 401
396 2798
396 980
397 1047
397 2018
398 1960
398 806
398 819
399 1816
399 2093
400 2154
400 2098
401 2152
401 1082
402 1256
402 990
402 1811
403 1079
403 2306
404 1505
405 2182
405 2672
405 2253
406 1962
406 1068
406 742
407 1172
407 2563
407 736
408 470
408 1805
409 2673
409 1379
410 1709
410 1640
411 1945
411 2895
412 2751
412 2502
412 705
413 768
413 1003
414 2300
414 483
414 698
415 1288
415 1356
415 1103
416 2620
416 787
416 2630
417 1254
417 549
417 707
418 1695
418 1444
419 1783
419 2275
419 2554
420 725
420 1886
420 620
421 2824
421 851
421 807
422 1543
422 1725
422 590
423 1118
423 473
424 2725
424 1715
424 1497
425 2582
425 1903
425 449
426 1531
426 924
427 2483
427 1086
428 2065
428 1133
428 2731
429 657
429 2584
429 1454
430 1057
430 872
430 2727
431 1595
431 2777
431 2660
432 711
432 1950
433 966
433 1044
433 1786
434 2833
434 1468
435 2368
435 950
436 914
436 1324
436 1283
437 1039
437 445
438 2021
439 2130
439 1637
439 1008
440 2319
440 1329
440 2378
441 2632
441 1143
442 1502
442 2103
442 1111
443 1375
444 2272
444 2002
444 2642
445 749
445 531
446 2275
446 2333
446 2591
447 2871
447 481
447 2525
448 1448
448 938
449 494
449 1190
450 2722
450 1744
450 1632
451 1209
451 2684
451 940
452 2755
452 2843
452 1704
453 879
453 2000
454 2412
454 1178
455 2175
455 2510
455 1773
456 2577
456 1436
456 575
457 2616
457 2046
458 2888
458 1970
459 1611
459 752
460 1404
460 1525
460 1938
461 1219
461 469
461 1322
462 1800
462 505
462 1523
463 2004
463 2555
463 1321
464 881
464 1371
465 737
465 2504
465 985
466 792
466 1024
467 1400
467 2534
467 1458
468 738
468 1912
468 2055
469 2558
469 2080
470 1774
470 738
471 1048
471 2682
471 1384
472 975
472 2146
473 1377
473 2787
474 2479
474 1583
474 484
475 1768
475 2453
475 2868
476 1945
476 1944
476 1804
477 1874
477 1243
477 1607
478 2883
478 2191
478 1940
479 1649
479 987
480 1668
480 1096
480 2650
481 2335
482 2352
482 1521
482 1093
483 1653
484 1453
484 1591
485 1443
485 2601
486 2014
486 904
486 684
487 1855
487 1847
488 1191
488 817
488 1637
489 504
489 1424
489 2244
490 847
490 2391
491 2522
491 940
491 1198
492 1495
492 1445
492 836
493 2575
494 1702
494 1337
495 1945
495 1189
495 860
496 2398
496 1720
496 1821
497 2588
497 1833
497 864
498 1416
498 2116
498 1711
499 2290
499 1183
500 1288
500 1204
500 1590
501 942
501 1145
502 2361
502 2409
503 2800
503 2449
503 2427
504 670
505 631
505 2155
506 939
506 1147
507 2614
507 785
508 936
508 2360
509 2659
509 1707
510 533
510 2751
510 1365
511 2785
511 1320
511 1876
512 1721
512 810
512 1042
513 2513
513 1210
513 2671
514 2844
514 2495
514 1304
515 1842
515 1158
515 585
516 1567
517 1486
517 1730
517 1108
518 1488
518 1261
518 1483
519 1741
519 1591
520 2609
520 749
521 2791
521 1033
522 2026
522 829
522 2803
523 1059
523 2896
524 2087
524 2554
525 996
525 2345
525 570
526 2581
526 1089
526 1908
527 2744
527 2746
528 621
528 905
529 1050
529 846
529 1411
530 1100
530 1851
531 1195
531 2252
532 2063
532 1212
532 2670
533 1636
533 1124
534 1622
534 1736
534 754
535 1076
535 1638
536 894
536 1650
537 2073
537 808
538 1113
538 604
538 881
539 2581
539 2043
540 1338
540 1912
540 1620
541 1314
541 1462
541 2731
542 840
542 2357
542 1884
543 884
543 2077
543 1766
544 2311
544 2235
544 2572
545 1635
545 1265
545 2433
546 1692
546 1109
547 2159
547 1809
548 929
548 861
549 1825
549 1635
550 2595
551 893
551 2424
551 1290
553 2124
553 1141
554 2485
554 2640
554 2150
555 2712
555 1471
555 2441
556 611
556 606
556 2449
557 2431
557 945
558 2889
558 1069
559 1093
559 1540
559 1742
560 1525
560 1784
561 2463
561 2367
561 1775
562 2526
562 654
562 2883
563 596
564 2674
564 1060
564 2662
565 2600
565 2679
566 2631
566 2444
567 1760
567 640
567 2076
568 1380
568 1548
568 1784
569 2300
569 1487
569 2543
570 2837
570 873
571 1641
572 2236
572 2793
573 719
573 2443
574 1008
574 2168
575 846
575 790
576 1321
576 2324
576 1564
577 1202
577 1404
578 1334
578 2295
578 2628
579 605
579 663
580 2532
581 2078
581 1016
582 702
582 1997
582 1325
583 859
583 2112
584 2144
584 1243
584 2002
585 1818
586 1683
586 943
587 837
587 2549
587 2140
588 2084
588 2431
588 2289
589 2670
589 1845
589 2503
590 1871
591 2029
591 2658
591 2312
592 2568
592 873
592 928
593 2184
593 2229
593 2195
594 1366
594 750
594 1918
595 878
595 2310
595 2247
596 1055
596 2638
597 2785
597 2147
598 1566
599 1598
599 1720
599 765
600 1716
600 1422
600 2724
601 1383
601 1229
601 999
602 2337
603 2456
603 2425
604 2268
604 892
605 608
605 1637
606 2497
606 1357
607 2307
607 2674
607 1077
608 763
608 1833
609 1140
609 1278
609 1398
610 1269
610 2097
610 1723
611 1217
611 1570
612 1866
612 2039
612 1983
613 2304
613 1072
613 665
614 2313
614 1525
614 1482
615 2423
615 2276
615 2268
616 2802
616 753
617 1001
617 1148
618 2455
618 881
618 2779
619 1464
619 1489
620 2776
621 1036
621 1480
622 1748
623 1339
623 1550
623 2623
624 1986
624 2036
624 2479
625 2272
625 2567
625 1852
626 1746
626 982
627 1589
627 1677
627 707
628 2475
628 1220
628 2624
629 2343
629 2863
629 2229
630 1785
630 836
630 1178
631 2225
631 1712
632 2068
632 2877
632 2429
633 1592
633 1518
633 1856
634 1643
634 2801
634 1497
635 2148
635 2258
635 1884
636 2003
636 2313
636 2162
637 2205
637 2235
638 1556
638 776
638 1979
639 1717
639 2149
639 1259
640 1757
641 1161
641 1982
641 1081
642 1783
642 1002
642 1455
643 1665
643 915
643 2553
644 2816
644 1467
644 2536
645 909
645 2664
645 1941
646 2784
647 680
647 1941
647 1656
648 1763
648 2688
648 777
649 2740
649 2598
649 765
650 2318
650 2562
651 1875
651 1373
651 1572
652 749
652 2516
653 1267
654 2815
654 1142
655 1546
655 913
656 1007
656 2081
656 1940
657 1586
657 1462
658 2262
658 1999
658 1393
659 1381
659 1207
659 2786
660 1428
660 1025
660 1367
661 944
661 1408
661 2380
662 1700
662 1107
662 2518
663 1049
663 788
664 997
664 2257
664 2528
665 699
666 2703
666 2012
667 2637
667 2175
668 860
668 2504
668 2517
669 1291
669 2780
670 2606
670 933
671 2529
671 778
672 1402
672 1011
672 2666
673 1632
673 1501
674 1384
675 2091
675 2600
675 2725
676 2542
676 2280
677 2019
677 1268
677 2241
678 2021
678 883
679 2683
680 2851
680 1758
681 2592
682 1958
682 1301
682 1557
683 2897
683 1463
683 2481
684 2114
684 2201
685 2393
685 1169
686 2480
686 741
686 2155
687 1574
688 1665
688 1183
688 1151
689 1960
689 955
689 2380
690 983
690 2540
690 2523
691 1967
691 1636
691 730
692 1185
692 2245
692 2592
693 1232
693 1455
693 1644
694 1307
694 911
694 2676
695 2692
695 1434
696 1767
697 2489
697 2008
698 1150
699 1820
700 1769
700 1177
700 1049
701 1553
701 1503
702 2063
703 1719
703 1181
703 1538
704 1424
704 1317
705 1043
705 1035
706 2064
706 1672
706 2038
707 1917
708 1876
708 2473
708 1258
709 742
709 2199
709 1025
710 1713
710 2150
711 1128
711 2166
712 2518
712 2013
712 1844
713 1795
713 2437
713 2804
714 2101
714 746
714 2668
715 1994
715 1194
716 1757
716 1210
716 2789
717 1111
717 2705
717 2286
718 2300
718 2197
719 972
719 1725
720 2736
720 1392
720 2892
721 907
721 1361
722 2200
722 1849
722 2028
723 1086
723 1305
723 1596
724 1926
724 794
725 978
726 1995
727 1132
727 2734
728 1481
728 910
728 2326
729 1288
729 2006
729 1975
730 1419
730 2410
731 1789
731 2439
732 1595
732 2402
733 788
733 1519
733 1146
734 2434
734 1621
734 1061
735 1730
735 1931
735 1173
736 2438
736 2880
737 1329
737 1815
738 1928
739 1305
740 1476
741 1442
741 1113
742 2594
743 2168
743 1313
743 2427
744 1187
744 2625
745 1156
745 2699
746 2499
746 2072
747 2262
747 2458
748 948
748 858
751 1867
751 976
751 1651
752 2644
752 1251
753 2072
753 921
754 2089
754 1441
755 2099
755 1879
756 1663
756 1574
756 1907
757 823
757 2822
757 2097
758 2533
758 1608
759 973
759 1836
759 1816
760 2058
760 1631
760 1943
761 1869
761 1431
761 2599
762 2017
762 983
763 2588
763 2626
764 1018
764 2798
765 1245
766 2841
766 960
766 2373
767 2787
767 2312
767 954
768 1410
768 794
769 2849
769 1549
769 2809
770 2494
770 2294
771 1402
771 2671
771 1684
772 2872
773 1736
773 1869
773 1400
774 1867
774 1530
774 1960
775 1409
776 864
776 2706
777 1208
777 1249
779 793
779 1845
780 2728
780 2629
781 2863
781 2070
782 2191
782 1794
783 1337
783 1317
783 2583
784 1553
784 1054
784 954
785 1091
785 1756
786 1534
786 885
786 2542
787 2441
787 1209
789 815
789 2486
789 1683
790 1444
790 1564
791 1360
791 2320
792 2252
792 2807
793 1642
793 2887
794 1453
795 2051
795 1808
795 796
796 2881
796 2053
797 1327
797 1626
797 1244
798 2777
798 2227
798 2686
799 2033
799 1606
799 838
800 1364
800 2057
800 2753
801 2093
801 2471
801 1616
802 1162
802 2818
803 1003
803 2342
803 2520
804 2223
804 1414
804 2741
805 2869
805 2595
805 1639
806 1264
806 2666
807 2827
807 1886
808 2803
808 2242
809 1384
809 1586
809 1084
810 2301
810 2890
811 1745
811 1600
811 1453
812 915
812 2816
813 2446
814 1841
814 1898
814 1359
815 1856
816 2874
816 1016
816 1490
817 2500
817 1573
818 1961
818 2694
819 1105
819 1873
820 1622
820 2131
820 2572
821 2219
821 1944
822 1689
822 2889
822 2101
823 1213
823 2064
824 1544
824 1962
825 2428
825 1581
825 2293
826 2267
827 1487
827 947
827 2347
828 1053
828 2350
828 2629
829 2092
829 2612
830 2719
830 1330
831 1408
831 2688
832 2465
832 2062
832 1224
833 2358
833 2520
833 1550
834 1807
834 1124
834 2178
835 1289
835 2051
835 1537
836 1234
837 1088
837 2369
838 1017
838 1035
839 2683
839 2143
839 1711
840 1508
840 2472
841 1073
841 1151
841 2105
842 2343
842 1561
842 1785
843 2840
843 1543
843 874
844 2464
844 1672
845 2795
845 2305
846 2252
847 1943
848 1521
848 1319
849 2200
849 2376
850 2240
850 2530
851 1123
851 2724
852 1385
852 1433
852 1399
853 2876
853 1864
853 2436
854 1921
854 1754
854 2618
855 1580
855 2377
855 1764
856 2759
856 2584
856 2750
857 2638
857 1382
857 1331
858 935
859 1925
861 1674
862 1173
862 2698
862 1413
863 2152
863 894
864 2178
865 2215
865 2560
866 1840
866 2105
866 1628
867 2392
867 2331
868 1205
868 1370
869 2845
869 1860
869 2710
870 2716
870 1174
870 2111
871 1395
871 2092
872 1700
872 1641
873 2056
874 2341
875 2159
876 2591
876 1956
877 1686
877 1732
878 2129
878 1437
879 2397
880 2224
880 1359
880 907
882 2289
882 2304
882 1613
883 1063
883 1738
884 2359
884 2750
885 1834
886 2314
886 1269
886 2561
887 2185
887 1934
887 1272
888 2233
888 2222
888 2150
889 2771
889 1294
890 1054
890 2020
891 2165
891 1739
891 1598
892 1230
892 1246
893 1294
894 1699
895 1801
895 2388
895 2416
896 1052
896 1253
896 1162
897 2439
898 2821
898 1380
898 1835
899 2713
899 2109
899 1010
900 2526
900 1240
900 968
901 2192
901 2875
901 2423
902 2129
902 2621
903 2758
903 2033
904 2855
904 1993
905 2856
905 1133
906 1214
906 1700
906 2199
907 1998
908 2505
908 1247
908 2657
909 1578
909 1560
910 2257
910 1293
911 972
912 1571
912 1528
912 1644
913 2782
913 1391
914 2457
914 1701
915 1696
916 2125
916 2170
916 1815
917 1354
917 2067
917 2541
918 1911
918 1145
919 2636
919 2773
920 1401
920 2211
920 2213
921 2031
921 2558
922 2892
922 1013
923 1925
923 1985
924 981
924 1927
925 1418
925 2190
925 2844
926 2685
926 1892
926 1099
927 1422
927 2303
927 1634
928 2141
928 1891
929 2188
930 2425
930 2073
930 2110
931 1388
931 2861
932 1699
932 2228
932 1655
933 2106
933 2839
934 2260
934 1687
935 2578
935 1830
936 2672
937 2153
937 1746
937 1079
938 1341
939 1240
939 1619
940 2435
941 1072
941 1997
941 1147
942 2707
942 1386
943 1723
943 1513
944 1347
944 2231
945 2864
945 2086
946 2418
946 1274
946 1324
947 2842
948 2415
949 1182
949 2697
951 2604
951 2417
951 1170
952 1708
952 2146
952 2481
953 1947
953 2701
953 964
954 2836
955 2391
956 2678
956 2645
957 2604
957 1110
957 1499
958 1215
958 1726
958 2897
959 1828
959 2283
959 1226
960 1826
961 2863
961 2113
961 2870
962 2553
962 2072
963 2589
963 1239
964 1320
965 1716
966 1972
966 1170
967 2028
967 1643
967 1315
969 2189
969 2719
969 1586
970 2878
970 2879
970 1282
971 1298
971 1563
972 2396
973 2782
974 1148
974 2384
974 1866
975 1488
975 2548
976 1870
976 1876
977 2527
977 1249
977 2515
978 1970
978 1949
979 1167
979 1512
980 2857
980 2707
981 2831
982 1395
982 2446
983 2457
984 2592
984 2484
985 2682
985 2022
986 2748
986 1671
988 2363
988 1012
988 2887
989 1867
989 1579
989 1127
990 2756
990 1545
991 2594
991 2751
991 2122
992 2482
993 1227
993 2841
993 1863
994 2696
994 2176
995 2399
995 1463
997 2701
998 2534
998 1598
998 2597
999 2623
999 1860
1000 1542
1000 2612
1000 1206
1001 2714
1001 1522
1002 2236
1003 2227
1004 2051
1004 1218
1004 1689
1005 2132
1005 2897
1005 2401
1006 2176
1006 1465
1006 1372
1007 1064
1007 1818
1008 2466
1009 2484
1009 2487
1010 1421
1011 2720
1011 1094
1012 1624
1012 2750
1013 2550
1014 2171
1014 2264
1014 2279
1015 1342
1015 1258
1015 1811
1016 1038
1017 1091
1017 2085
1018 2604
1018 1640
1019 2537
1019 2172
1020 2587
1020 1518
1021 1257
1021 1702
1021 2410
1022 1532
1022 2650
1022 1045
1023 1437
1023 1471
1023 1541
1024 2668
1024 2212
1026 1359
1026 2170
1026 1557
1027 1752
1028 2733
1029 1741
1029 2006
1029 2065
1031 2302
1031 2659
1032 1951
1032 2201
1032 2611
1033 2353
1034 1256
1034 2577
1035 1103
1036 2459
1036 2795
1037 2206
1037 1176
1038 1765
1038 1431
1039 2430
1039 2314
1040 2868
1040 2169
1041 1152
1041 1749
1042 2828
1042 2734
1043 1124
1043 1414
1044 1789
1045 1059
1045 2804
1046 1675
1046 1623
1046 1680
1047 2826
1047 1848
1048 2392
1048 1348
1049 2507
1050 2586
1050 2310
1051 2660
1051 1261
1051 1354
1052 1863
1052 2780
1053 1295
1054 1062
1055 2296
1056 2653
1056 1623
1057 2411
1057 1577
1058 2450
1059 1282
1060 2740
1060 2365
1061 1468
1061 2131
1062 1353
1063 2537
1063 2815
1064 2702
1065 2363
1065 2222
1065 2070
1066 1981
1066 1457
1067 1090
1067 2794
1068 2052
1068 2432
1069 2182
1069 2158
1070 1967
1070 2297
1070 1166
1071 2475
1071 2045
1071 2408
1073 1368
1073 1799
1074 2593
1074 1323
1074 1558
1075 1406
1075 2104
1075 1411
1076 2774
1076 1112
1077 2134
1078 2718
1078 2892
1078 2563
1079 1522
1080 1184
1080 1968
1080 1614
1082 2749
1083 1854
1083 1161
1084 1271
1084 2445
1085 1515
1085 2745
1086 2366
1087 2173
1087 2303
1087 2162
1088 1512
1088 1317
1089 1835
1089 1242
1090 2805
1090 2095
1091 1567
1092 1255
1092 1199
1092 2469
1093 2434
1094 1936
1094 1188
1095 2304
1095 1963
1096 2570
1096 1535
1097 2361
1097 2506
1098 2613
1099 1605
1099 1823
1101 1701
1101 2495
1101 2076
1102 1194
1102 2255
1104 1754
1104 2087
1104 2183
1105 1518
1105 1176
1106 1255
1106 2095
1107 1228
1107 1472
1108 2681
1108 1658
1109 2774
1110 2835
1110 1164
1111 2869
1112 2299
1114 1992
1114 1475
1114 1280
1115 1857
1115 1682
1115 1119
1116 2219
1116 2264
1117 1413
1117 2351
1117 1162
1118 2096
1118 2339
1119 2022
1119 2753
1120 1757
1120 1307
1121 1678
1121 1606
1121 1363
1122 1680
1122 1544
1122 2362
1123 2666
1123 2569
1125 2265
1125 2546
1125 2328
1126 1803
1126 1478
1126 2406
1127 2004
1127 2374
1128 2162
1128 1841
1129 1193
1129 2210
1130 1688
1130 1864
1130 1428
1131 2421
1131 2361
1131 1644
1132 2349
1132 1674
1133 2767
1134 1284
1134 1804
1135 1977
1135 1464
1136 2094
1136 2260
1137 1272
1138 2221
1138 2840
1138 1189
1139 2099
1139 2136
1139 1959
1140 2736
1140 2223
1141 2370
1141 1191
1142 2432
1142 1951
1143 2875
1143 2834
1144 1169
1144 2440
1144 2462
1145 2208
1146 2804
1146 2068
1148 1913
1149 2647
1149 2692
1149 1704
1150 2809
1151 2490
1152 2770
1152 2443
1153 2418
1153 1516
1153 2322
1154 2077
1155 1728
1155 1502
1155 2395
1156 2770
1156 1663
1157 2112
1157 1187
1158 2711
1158 1554
1159 1263
1159 2830
1159 2591
1160 2193
1160 1656
1160 2176
1161 1470
1163 1717
1163 2707
1164 1859
1164 2460
1165 2767
1165 2779
1165 1939
1166 1347
1166 1493
1167 2744
1167 1731
1168 2802
1168 2398
1168 2499
1169 2253
1170 2228
1171 1457
1171 2572
1171 2814
1172 1954
1173 2838
1174 1192
1174 2684
1175 1570
1175 1863
1176 1966
1177 2565
1178 2359
1179 2050
1179 1655
1179 1568
1180 2245
1181 2559
1182 1806
1182 1416
1183 1961
1184 2838
1185 2603
1185 2653
1186 2185
1186 1507
1186 2106
1187 2639
1188 1659
1188 2546
1189 2394
1190 2297
1190 1642
1191 1472
1192 2302
1193 1279
1193 1612
1195 2485
1196 1479
1196 2460
1197 2280
1197 2263
1198 2866
1198 1977
1199 2241
1199 1671
1200 1405
1200 1617
1200 1607
1201 2140
1201 1283
1202 2560
1202 2103
1203 1270
1203 2307
1203 1948
1204 1692
1204 2309
1205 1472
1205 1631
1206 2457
1207 2237
1208 2796
1208 2823
1209 1419
1210 2864
1211 2144
1211 2376
1211 1937
1212 1223
1213 1916
1213 2855
1214 2270
1214 1318
1215 1421
1215 1770
1216 2330
1216 1782
1217 1415
1218 2487
1220 1318
1220 2056
1221 2382
1221 2717
1222 1981
1222 2493
1222 2868
1223 2792
1223 1461
1224 2061
1224 2482
1225 2676
1226 2202
1226 2635
1227 1777
1228 2530
1228 2694
1229 2126
1230 2302
1231 2831
1231 1322
1231 2334
1232 1304
1232 1798
1233 1602
1233 1793
1233 2400
1234 2874
1235 1817
1235 2351
1235 1959
1236 1248
1236 2055
1236 1630
1237 1853
1237 2131
1238 2266
1238 1470
1239 1590
1239 1557
1240 2039
1241 1299
1241 1744
1241 2406
1242 2511
1242 1695
1244 1908
1245 2424
1245 2687
1246 2867
1246 2186
1247 2229
1248 2209
1248 2208
1250 1591
1250 2232
1250 2630
1251 1796
1252 1283
1252 2243
1253 2308
1253 2556
1254 1436
1254 1646
1255 2334
1257 2717
1257 1387
1259 1899
1259 2736
1260 2512
1260 2022
1261 1833
1262 2566
1262 2586
1263 1476
1263 2548
1264 1410
1265 1719
1265 1714
1266 2503
1266 2143
1266 1848
1267 1599
1267 2387
1268 2737
1269 2658
1270 1439
1270 1587
1271 2808
1271 2405
1273 1733
1273 2862
1273 2822
1274 2806
1274 2456
1275 1949
1275 2370
1275 1920
1276 1717
1276 2121
1276 2440
1277 2785
1277 2793
1278 1798
1278 2386
1280 1430
1280 1379
1281 1996
1281 1326
1281 2059
1282 1491
1284 2546
1284 2132
1285 1971
1286 2704
1286 2375
1287 2262
1287 2846
1289 2015
1289 1599
1290 1740
1290 2085
1291 1484
1291 2467
1292 2861
1292 1897
1292 2880
1293 2321
1293 2581
1295 2630
1295 1716
1296 1599
1297 2541
1297 2576
1298 1543
1298 1750
1299 2637
1299 2727
1300 2847
1300 2336
1300 1985
1301 2456
1301 1496
1302 1992
1302 1818
1303 1435
1303 1709
1303 2438
1304 2298
1305 1703
1306 1914
1306 1759
1306 2514
1307 1520
1308 2289
1308 2619
1308 2284
1309 2279
1309 2069
1309 1791
1310 2090
1310 1662
1310 1357
1311 2644
1311 1841
1311 1943
1312 2354
1312 2042
1313 1859
1314 2118
1314 2872
1315 2898
1315 2756
1316 2587
1316 2191
1316 1785
1318 2840
1319 1669
1319 1353
1320 2286
1321 2775
1322 2193
1323 2594
1325 2879
1325 1551
1326 2402
1326 2326
1327 1870
1327 2615
1328 2655
1328 2458
1328 1761
1329 2258
1330 2360
1330 1458
1331 2372
1331 1438
1332 2388
1333 1942
1333 1667
1333 1571
1334 1532
1334 1440
1335 1792
1335 2745
1336 1729
1336 2712
1336 2018
1337 1724
1338 1746
1338 1568
1339 1358
1339 2414
1340 1429
1340 1764
1341 2628
1341 2596
1342 1473
1342 2633
1343 2301
1343 2136
1343 1636
1344 1705
1344 2174
1344 1615
1345 1566
1345 2857
1345 1613
1346 2754
1346 2217
1347 2733
1348 2602
1348 1517
1349 1780
1349 2201
1350 2670
1350 2486
1350 1540
1351 1953
1352 2091
1352 1574
1352 1523
1353 2845
1354 2856
1355 2495
1355 2610
1355 1950
1356 1504
1356 2412
1360 1896
1361 1762
1361 1824
1362 1597
1362 2812
1362 2392
1363 2259
1363 1928
1364 2138
1364 2421
1365 2000
1366 2801
1366 2260
1367 2547
1367 1369
1368 2673
1368 2432
1369 2046
1370 2759
1370 2651
1371 1527
1372 1641
1373 1465
1373 1405
1374 2697
1374 2678
1375 2327
1375 2190
1376 1389
1376 2448
1376 1380
1377 2555
1377 1650
1378 1872
1378 2453
1378 2498
1379 2575
1381 1593
1382 2775
1382 1469
1383 2424
1383 2882
1385 2442
1385 2381
1386 2629
1386 2761
1387 1969
1387 2772
1388 1498
1389 2761
1389 2852
1390 1558
1390 2765
1390 2792
1391 2729
1391 1776
1392 1974
1393 2599
1394 1955
1394 2388
1395 1448
1396 1740
1396 1501
1397 2312
1397 2566
1398 1983
1398 2122
1399 2809
1401 2774
1402 1622
1403 2317
1403 1452
1403 2410
1405 2489
1406 1529
1406 1865
1407 2296
1407 2021
1408 2108
1409 1673
1409 2783
1410 1659
1411 2065
1412 2880
1412 2220
1412 1582
1413 1958
1414 1600
1415 2872
1416 2476
1417 2221
1417 2542
1418 1559
1419 1484
1420 2350
1420 2137
1421 2395
1422 1429
1423 2299
1423 2180
1423 1488
1424 2778
1425 2647
1425 2043
1426 2245
1426 2094
1427 2870
1428 2389
1430 2732
1430 2505
1431 1810
1432 1610
1432 1766
1433 2039
1434 1984
1434 1936
1435 2730
1435 2311
1436 1460
1437 1836
1438 2694
1439 2695
1439 2230
1440 2179
1440 2268
1441 1970
1441 2858
1442 2667
1442 2580
1443 2614
1444 1895
1445 2449
1446 2089
1446 1773
1446 2814
1447 1942
1447 2693
1447 2408
1448 2744
1449 2652
1449 1539
1450 2569
1450 2705
1450 2026
1451 2506
1451 1824
1451 1872
1452 1536
1452 1927
1454 2543
1454 2533
1455 1495
1456 1709
1456 1479
1457 1964
1458 2632
1459 2066
1460 1572
1460 2778
1461 1666
1461 2355
1463 1499
1466 1816
1466 1891
1466 2657
1467 2634
1467 2749
1469 1800
1470 2246
1473 2214
1473 1624
1474 2364
1474 2654
1475 2763
1477 2622
1477 2545
1478 2516
1478 1649
1479 2637
1480 2306
1481 2274
1481 1727
1482 2772
1482 2585
1483 2323
1484 2418
1485 2691
1485 2722
1486 2013
1486 2477
1487 2491
1489 2700
1489 2846
1490 1555
1491 2641
1491 2775
1492 2853
1492 1576
1492 2859
1493 1524
1493 2451
1494 2649
1494 2465
1494 2686
1495 2200
1496 1787
1496 2519
1497 2415
1498 2811
1498 2605
1499 2721
1500 2233
1500 1660
1500 2689
1501 2083
1502 2314
1503 1902
1504 2048
1504 2533
1505 1957
1506 2111
1506 1838
1506 2203
1507 2535
1508 2249
1508 2677
1509 2705
1509 2382
1509 1511
1510 2352
1510 2216
1510 1567
1511 2396
1511 2765
1512 1688
1513 2450
1514 1575
1514 2712
1514 1930
1515 2726
1515 1842
1516 1651
1516 2403
1517 2239
1517 2399
1520 2455
1520 1565
1522 2318
1523 2309
1524 2420
1524 2883
1526 2856
1527 2016
1527 2248
1528 1657
1529 1796
1530 2214
1531 2644
1531 2846
1532 2496
1533 2545
1534 2080
1534 2117
1535 2040
1535 2801
1536 2835
1536 1719
1537 2274
1537 2662
1538 1677
1538 1604
1539 1809
1540 2425
1542 2689
1542 2421
1544 1731
1545 2020
1547 2117
1547 1893
1547 2720
1548 2381
1548 2667
1549 2793
1549 2189
1550 2261
1551 2273
1551 1699
1552 2307
1552 1751
1553 2374
1554 1687
1555 2002
1555 2480
1556 1871
1556 1611
1558 2824
1559 1664
1559 2285
1560 1929
1560 2179
1561 2194
1561 2196
1562 2134
1562 2532
1562 2426
1563 2734
1563 2008
1564 1705
1565 2428
1565 2028
1566 2455
1568 1633
1569 2526
1569 1629
1569 1985
1570 1968
1572 1987
1573 1737
1573 1625
1575 1639
1575 2772
1576 2038
1577 1735
1577 2693
1578 1911
1579 2735
1579 2007
1580 2081
1580 2503
1581 1974
1581 2471
1582 1979
1582 1706
1583 2297
1583 1618
1584 1657
1584 2723
1585 2218
1585 2066
1585 2739
1587 1621
1588 2415
1588 2813
1588 2006
1589 2348
1590 1745
1592 1950
1593 2757
1594 1601
1595 2256
1596 2849
1596 1751
1597 2170
1600 2699
1601 2757
1601 2340
1602 2174
1602 2621
1603 2369
1603 1917
1603 2306
1605 1977
1606 2613
1607 2157
1608 2411
1609 2622
1610 2315
1610 1779
1611 2071
1612 2030
1612 2729
1613 2133
1614 2390
1614 2643
1615 2539
1615 2832
1616 2564
1616 2325
1617 1786
1617 1777
1618 1915
1618 1829
1619 1971
1619 1797
1620 1705
1620 1810
1621 1932
1624 2743
1625 2075
1626 1846
1626 2833
1627 1774
1627 1819
1628 1805
1629 2206
1629 2090
1630 2698
1631 2470
1632 2254
1633 1874
1633 2419
1634 2034
1634 1749
1635 2600
1638 2429
1640 1670
1642 1967
1643 2817
1645 1805
1645 1865
1646 2407
1646 2172
1647 2382
1647 2762
1647 1868
1648 1754
1648 1840
1649 1797
1650 2276
1651 2497
1652 2724
1652 1723
1652 2318
1653 1824
1653 2349
1654 2695
1654 2709
1655 2800
1656 2226
1657 1731
1658 2062
1658 2271
1659 2070
1660 2143
1660 2574
1661 1735
1662 2253
1663 1758
1664 1787
1665 1806
1666 2109
1666 2057
1667 2598
1667 2338
1668 2003
1669 2045
1670 2196
1670 2041
1671 2141
1672 1814
1673 1906
1673 2562
1674 2251
1675 2882
1676 1680
1676 1768
1676 1869
1677 2140
1678 2423
1678 2156
1679 1964
1679 2483
1681 1778
1681 2790
1682 2453
1683 2079
1684 2739
1685 1811
1685 2672
1686 2451
1686 2781
1687 1803
1688 2379
1689 2823
1690 2627
1690 2351
1690 2835
1691 2027
1691 2025
1693 2478
1693 2625
1693 1762
1694 1909
1694 2494
1696 2652
1696 2853
1697 2658
1698 1769
1698 2256
1698 1839
1702 1923
1703 2513
1706 2266
1706 2195
1707 2248
1708 2032
1710 2181
1710 2380
1712 2081
1713 2316
1713 1837
1714 2885
1715 2352
1718 2414
1718 2331
1718 2115
1720 2806
1721 2267
1722 2165
1722 2585
1724 1969
1724 2358
1725 2701
1726 2283
1726 1727
1727 1771
1728 2773
1729 2374
1729 2478
1730 2322
1732 1882
1732 2786
1733 2037
1733 2470
1734 2227
1734 1828
1735 2583
1736 2337
1737 1930
1738 2488
1739 2760
1739 2035
1740 2615
1741 2875
1742 1962
1742 2570
1743 2787
1743 2194
1743 2142
1744 2390
1745 2608
1747 2825
1747 1935
1748 1853
1748 2401
1749 2049
1750 2781
1751 2893
1752 2635
1753 2654
1753 2784
1753 2610
1755 2631
1755 2281
1755 2881
1756 2622
1756 2061
1758 2531
1759 2251
1760 2118
1760 2553
1761 2139
1761 2240
1762 2058
1763 2186
1766 1857
1767 2496
1767 1880
1769 2188
1770 2436
1770 2753
1771 2668
1772 2851
1772 1971
1772 2693
1773 2798
1774 2554
1775 2209
1775 2617
1776 2711
1777 2023
1778 2547
1778 2523
1779 2341
1779 2249
1780 2508
1781 2086
1781 2792
1781 2454
1783 2544
1784 2246
1787 2624
1788 2086
1788 2805
1789 1882
1790 2584
1791 2513
1791 1897
1792 2164
1792 2181
1794 2850
1795 1976
1795 2607
1799 2799
1799 2657
1800 1809
1801 2107
1802 1822
1802 2248
1802 2384
1803 2771
1804 1965
1806 2797
1807 2794
1808 2847
1808 2332
1812 2659
1812 2247
1812 2665
1813 2293
1814 2733
1817 2398
1817 2831
1819 2664
1821 2463
1822 2025
1822 2247
1823 2655
1825 1844
1827 1995
1828 1904
1829 2769
1830 2225
1830 2037
1831 2515
1831 2378
1832 1925
1835 2107
1836 2026
1837 1887
1838 1978
1838 2536
1839 2005
1842 2507
1843 2710
1843 2202
1843 2767
1844 1983
1847 2146
1848 2509
1849 1912
1850 2833
1851 1919
1852 2567
1854 1930
1854 2211
1855 2497
1855 1972
1856 2119
1857 1898
1858 2674
1858 1994
1858 2771
1859 2429
1861 2509
1861 1903
1862 2040
1862 2098
1864 2571
1865 2486
1866 2847
1868 2638
1870 2364
1871 2669
1872 2192
1873 2517
1874 2890
1875 2259
1875 2765
1877 2849
1877 2321
1877 2411
1878 1886
1878 2540
1879 2558
1879 2250
1880 2803
1880 2136
1881 2308
1881 2563
1881 2000
1882 2498
1883 1944
1883 2431
1883 2042
1884 2607
1885 2523
1885 2648
1888 2213
1888 2646
1889 2012
1889 2173
1890 2194
1891 2851
1892 2060
1892 2233
1893 1973
1894 2899
1894 2290
1895 2185
1895 2683
1897 2725
1899 2054
1900 2599
1900 2138
1901 2139
1901 2888
1901 2768
1902 2244
1903 2330
1904 2543
1904 2328
1905 2464
1905 2832
1905 2074
1906 1955
1907 2135
1909 2662
1909 2742
1910 2597
1910 2354
1910 2552
1911 2462
1914 2474
1915 2858
1916 1995
1918 2243
1918 2822
1919 2286
1920 1993
1920 2395
1921 2779
1922 2014
1923 2799
1924 2796
1924 2358
1926 2399
1928 2005
1929 2529
1929 2885
1931 2517
1932 2013
1932 2284
1933 2738
1934 2742
1937 2862
1937 2385
1938 2444
1938 2537
1939 2416
1940 2261
1941 2184
1942 2862
1946 1989
1946 2404
1947 2009
1947 2551
1949 2010
1951 2819
1952 2758
1952 2195
1952 2348
1953 2858
1953 2221
1954 2469
1954 2650
1955 2069
1956 1981
1957 2126
1959 2760
1961 2871
1963 2329
1963 2317
1964 2605
1969 2488
1972 2404
1974 2838
1975 2215
1975 2544
1976 2512
1976 2479
1978 2510
1982 2413
1982 2171
1986 2582
1987 2192
1988 2004
1988 2174
1989 2451
1990 2291
1992 2633
1993 2061
1996 2032
1996 2345
1998 2082
1999 2414
2001 2278
2005 2417
2007 2805
2007 2127
2008 2468
2009 2384
2010 2731
2011 2477
2012 2839
2014 2645
2015 2276
2015 2762
2016 2386
2017 2197
2019 2346
2019 2282
2020 2850
2023 2278
2023 2082
2024 2210
2024 2539
2025 2223
2027 2149
2027 2097
2029 2891
2030 2315
2031 2492
2031 2102
2032 2708
2033 2827
2034 2689
2035 2212
2035 2063
2036 2476
2037 2404
2040 2360
2041 2506
2042 2050
2044 2232
2044 2092
2045 2218
2046 2499
2047 2226
2047 2573
2047 2342
2048 2060
2048 2690
2049 2251
2049 2458
2052 2177
2053 2799
2053 2492
2054 2204
2054 2396
2057 2238
2058 2485
2060 2852
2062 2681
2064 2113
2066 2468
2067 2812
2067 2120
2068 2340
2069 2216
2071 2626
2071 2727
2073 2802
2074 2894
2074 2356
2075 2370
2076 2323
2078 2167
2079 2516
2079 2299
2082 2866
2083 2663
2083 2347
2084 2114
2084 2807
2085 2656
2087 2639
2090 2820
2094 2267
2095 2491
2096 2387
2098 2607
2100 2169
2100 2148
2100 2394
2101 2539
2102 2633
2102 2204
2104 2836
2105 2764
2106 2448
2108 2698
2108 2521
2110 2226
2111 2589
2113 2827
2114 2571
2115 2729
2116 2791
2117 2437
2119 2202
2119 2757
2120 2538
2121 2231
2121 2520
2123 2508
2123 2570
2123 2481
2124 2612
2125 2788
2126 2434
2127 2677
2128 2490
2128 2784
2128 2685
2129 2601
2130 2534
2132 2281
2133 2167
2133 2788
2134 2279
2135 2385
2135 2634
2137 2166
2142 2866
2144 2377
2145 2467
2145 2325
2147 2376
2148 2375
2149 2321
2151 2885
2152 2344
2153 2681
2154 2548
2155 2703
2156 2887
2156 2579
2158 2895
2160 2721
2160 2417
2160 2550
2161 2859
2161 2828
2163 2483
2167 2409
2168 2649
2173 2720
2175 2519
2177 2813
2178 2217
2180 2535
2181 2752
2182 2511
2183 2445
2184 2212
2186 2254
2187 2680
2188 2334
2193 2869
2196 2493
2197 2893
2198 2813
2203 2710
2203 2679
2204 2332
2205 2605
2205 2586
2206 2551
2207 2758
2207 2816
2209 2219
2213 2595
2214 2647
2215 2407
2218 2752
2222 2830
2228 2568
2231 2834
2232 2865
2234 2777
2234 2723
2235 2730
2236 2691
2237 2562
2238 2564
2239 2426
2239 2444
2240 2811
2242 2320
2244 2355
2246 2287
2249 2341
2250 2873
2250 2708
2255 2886
2256 2441
2257 2754
2258 2559
2263 2623
2266 2545
2269 2854
2269 2285
2269 2383
2270 2690
2270 2371
2271 2397
2273 2899
2274 2291
2275 2741
2277 2538
2278 2538
2282 2390
2283 2346
2284 2585
2285 2362
2287 2412
2288 2817
2290 2511
2291 2560
2292 2348
2293 2590
2294 2514
2295 2795
2298 2426
2301 2579
2303 2745
2310 2353
2313 2763
2315 2786
2316 2661
2316 2327
2317 2367
2319 2770
2323 2557
2324 2355
2324 2489
2326 2394
2327 2634
2329 2890
2329 2896
2332 2688
2333 2738
2333 2502
2335 2648
2336 2531
2336 2405
2338 2817
2339 2797
2339 2615
2343 2614
2344 2616
2345 2419
2350 2420
2354 2471
2356 2430
2357 2653
2357 2821
2359 2620
2362 2828
2363 2466
2365 2654
2366 2728
2367 2525
2368 2391
2369 2550
2371 2400
2373 2500
2378 2531
2379 2530
2379 2524
2383 2884
2386 2535
2387 2556
2389 2768
2393 2464
2397 2860
2403 2810
2403 2812
2408 2899
2413 2845
2419 2808
2422 2613
2422 2582
2422 2841
2427 2743
2428 2680
2433 2766
2436 2715
2437 2522
2438 2794
2440 2468
2442 2454
2442 2697
2443 2459
2445 2769
2446 2762
2447 2706
2452 2576
2452 2648
2454 2706
2465 2557
2466 2675
2469 2867
2472 2590
2473 2669
2475 2859
2476 2596
2477 2617
2478 2529
2480 2569
2487 2740
2490 2746
2492 2713
2496 2830
2501 2764
2502 2661
2504 2583
2507 2800
2509 2566
2512 2848
2514 2760
2515 2665
2518 2886
2519 2686
2522 2598
2524 2756
2525 2886
2549 2702
2549 2747
2551 2597
2556 2627
2561 2843
2564 2752
2565 2673
2567 2610
2571 2878
2577 2783
2578 2879
2587 2826
2593 2871
2593 2608
2596 2700
2602 2829
2603 2797
2606 2704
2608 2646
2609 2789
2609 2680
2618 2641
2619 2661
2620 2717
2625 2746
2626 2778
2631 2719
2635 2735
2639 2728
2642 2867
2642 2876
2643 2675
2646 2687
2651 2882
2655 2755
2656 2726
2656 2663
2665 2881
2667 2687
2671 2848
2675 2700
2682 2780
2696 2713
2708 2896
2714 2730
2715 2837
2716 2884
2718 2759
2722 2755
2738 2888
2739 2821
2747 2852
2761 2854
2773 2854
2796 2832
2810 2820
2811 2818
2819 2877
2825 2893
2891 2894
