0 130
0 218
0 808
1 313
1 217
1 813
2 1243
2 220
2 695
3 738
3 1585
3 1238
4 738
4 1679
4 1403
5 1033
5 507
5 1635
6 1496
6 726
6 687
7 80
7 768
7 516
8 274
8 627
8 527
9 270
9 1596
9 472
10 1632
10 1855
10 545
11 885
11 247
11 673
12 524
12 1849
12 189
13 235
13 888
13 901
14 1414
14 1572
14 1581
15 1104
15 834
15 1432
16 27
16 691
16 1790
17 28
17 579
17 76
18 1245
18 780
18 1806
19 1586
19 107
19 950
20 1665
20 78
20 552
21 914
21 1435
21 1007
22 296
22 520
22 1406
23 125
23 633
23 1321
24 1489
24 363
24 181
25 828
25 1856
25 1231
26 1378
26 570
26 670
27 762
27 113
28 862
28 613
29 1405
29 1727
29 1685
30 1138
30 1736
30 903
31 1470
31 229
31 376
32 1258
32 344
32 1212
33 1268
33 46
33 785
34 1879
34 1619
34 1821
35 586
35 1736
35 512
36 1274
36 678
36 465
37 1390
37 1349
37 272
38 790
38 1666
38 411
39 1693
39 1344
39 1810
40 90
40 1611
40 1108
41 1898
41 445
41 1541
42 645
42 1683
42 717
43 243
43 1456
43 176
44 619
44 99
44 1831
45 1865
45 206
45 1013
46 158
46 1780
47 280
47 1693
47 1308
48 225
48 856
48 833
49 1067
49 1103
49 752
50 1516
50 1398
50 1645
51 337
51 216
51 1386
52 1531
52 1033
52 1614
53 537
53 1688
53 1005
54 76
54 1357
54 1308
55 735
55 1730
55 1858
56 1182
56 161
56 824
57 1402
57 610
57 733
58 1809
58 950
58 909
59 576
59 1573
59 737
60 1795
60 1768
60 1574
61 824
61 1335
61 1145
62 839
62 757
62 1202
63 117
63 505
63 88
64 1723
64 1358
64 1312
65 1645
65 609
65 1096
66 836
66 1378
66 520
67 1703
67 1589
67 1888
68 902
68 1579
68 1626
69 282
69 186
69 576
70 941
70 1046
70 1530
71 1187
71 554
71 972
72 1229
72 1521
72 1016
73 1509
73 1059
73 1326
74 1773
74 1302
74 1615
75 357
75 1448
75 744
76 1520
77 417
77 1623
77 1483
78 548
78 1274
79 1014
79 686
79 1408
80 182
80 250
81 1583
81 656
81 305
82 814
82 1579
82 1174
83 1309
83 1831
83 279
84 1052
84 1563
84 939
85 1654
85 642
85 1040
86 1197
86 397
86 233
87 1312
87 422
87 1266
88 1717
88 242
89 1644
89 1129
89 798
90 442
90 928
91 504
91 1731
91 1613
92 921
92 548
92 1025
93 1167
93 1491
93 1460
94 776
94 379
94 638
95 1675
95 1149
95 360
96 1361
96 811
96 1130
97 1629
97 101
97 585
98 1258
98 1415
98 989
99 933
99 1090
100 266
100 1168
100 908
101 724
101 1447
102 977
102 904
102 1260
103 569
103 192
103 648
104 219
104 460
104 844
105 1761
105 658
105 1201
106 155
106 1174
106 1430
107 1796
107 806
108 1857
108 1561
108 173
109 1737
109 670
109 1056
110 1416
110 182
110 547
111 827
111 622
111 596
112 1571
112 636
112 713
113 957
113 1195
114 1372
114 1572
114 223
115 1606
115 968
115 1464
116 1547
116 825
116 1277
117 1408
117 1745
118 704
118 1620
118 1569
119 1328
119 697
119 1735
120 849
120 1522
120 436
121 1263
121 948
121 1765
122 1428
122 580
122 936
123 276
123 1489
123 1733
124 782
124 1754
124 1217
125 148
125 1178
126 221
126 796
126 756
127 1646
127 659
127 1352
128 1698
128 1439
128 1485
129 491
129 757
129 991
130 1237
130 241
131 906
131 854
131 680
132 1040
132 1575
132 419
133 259
133 645
133 898
134 650
134 727
134 523
135 944
135 423
135 1195
136 1371
136 1157
136 1170
137 1727
137 728
137 554
138 1411
138 1327
138 953
139 177
139 1037
139 1568
140 1223
140 1502
140 1393
141 254
141 374
141 1504
142 832
142 1779
142 584
143 751
143 619
143 1083
144 667
144 611
144 1220
145 879
145 1516
145 1729
146 437
146 934
146 1515
147 1206
147 1672
147 1798
148 941
148 683
149 1819
149 224
149 1041
150 1316
150 319
150 1173
151 517
151 971
151 699
152 1741
152 1190
152 1362
153 1045
153 1332
153 1155
154 1282
154 1240
154 909
155 285
155 1482
156 1731
156 1070
156 1431
157 1279
157 209
157 1690
158 603
158 1489
159 166
159 1778
159 1705
160 887
160 473
160 265
161 1294
161 1222
162 1115
162 1396
162 1771
163 1123
163 896
163 1415
164 237
164 791
164 197
165 1560
165 913
165 851
166 1730
166 321
167 1601
167 942
167 225
168 283
168 1426
168 719
169 1864
169 1553
169 343
170 1542
170 940
170 194
171 1411
171 1403
171 367
172 216
172 661
172 1266
173 1670
173 701
174 906
174 324
174 559
175 740
175 279
175 1816
176 1734
176 922
177 476
177 461
178 731
178 831
178 1154
179 584
179 828
179 1877
180 655
180 1073
180 1724
181 1595
181 606
182 1547
183 1359
183 855
183 709
184 1882
184 1764
184 392
185 1696
185 870
185 1791
186 1075
186 1887
187 278
187 886
187 260
188 1740
188 1465
188 1885
189 1182
189 1127
190 1288
190 1487
190 1691
191 367
191 749
191 552
192 1242
192 1463
193 204
193 1228
193 1684
194 1208
194 1817
195 202
195 809
195 627
196 1827
196 1342
196 401
197 1060
197 486
198 1377
198 1808
198 795
199 1057
199 1157
199 367
200 677
200 1341
200 353
201 646
201 1826
201 1298
202 1368
202 1610
203 938
203 334
203 800
204 1330
204 715
205 1688
205 865
205 281
206 1798
206 239
207 1330
207 1343
207 1364
208 326
208 913
208 1433
209 315
209 1143
210 533
210 1756
210 446
211 707
211 368
211 1120
212 254
212 1261
212 1078
213 1235
213 1611
213 1413
214 1159
214 1879
214 1698
215 1558
215 669
215 385
216 820
217 703
217 1374
218 1682
218 340
219 1188
219 1710
220 1576
220 414
221 891
221 453
222 553
222 1305
222 1494
223 1189
223 1767
224 1819
224 516
225 1293
226 1280
226 1781
226 989
227 1381
227 698
227 847
228 1320
228 1179
228 1531
229 593
229 444
230 1801
230 979
230 1369
231 402
231 1128
231 1758
232 1899
232 398
232 1257
233 1342
233 1632
234 515
234 1313
234 1577
235 1708
235 1812
236 506
236 1017
236 1429
237 613
237 1705
238 584
238 1579
238 986
239 1476
239 1205
240 1190
240 1458
240 998
241 848
241 1445
242 1635
242 1373
243 1551
243 271
244 1323
244 1434
244 311
245 980
245 528
245 747
246 1099
246 338
246 862
247 654
247 1351
248 838
248 675
248 267
249 1117
249 1366
249 1156
250 872
250 1084
251 430
251 674
251 877
252 811
252 1750
252 1419
253 1566
253 695
253 551
254 348
255 1891
255 977
255 1884
256 561
256 1600
256 818
257 1164
257 1232
257 1208
258 1712
258 262
258 1034
259 1049
259 1304
260 1769
260 281
261 888
261 1388
261 1332
262 1660
262 264
263 1766
263 1869
263 710
264 443
264 1604
265 935
265 1323
266 1206
266 1018
267 1477
267 1721
268 1627
268 1399
268 1478
269 519
269 755
269 1417
270 575
270 1755
271 1180
271 1241
272 1026
272 1131
273 748
273 742
273 987
274 1604
274 1043
275 1448
275 1130
275 405
276 1751
276 1746
277 886
277 1087
277 591
278 1548
278 1140
279 1512
280 484
280 1511
281 629
282 832
282 1881
283 760
283 973
284 1377
284 1766
284 1021
285 1229
285 1273
286 1754
286 908
286 1042
287 460
287 813
287 898
288 1192
288 1740
288 1213
289 661
289 1203
289 307
290 1505
290 780
290 1853
291 1081
291 1480
291 975
292 1109
292 1563
292 306
293 577
293 1272
293 804
294 1092
294 882
294 1159
295 1350
295 1782
295 664
296 949
296 1323
297 1754
297 1062
297 1541
298 1274
298 1506
298 978
299 315
299 475
299 1677
300 1123
300 1617
300 1276
301 637
301 728
301 878
302 962
302 517
302 1800
303 990
303 1093
303 1847
304 318
304 873
304 1225
305 1250
305 1183
306 609
306 1020
307 1503
307 1210
308 993
308 1457
308 526
309 1322
309 934
309 1091
310 1692
310 460
310 1133
311 1424
311 1870
312 382
312 1642
312 375
313 1714
313 457
314 750
314 994
314 1747
315 1308
316 1623
316 1421
316 1412
317 1838
317 339
317 828
318 807
318 617
319 560
319 1480
320 409
320 640
320 435
321 1697
321 1247
322 536
322 1066
322 1499
323 1786
323 598
323 934
324 1141
324 1352
325 420
325 846
325 473
326 1881
326 1644
327 1699
327 1404
327 371
328 706
328 960
328 801
329 1050
329 393
329 1333
330 932
330 385
330 1366
331 1615
331 565
331 1777
332 1342
332 1324
332 1656
333 825
333 343
333 1130
334 417
334 402
335 1762
335 1545
335 1534
336 1112
336 440
336 1050
337 504
337 745
338 1720
338 1184
339 1575
339 441
340 1677
340 1872
341 917
341 537
341 847
342 475
342 1360
342 1177
343 1704
344 1282
344 768
345 1406
345 351
345 1423
346 1350
346 1166
346 704
347 501
347 448
347 477
348 1011
348 643
349 369
349 1167
349 606
350 1382
350 808
350 401
351 672
351 1877
352 939
352 1446
352 885
353 1666
353 1698
354 1473
354 625
354 651
355 532
355 865
355 1508
356 1674
356 464
356 865
357 1668
357 760
358 419
358 796
358 1827
359 1450
359 1709
359 1394
360 700
360 1707
361 1583
361 967
361 715
362 1125
362 1291
362 1545
363 504
363 676
364 1872
364 1146
364 1303
365 1290
365 973
365 963
366 1868
366 613
366 555
368 840
368 884
369 1267
369 1728
370 569
370 378
370 1063
371 1293
371 1497
372 1876
372 534
372 1848
373 451
373 1036
373 795
374 1880
374 1674
375 1526
375 526
376 391
376 958
377 1116
377 1138
377 1663
378 1153
378 836
379 1777
379 456
380 1341
380 463
380 1864
381 515
381 1495
381 1799
382 907
382 1088
383 1332
383 680
383 917
384 711
384 481
384 1580
385 1191
386 948
386 1610
386 1683
387 467
387 983
387 1141
388 1455
388 1030
388 1638
389 1113
389 981
389 690
390 1214
390 799
390 1295
391 853
391 1464
392 652
392 1214
393 786
393 1846
394 730
394 1523
394 1053
395 1547
395 1596
395 1290
396 931
396 440
396 1713
397 763
397 964
398 966
398 1791
399 1062
399 1873
399 1668
400 1586
400 920
400 679
401 1060
402 573
403 1585
403 1516
403 491
404 1515
404 662
404 1532
405 982
405 1426
406 968
406 1126
406 500
407 1015
407 1088
407 482
408 1300
408 1735
408 879
409 1646
409 1356
410 1359
410 1463
410 1753
411 629
411 1884
412 1194
412 471
412 894
413 889
413 547
413 672
414 1355
414 1005
415 744
415 1355
415 562
416 1045
416 996
416 1447
417 1150
418 1795
418 498
418 1669
419 1857
420 586
420 1782
421 1025
421 566
421 514
422 1300
422 446
423 1306
423 1239
424 1517
424 1451
424 594
425 684
425 1162
425 550
426 1680
426 1843
426 1878
427 841
427 1715
427 478
428 1863
428 729
428 1249
429 932
429 924
429 508
430 835
430 1500
431 803
431 728
431 1885
432 1261
432 1524
432 1082
433 1199
433 1147
433 1570
434 1262
434 775
434 1690
435 1849
435 656
436 1732
436 1240
437 1354
437 528
438 671
438 1233
438 1102
439 1126
439 1390
439 1203
440 1527
441 1100
441 1322
442 1490
442 1787
443 1783
443 1048
444 1832
444 605
445 1523
445 1875
446 1636
447 1630
447 631
447 657
448 1127
448 1899
449 683
449 911
449 1395
450 607
450 960
450 1813
451 1331
451 1068
452 1640
452 1247
452 1438
453 510
453 754
454 1259
454 1549
454 1795
455 1348
455 1082
455 1052
456 503
456 811
457 1224
457 483
458 980
458 1830
458 901
459 513
459 1684
459 972
461 1000
461 916
462 1493
462 1599
462 488
463 820
463 1462
464 1422
464 1611
465 1712
465 844
466 746
466 749
466 1218
467 654
467 754
468 957
468 929
468 722
469 1385
469 970
469 830
470 1331
470 1234
470 1404
471 1565
471 955
472 1341
472 1164
473 878
474 1324
474 1345
474 961
475 1858
476 1259
476 767
477 1097
477 1663
478 751
478 1061
479 1867
479 1320
479 1675
480 1796
480 1194
480 624
481 1023
481 982
482 1738
482 1818
483 1507
483 1725
484 907
484 1152
485 1768
485 1349
485 1582
486 1031
486 788
487 1767
487 1756
487 797
488 1472
488 1032
489 1021
489 1429
489 626
490 1313
490 1545
490 1554
491 1034
492 1528
492 1176
492 1534
493 1037
493 1039
493 721
494 688
494 1878
494 1668
495 1670
495 1839
495 529
496 689
496 852
496 1162
497 1880
497 1297
497 1124
498 840
498 1483
499 1061
499 1305
499 873
500 1460
500 1384
501 1574
501 660
502 1401
502 1811
502 1493
503 1684
503 1411
505 1387
505 1834
506 743
506 899
507 1700
507 1883
508 1367
508 1865
509 1557
509 1150
509 1496
510 1095
510 1458
511 1328
511 1871
511 1797
512 1121
512 1111
513 724
513 569
514 979
514 777
515 861
516 1737
517 860
518 1598
518 810
518 1144
519 1363
519 1672
520 1119
521 1128
521 676
521 1055
522 1344
522 543
522 725
523 1799
523 931
524 770
524 1110
525 1616
525 946
525 1544
526 951
527 1348
527 1773
528 750
529 1208
529 1619
530 591
530 1741
530 1503
531 955
531 1530
531 852
532 693
532 915
533 649
533 941
534 734
534 648
535 1147
535 1627
535 1893
536 1546
536 740
537 837
538 1888
538 1325
538 781
539 864
539 1275
539 1343
540 1448
540 980
540 1345
541 1808
541 919
541 1042
542 1083
542 1405
542 734
543 1351
543 1860
544 1807
544 1188
544 1609
545 600
545 958
546 1198
546 1143
546 883
547 1474
548 1703
549 1862
549 1643
549 818
550 1630
550 969
551 1595
551 1539
552 676
553 1583
553 1678
554 1295
555 1743
555 588
556 1196
556 602
556 1303
557 1246
557 1422
557 1075
558 1519
558 792
558 1642
559 1526
559 1628
560 787
560 1653
561 1537
561 1091
562 739
562 1114
563 770
563 1160
563 1479
564 1605
564 1035
564 927
565 1089
565 992
566 815
566 578
567 604
567 1255
567 1529
568 1664
568 1581
568 712
570 1203
570 1825
571 726
571 1622
571 1601
572 630
572 1658
572 1738
573 618
573 1131
574 918
574 1418
574 713
575 1241
575 1604
576 787
577 746
577 1622
578 1438
578 1578
579 997
579 837
580 1809
580 1114
581 1893
581 1519
581 1527
582 858
582 583
582 674
583 1774
583 1880
585 696
585 695
586 1835
587 1259
587 1893
587 705
588 1576
588 1723
589 1227
589 1155
589 685
590 1326
590 777
590 976
591 1686
592 1777
592 1099
592 846
593 999
593 1649
594 1651
594 1212
595 1188
595 1452
595 1269
596 1337
596 875
597 1310
597 1763
597 1613
598 1480
598 1669
599 1442
599 1217
599 1307
600 1662
600 1063
601 1775
601 763
601 1856
602 1267
602 1866
603 1335
603 710
604 805
604 1585
605 640
605 864
606 1744
607 938
607 1164
608 897
608 1338
608 612
609 1347
610 752
610 1592
611 735
611 1829
612 1095
612 1301
614 1614
614 1028
614 896
615 1695
615 665
615 1273
616 1594
616 1673
616 1559
617 1597
617 953
618 1169
618 1620
619 1818
620 628
620 1406
620 1619
621 1710
621 1118
621 1010
622 1334
622 1664
623 936
623 1281
623 1307
624 1403
624 1319
625 1637
625 1133
626 788
626 1076
627 949
628 1486
628 748
629 956
630 1745
630 1648
631 1306
631 762
632 1454
632 707
632 1437
633 1676
633 1875
634 1747
634 667
634 1209
635 1709
635 1292
635 1662
636 1896
636 1588
637 1542
637 1180
638 1367
638 1855
639 1621
639 819
639 891
640 1392
641 1062
641 935
641 672
642 1065
642 961
643 1226
643 813
644 1724
644 1043
644 1696
645 978
646 975
646 1053
647 1231
647 822
647 718
648 1117
649 814
649 954
650 1746
650 1470
651 1825
651 1033
652 1279
652 1272
653 696
653 1593
653 1836
654 1072
655 1643
655 1602
656 1588
657 1441
657 935
658 947
658 1160
659 1427
659 1655
660 1091
660 718
661 1360
662 874
662 1209
663 1627
663 826
663 1202
664 1456
664 893
665 1819
665 1194
666 1154
666 1783
666 1722
667 1443
668 826
668 1358
668 1866
669 830
669 1869
670 1550
671 1377
671 1524
673 678
673 1184
674 1048
675 1376
675 1212
677 1694
677 727
678 1042
679 1587
679 1888
680 1175
681 1502
681 1507
681 704
682 1135
682 1854
682 1779
683 1181
684 1774
684 1085
685 1762
685 948
686 1854
686 1069
687 1520
687 701
688 1013
688 1533
689 1657
689 1225
690 1470
690 701
691 1248
691 1140
692 1689
692 722
692 1806
693 1683
693 698
694 1441
694 1883
694 1469
696 1257
697 1407
697 1586
698 1495
699 1565
699 1491
700 1207
700 946
702 1760
702 1027
702 1239
703 898
703 1097
705 1111
705 1797
706 1018
706 1046
707 753
708 1043
708 1584
708 946
709 1601
709 1794
710 995
711 897
711 1705
712 1006
712 963
713 1711
714 1096
714 988
714 1560
715 1302
716 1636
716 1895
716 1279
717 1338
717 921
718 1607
719 755
719 1166
720 1222
720 1832
720 1078
721 1590
721 1020
722 1340
723 743
723 1398
723 1210
724 739
725 1262
725 1289
726 1851
727 1837
729 1257
729 1019
730 732
730 1513
731 1629
731 764
732 1122
732 916
733 1757
733 1186
734 881
735 1782
736 1278
736 818
736 858
737 1132
737 1521
738 1460
739 1505
740 1142
741 1887
741 1634
741 1719
742 786
742 923
743 1659
744 1147
745 870
745 1333
746 1561
747 1297
747 1433
748 1269
749 1680
750 1870
751 772
752 1649
753 1767
753 1625
754 1355
755 1250
756 1171
756 991
757 1506
758 1070
758 797
758 1135
759 1473
759 1597
759 1685
760 1430
761 919
761 845
761 1236
762 1532
763 1360
764 1004
764 1232
765 1802
765 1371
765 1655
766 778
766 1177
766 1711
767 1150
767 1728
768 1891
769 1204
769 1161
769 1874
770 867
771 1032
771 1829
771 912
772 1405
772 1642
773 1717
773 827
773 1291
774 1339
774 1527
774 1564
775 1080
775 1520
776 1476
776 1372
777 1205
778 819
778 1421
779 1299
779 1537
779 1185
780 1859
781 1390
781 1353
782 1881
782 1213
783 1555
783 1144
783 1784
784 936
784 1697
784 945
785 1243
785 975
786 1263
787 1785
788 1792
789 793
789 927
789 911
790 1696
790 1486
791 1528
791 1686
792 1758
792 893
793 1135
793 1070
794 1787
794 805
794 1314
795 1205
796 1299
797 1755
798 1852
798 1220
799 1008
799 1835
800 1707
800 1716
801 1090
801 1219
802 1292
802 1736
802 1884
803 1026
803 863
804 1179
804 1511
805 849
806 1204
806 1637
807 1189
807 981
808 1417
809 1328
809 1223
810 1265
810 1896
812 1751
812 1731
812 1151
814 1718
815 1329
815 1484
816 1002
816 1090
816 1580
817 1561
817 1330
817 1222
819 1774
820 1383
821 906
821 1276
821 1180
822 1363
822 1831
823 1462
823 1815
823 1002
824 1637
825 1366
826 1578
827 1434
829 857
829 1531
829 1237
830 1410
831 1213
831 1361
832 1539
833 1695
833 1582
834 1785
834 1391
835 1596
835 1242
836 1119
837 1852
838 1369
838 912
839 1746
839 1242
840 1730
841 1472
841 1721
842 874
842 1525
842 1625
843 1364
843 1567
843 876
844 849
845 943
845 1467
846 1559
847 1558
848 1077
848 1435
850 1266
850 1424
850 1306
851 1396
851 1273
852 1017
853 1289
853 1529
854 1051
854 1737
855 1108
855 1297
856 1812
856 1758
857 1593
857 1760
858 1455
859 1329
859 1465
859 951
860 1793
860 1067
861 1702
861 1418
862 1049
863 1124
863 896
864 1003
866 1776
866 1202
866 1815
867 1726
867 1384
868 1157
868 1041
868 1282
869 938
869 1238
869 1288
870 1116
871 1172
871 1452
871 1575
872 1038
872 1110
873 1507
874 1077
875 1808
875 1167
876 1216
876 913
877 1079
877 1291
878 1264
879 1502
880 1499
880 1181
880 1490
881 1443
881 1163
882 1329
882 1709
883 1127
883 1270
884 1092
884 966
885 1569
886 1898
887 1058
887 1228
888 1506
889 1788
889 1656
890 1615
890 1659
890 1633
891 1852
892 986
892 1094
892 1126
893 976
894 1237
894 1807
895 1849
895 1519
895 1843
897 1874
899 918
899 1679
900 1743
900 1556
900 1219
901 1719
902 1865
902 1872
903 1848
903 983
904 1163
904 1804
905 1809
905 1036
905 1365
907 1686
908 985
909 1622
910 1714
910 1016
910 1192
911 962
912 925
914 1191
914 1030
915 1099
915 1218
916 1288
917 1661
918 1645
919 1682
920 1163
920 943
921 1369
922 987
922 1850
923 1210
923 1850
924 1821
924 990
925 945
925 1487
926 1197
926 1189
926 1786
927 1252
928 1485
928 1609
929 997
929 1682
930 1685
930 1159
930 1307
931 1589
932 1319
933 1830
933 1165
937 1833
937 1594
937 1046
939 1612
940 1494
940 1193
942 1616
942 1146
943 1325
944 1055
944 1845
945 1055
947 1253
947 1021
949 963
950 1065
951 1461
952 1160
952 1449
952 1397
953 1073
954 1447
954 1113
955 1559
956 1350
956 1548
957 1650
958 1153
959 1549
959 1552
959 1533
960 1192
961 1722
962 1623
964 1564
964 1337
965 1386
965 971
965 1513
966 1801
967 1424
967 1837
968 995
969 1007
969 1453
970 990
970 1230
971 1313
972 1407
973 1557
974 1351
974 1077
974 1101
976 1365
977 1479
978 1431
979 1280
981 1702
982 1625
983 1764
984 1639
984 1128
984 1772
985 1612
985 1603
986 1800
987 1471
988 1694
988 1617
989 1395
991 1449
992 1165
992 1035
993 1823
993 1482
994 1309
994 1394
995 1064
996 1689
996 1499
997 1294
998 1428
998 1700
999 1553
999 1762
1000 1364
1000 1465
1001 1071
1001 1488
1001 1653
1002 1543
1003 1347
1003 1680
1004 1693
1004 1146
1005 1162
1006 1535
1006 1711
1007 1632
1008 1792
1008 1027
1009 1400
1009 1399
1009 1713
1010 1340
1010 1796
1011 1597
1011 1855
1012 1739
1012 1742
1012 1226
1013 1346
1014 1079
1014 1757
1015 1628
1015 1420
1016 1161
1017 1676
1018 1497
1019 1863
1019 1373
1020 1454
1022 1076
1022 1320
1022 1816
1023 1187
1023 1478
1024 1490
1024 1456
1024 1357
1025 1845
1026 1396
1027 1109
1028 1289
1028 1137
1029 1084
1029 1153
1029 1287
1030 1264
1031 1134
1031 1701
1032 1570
1034 1170
1035 1076
1036 1821
1037 1789
1038 1245
1038 1056
1039 1726
1039 1814
1040 1461
1041 1715
1044 1101
1044 1081
1044 1797
1045 1246
1047 1466
1047 1227
1047 1118
1048 1473
1049 1141
1050 1631
1051 1734
1051 1675
1052 1462
1053 1813
1054 1182
1054 1485
1054 1177
1056 1768
1057 1725
1057 1301
1058 1879
1058 1397
1059 1068
1059 1631
1060 1098
1061 1834
1063 1367
1064 1853
1064 1281
1065 1190
1066 1729
1066 1484
1067 1488
1068 1362
1069 1770
1069 1174
1071 1413
1071 1298
1072 1518
1072 1256
1073 1427
1074 1775
1074 1892
1074 1197
1075 1733
1078 1451
1079 1215
1080 1828
1080 1553
1081 1568
1082 1387
1083 1512
1084 1469
1085 1830
1085 1292
1086 1404
1086 1331
1086 1562
1087 1567
1087 1200
1088 1206
1089 1716
1089 1658
1092 1687
1093 1125
1093 1874
1094 1787
1094 1339
1095 1780
1096 1272
1097 1689
1098 1134
1098 1600
1100 1862
1100 1846
1101 1647
1102 1158
1102 1841
1103 1440
1103 1500
1104 1522
1104 1265
1105 1708
1105 1169
1105 1152
1106 1271
1106 1628
1106 1300
1107 1558
1107 1449
1107 1624
1108 1336
1109 1370
1110 1469
1111 1370
1112 1119
1112 1655
1113 1249
1114 1226
1115 1170
1115 1380
1116 1438
1117 1285
1118 1756
1120 1572
1120 1420
1121 1670
1121 1826
1122 1640
1122 1541
1123 1581
1124 1219
1125 1740
1129 1234
1129 1260
1131 1836
1132 1283
1132 1374
1133 1475
1134 1233
1136 1725
1136 1268
1136 1172
1137 1305
1137 1244
1138 1594
1139 1171
1139 1759
1139 1720
1140 1726
1142 1727
1142 1193
1143 1207
1144 1814
1145 1418
1145 1718
1148 1755
1148 1847
1148 1517
1149 1235
1149 1409
1151 1209
1151 1408
1152 1650
1154 1362
1155 1248
1156 1270
1156 1851
1158 1724
1158 1316
1161 1183
1165 1589
1166 1850
1168 1492
1168 1252
1169 1349
1171 1461
1172 1661
1173 1374
1173 1412
1175 1870
1175 1853
1176 1543
1176 1667
1178 1858
1178 1393
1179 1464
1181 1432
1183 1241
1184 1895
1185 1745
1185 1327
1186 1889
1186 1753
1187 1200
1191 1540
1193 1435
1195 1359
1196 1671
1196 1385
1198 1318
1198 1673
1199 1873
1199 1440
1200 1504
1201 1890
1201 1263
1204 1681
1207 1552
1211 1340
1211 1428
1211 1557
1214 1476
1215 1314
1215 1221
1216 1400
1216 1361
1217 1550
1218 1837
1220 1588
1221 1376
1221 1251
1223 1563
1224 1474
1224 1648
1225 1346
1227 1750
1228 1889
1229 1792
1230 1463
1230 1546
1231 1453
1232 1665
1233 1646
1234 1515
1235 1512
1236 1309
1236 1376
1238 1856
1239 1354
1240 1373
1243 1468
1244 1820
1244 1534
1245 1511
1246 1312
1247 1836
1248 1554
1249 1491
1250 1590
1251 1633
1251 1397
1252 1820
1253 1471
1253 1760
1254 1608
1254 1388
1254 1564
1255 1293
1255 1416
1256 1294
1256 1530
1258 1867
1260 1828
1261 1660
1262 1691
1264 1739
1265 1420
1267 1384
1268 1556
1269 1290
1270 1770
1271 1636
1271 1835
1275 1562
1275 1315
1276 1459
1277 1802
1277 1699
1278 1368
1278 1392
1280 1771
1281 1372
1283 1304
1283 1414
1284 1576
1284 1510
1284 1352
1285 1501
1285 1882
1286 1318
1286 1475
1286 1752
1287 1897
1287 1688
1295 1409
1296 1798
1296 1446
1296 1316
1298 1432
1299 1662
1301 1784
1302 1605
1303 1822
1304 1824
1310 1841
1310 1436
1311 1497
1311 1621
1311 1863
1314 1425
1315 1750
1315 1344
1317 1426
1317 1824
1317 1638
1318 1365
1319 1533
1321 1866
1321 1822
1322 1817
1324 1602
1325 1580
1326 1609
1327 1608
1333 1492
1334 1848
1334 1840
1335 1392
1336 1778
1336 1729
1337 1715
1338 1707
1339 1708
1343 1706
1345 1641
1346 1839
1347 1394
1348 1896
1353 1803
1353 1860
1354 1677
1356 1400
1356 1389
1357 1546
1358 1666
1363 1811
1368 1769
1370 1823
1371 1748
1375 1391
1375 1492
1375 1467
1378 1647
1379 1529
1379 1587
1379 1443
1380 1498
1380 1415
1381 1603
1381 1591
1382 1765
1382 1429
1383 1433
1383 1671
1385 1445
1386 1389
1387 1659
1388 1455
1389 1889
1391 1514
1393 1801
1395 1513
1398 1776
1399 1550
1401 1751
1401 1652
1402 1825
1402 1772
1407 1771
1409 1700
1410 1657
1410 1528
1412 1640
1413 1439
1414 1717
1416 1536
1417 1468
1419 1427
1419 1882
1421 1892
1422 1616
1423 1540
1423 1663
1425 1598
1425 1890
1430 1897
1431 1667
1434 1678
1436 1733
1436 1820
1437 1652
1437 1712
1439 1525
1440 1650
1441 1868
1442 1639
1442 1847
1444 1664
1444 1868
1444 1840
1445 1892
1446 1759
1450 1454
1450 1695
1451 1607
1452 1606
1453 1781
1457 1721
1457 1790
1458 1582
1459 1860
1459 1810
1466 1644
1466 1508
1467 1701
1468 1681
1471 1886
1472 1742
1474 1788
1475 1691
1477 1567
1477 1844
1478 1817
1479 1599
1481 1810
1481 1514
1481 1549
1482 1617
1483 1701
1484 1716
1486 1618
1487 1518
1488 1826
1493 1710
1494 1723
1495 1861
1496 1538
1498 1510
1498 1812
1500 1538
1501 1772
1501 1566
1503 1829
1504 1714
1505 1639
1508 1757
1509 1592
1509 1859
1510 1543
1514 1630
1517 1560
1518 1641
1521 1894
1522 1538
1523 1827
1524 1571
1525 1535
1526 1803
1532 1861
1535 1555
1536 1634
1536 1591
1537 1704
1539 1687
1540 1807
1542 1743
1544 1652
1544 1822
1548 1887
1551 1570
1551 1687
1552 1598
1554 1673
1555 1786
1556 1692
1562 1802
1565 1752
1566 1618
1568 1624
1569 1890
1571 1878
1573 1806
1573 1778
1574 1814
1577 1793
1577 1838
1578 1783
1584 1603
1584 1620
1587 1784
1590 1811
1591 1678
1592 1793
1593 1764
1595 1690
1599 1769
1600 1612
1602 1728
1605 1873
1606 1653
1607 1794
1608 1791
1610 1886
1613 1894
1614 1643
1618 1648
1621 1832
1624 1842
1626 1741
1626 1844
1629 1775
1631 1839
1633 1813
1634 1759
1635 1842
1638 1649
1641 1732
1647 1761
1651 1681
1651 1816
1654 1766
1654 1794
1656 1773
1657 1875
1658 1899
1660 1789
1661 1883
1665 1833
1667 1744
1669 1744
1671 1799
1672 1876
1674 1815
1676 1804
1679 1859
1692 1789
1694 1804
1697 1720
1699 1702
1703 1803
1704 1749
1706 1869
1706 1734
1713 1841
1718 1864
1719 1838
1722 1765
1732 1805
1735 1776
1738 1752
1739 1779
1742 1898
1747 1828
1748 1854
1748 1851
1749 1763
1749 1867
1753 1785
1761 1805
1763 1844
1770 1834
1780 1876
1781 1885
1788 1871
1790 1857
1800 1846
1805 1871
1818 1877
1823 1843
1824 1862
1833 1840
1842 1861
1845 1891
1886 1894
1895 1897
