0 1283
0 2706
0 575
1 1699
1 2166
1 2028
2 1064
2 2435
2 2129
3 693
3 1200
3 2733
4 1920
4 2969
4 2716
5 2134
5 758
5 909
6 2181
6 687
6 2640
7 785
7 1208
7 2214
8 594
8 1406
8 2628
9 322
9 927
9 604
10 376
10 2947
10 2621
11 14
11 1776
11 2295
12 2676
12 1507
12 451
13 342
13 225
13 2326
14 1818
14 1474
15 572
15 682
15 230
16 1393
16 833
16 1736
17 557
17 779
17 1570
18 183
18 869
18 2005
19 1528
19 428
19 189
20 244
20 2451
20 1040
21 972
21 1237
21 929
22 1113
22 376
22 2293
23 2107
23 203
23 461
24 1022
24 1721
24 2914
25 1545
25 1461
25 1423
26 2979
26 1671
26 2114
27 2161
27 2129
27 2087
28 1440
28 130
28 1258
29 1231
29 527
29 2689
30 1744
30 2972
30 1324
31 2933
31 2639
31 2735
32 257
32 2151
32 2166
33 1990
33 998
33 152
34 1097
34 1906
34 2954
35 2488
35 243
35 2712
36 1994
36 1049
36 1480
37 2183
37 2300
37 978
38 2436
38 293
38 2576
39 1553
39 2690
39 2594
40 655
40 2559
40 723
41 2390
41 1676
41 2664
42 732
42 2883
42 2435
43 2229
43 404
43 274
44 1769
44 2567
44 1887
45 1320
45 86
45 1135
46 1380
46 2763
46 1460
47 2485
47 493
47 476
48 915
48 299
48 2380
49 403
49 811
49 819
50 525
50 2509
50 672
51 1449
51 139
51 966
52 551
52 2248
52 2483
53 702
53 1985
53 2439
54 2359
54 1469
54 2898
55 524
55 2413
55 1779
56 1287
56 357
56 2697
57 1400
57 1451
57 2982
58 2666
58 2597
58 1206
59 367
59 634
59 2337
60 2126
60 2925
60 2477
61 112
61 2543
61 550
62 1327
62 1042
62 815
63 2332
63 1753
63 1006
64 2497
64 1762
64 2173
65 2803
65 613
65 74
66 1648
66 2345
66 803
67 2530
67 968
67 1139
68 2602
68 885
68 1737
69 2387
69 2861
69 399
70 2350
70 2438
70 1832
71 1058
71 2519
71 1494
72 1609
72 1768
72 2880
73 119
73 1401
73 2003
74 1710
74 888
75 2791
75 2069
75 2953
76 2848
76 1533
76 1450
77 1798
77 687
77 1969
78 201
78 722
78 603
79 564
79 2350
79 2942
80 1447
80 2464
80 768
81 1304
81 2681
81 1404
82 1880
82 559
82 2362
83 1272
83 161
83 506
84 1063
84 1978
84 1568
85 2278
85 1124
85 468
86 2092
86 2441
87 2756
87 1691
87 2079
88 814
88 798
88 2409
89 848
89 323
89 545
90 1886
90 1086
90 2751
91 1597
91 1343
91 365
92 2153
92 1904
92 2907
93 423
93 2310
93 107
94 2358
94 1431
94 119
95 2837
95 2871
95 1310
96 1741
96 1457
96 1761
97 1858
97 2490
97 2103
98 667
98 2155
98 2227
99 2715
99 780
99 1240
100 159
100 2256
100 2182
101 989
101 1122
101 994
102 2477
102 1662
102 2776
103 1739
103 2179
103 1665
104 849
104 1567
104 254
105 2304
105 717
105 212
106 1850
106 2569
106 1944
107 1567
107 985
108 2838
108 2464
108 1399
109 840
109 2520
109 1276
110 2463
110 359
110 384
111 741
111 943
111 2448
112 1479
112 360
113 2398
113 820
113 1874
114 398
114 1540
114 2994
115 385
115 1357
115 226
116 745
116 930
116 190
117 640
117 2713
117 719
118 254
118 1591
118 1535
119 381
120 2304
120 587
120 2225
121 367
121 458
121 1297
122 2167
122 2787
122 2415
123 145
123 1471
123 2906
124 945
124 1655
124 1746
125 2724
125 2737
125 2850
126 320
126 2645
126 1230
127 2386
127 1065
127 1155
128 786
128 654
128 1993
129 2340
129 1073
129 2336
130 932
130 1624
131 845
131 2378
131 2128
132 976
132 2269
132 610
133 2333
133 1237
133 1480
134 2545
134 2954
134 356
135 1630
135 1497
135 213
136 1584
136 1421
136 1118
137 2259
137 2198
137 2433
138 2369
138 957
138 2650
139 1791
139 340
140 1326
140 2961
140 1264
141 1634
141 347
141 1209
142 2141
142 710
142 1297
143 2347
143 202
143 1811
144 334
144 888
144 2719
145 1358
145 858
146 2670
146 2293
146 1074
147 1945
147 524
147 1376
148 234
148 2800
148 1654
149 1002
149 2074
149 2295
150 965
150 1997
150 1822
151 1792
151 1716
151 2085
152 2609
152 2644
153 1027
153 1007
153 1396
154 2779
154 1076
154 601
155 1703
155 2042
155 1792
156 335
156 390
156 2929
157 178
157 581
157 2423
158 951
158 2197
158 1732
159 984
159 2787
160 1934
160 923
160 728
161 998
161 2216
162 1759
162 616
162 396
163 841
163 816
163 1292
164 2598
164 1132
164 2954
165 193
165 1110
165 2832
166 2126
166 2456
166 1520
167 2311
167 1938
167 2263
168 1137
168 787
168 1404
169 2903
169 1446
169 1085
170 2941
170 2690
170 2022
171 701
171 1405
171 1338
172 1180
172 398
172 1339
173 397
173 1924
173 2256
174 837
174 1269
174 2594
175 2993
175 1231
175 1343
176 1202
176 731
176 2970
177 281
177 2191
177 2491
178 499
178 1561
179 2851
179 2890
179 212
180 2154
180 1350
180 1498
181 1271
181 977
181 199
182 1677
182 1721
182 994
183 1033
183 209
184 1731
184 1636
184 2783
185 1661
185 540
185 2052
186 1097
186 2521
186 1059
187 2208
187 1998
187 2122
188 2611
188 2073
188 2739
189 2877
189 255
190 2727
190 2298
191 1757
191 1262
191 1685
192 633
192 1661
192 814
193 2373
193 1991
194 850
194 411
194 2244
195 964
195 819
195 2168
196 1848
196 604
196 341
197 2707
197 1694
197 2644
198 932
198 309
198 2097
199 2872
199 802
200 2275
200 2736
200 1247
201 1222
201 2948
202 2718
202 499
203 892
203 1627
204 2015
204 1426
204 731
205 1816
205 208
205 2236
206 1079
206 839
206 1020
207 479
207 1382
207 426
208 2322
208 1508
209 1290
209 620
210 754
210 2022
210 2453
211 2503
211 2925
211 2825
212 538
213 2510
213 2018
214 2254
214 2301
214 2346
215 2766
215 2904
215 819
216 1849
216 2262
216 2538
217 983
217 1590
217 676
218 1980
218 1328
218 293
219 555
219 2132
219 2563
220 2644
220 509
220 2367
221 1396
221 1314
221 2474
222 1272
222 2454
222 2609
223 1418
223 1500
223 709
224 1856
224 1517
224 2501
225 455
225 2673
226 764
226 392
227 952
227 2273
227 2701
228 1633
228 1872
228 693
229 358
229 1382
229 2232
230 1635
230 2386
231 2361
231 866
231 1940
232 2512
232 2525
232 1003
233 390
233 821
233 1610
234 1523
234 2519
235 1892
235 781
235 1370
236 1532
236 425
236 1143
237 2455
237 2407
237 2066
238 2616
238 1559
238 2817
239 720
239 843
239 1582
240 651
240 1572
240 978
241 1459
241 1877
241 2774
242 1445
242 1187
242 991
243 2657
243 1202
244 2024
244 2324
245 321
245 2961
245 2159
246 2961
246 2522
246 970
247 589
247 2930
247 2455
248 2310
248 1177
248 1108
249 1467
249 1757
249 379
250 305
250 1949
250 1313
251 1068
251 2526
251 2444
252 545
252 1659
252 300
253 2809
253 590
253 1396
254 2009
255 1912
255 2356
256 594
256 1081
256 1613
257 2765
257 2475
258 2288
258 2330
258 1714
259 1389
259 2153
259 2015
260 1843
260 1305
260 853
261 1896
261 2233
261 1617
262 1527
262 2669
262 1622
263 2584
263 2156
263 818
264 2802
264 2925
264 2700
265 318
265 1510
265 1229
266 2977
266 2767
266 1361
267 2953
267 1621
267 2166
268 439
268 277
268 508
269 2909
269 1169
269 1998
270 2370
270 2395
270 1934
271 774
271 2879
271 1393
272 2908
272 1137
272 2105
273 2400
273 1633
273 1804
274 2710
274 1609
275 588
275 2033
275 2114
276 774
276 2736
276 1803
277 1086
277 957
278 463
278 2920
278 2107
279 915
279 982
279 1790
280 1499
280 892
280 2370
281 1718
281 601
282 574
282 1823
282 2087
283 471
283 2279
283 2480
284 2745
284 973
284 1666
285 2674
285 690
285 2247
286 1615
286 1693
286 2706
287 1866
287 2759
287 1882
288 2417
288 1055
288 1045
289 1542
289 2891
289 1580
290 2388
290 445
290 1647
291 2399
291 2431
291 1341
292 2266
292 2760
292 1740
293 310
294 2890
294 1182
294 779
295 941
295 1025
295 675
296 2674
296 615
296 1345
297 1139
297 2894
297 571
298 1649
298 1823
298 1656
299 1219
299 2059
300 753
300 2571
301 2148
301 2777
301 1581
302 304
302 1903
302 905
303 1573
303 1154
303 2382
304 2688
304 1919
305 1730
305 996
306 1191
306 2244
306 2927
307 2960
307 1592
307 2642
308 344
308 898
308 442
309 1267
309 1978
310 1220
310 2811
311 2085
311 589
311 2907
312 812
312 2002
312 2962
313 1350
313 2040
313 930
314 733
314 683
314 1328
315 1141
315 1608
315 1156
316 2477
316 1830
316 583
317 2147
317 2393
317 1194
318 992
318 1307
319 1824
319 2949
319 1021
320 2642
320 1803
321 2681
321 1611
322 1279
322 454
323 1525
323 2529
324 2583
324 1659
324 856
325 983
325 356
325 868
326 2737
326 1560
326 1729
327 2576
327 2401
327 1971
328 1476
328 2443
328 2805
329 364
329 2106
329 599
330 2484
330 2728
330 2111
331 1857
331 1424
331 1260
332 765
332 709
332 694
333 1331
333 382
333 1466
334 1022
334 517
335 1164
335 1475
336 1380
336 675
336 2573
337 1407
337 339
337 990
338 1192
338 1613
338 2220
339 2810
339 2050
340 1734
340 2947
341 707
341 1306
342 937
342 2692
343 2561
343 614
343 1677
344 718
344 375
345 2694
345 2413
345 2305
346 449
346 2932
346 2294
347 2802
347 477
348 2219
348 2595
348 1744
349 788
349 375
349 596
350 1034
350 595
350 1385
351 2889
351 1041
351 775
352 781
352 2886
352 2895
353 2661
353 1823
353 711
354 372
354 1322
354 1437
355 2392
355 1259
355 1165
356 505
357 2836
357 771
358 2685
358 1088
359 2641
359 465
360 2806
360 1005
361 927
361 1490
361 1195
362 2586
362 2323
362 2975
363 884
363 2291
363 1026
364 1360
364 1379
365 844
365 949
366 1130
366 2173
366 2195
367 1615
368 2347
368 1421
368 2170
369 2996
369 1311
369 1856
370 1135
370 2749
370 877
371 2761
371 2366
371 2622
372 1853
372 1241
373 2833
373 2452
373 1901
374 2671
374 410
374 750
375 2798
376 2828
377 2528
377 2876
377 2887
378 902
378 1201
378 2085
379 391
379 2887
380 2351
380 600
380 1971
381 1608
381 2471
382 978
382 1392
383 1785
383 1204
383 412
384 916
384 2498
385 2360
385 2654
386 1177
386 1579
386 460
387 2454
387 2511
387 872
388 2011
388 625
388 1356
389 1289
389 1400
389 1415
390 1757
391 1142
391 494
392 511
392 2157
393 1174
393 2113
393 2499
394 760
394 1945
394 2138
395 2970
395 2225
395 791
396 576
396 1025
397 1563
397 2672
398 2589
399 673
399 1975
400 1586
400 2001
400 2884
401 2001
401 1172
401 2264
402 445
402 2620
402 1771
403 2025
403 1736
404 1069
404 2590
405 1921
405 820
405 1044
406 1433
406 1227
406 1461
407 1425
407 2773
407 2720
408 1875
408 2718
408 1872
409 1066
409 617
409 1971
410 1952
410 450
411 1013
411 2499
412 1276
412 1541
413 1723
413 2284
413 1789
414 2144
414 1607
414 1826
415 1813
415 2740
415 1623
416 1940
416 2329
416 823
417 2380
417 2579
417 2913
418 1099
418 2337
418 534
419 1783
419 1445
419 1844
420 2414
420 1689
420 735
421 1016
421 2971
421 1430
422 2070
422 1941
422 1133
423 891
423 1916
424 541
424 1572
424 514
425 2384
425 2461
426 2184
426 2304
427 2580
427 2199
427 1521
428 624
428 1557
429 2839
429 1278
429 728
430 1054
430 2258
430 2142
431 2246
431 2149
431 1753
432 2959
432 2178
432 1820
433 2280
433 2894
433 679
434 2433
434 2073
434 2758
435 2641
435 1189
435 1879
436 2764
436 1797
436 2546
437 2205
437 2980
437 2971
438 1964
438 2973
438 2532
439 738
439 2667
440 1731
440 1770
440 1840
441 2269
441 2041
441 898
442 1065
442 2192
443 1230
443 2630
443 2190
444 1428
444 876
444 470
445 751
446 2620
446 1420
446 1544
447 449
447 737
447 929
448 953
448 1338
448 1202
449 729
450 2799
450 2637
451 2874
451 2490
452 1762
452 1931
452 995
453 1211
453 1599
453 1672
454 735
454 2069
455 1696
455 1040
456 2579
456 629
456 1204
457 1896
457 1100
457 1609
458 2542
458 659
459 2687
459 2775
459 2646
460 1783
460 1675
461 2386
461 1489
462 2096
462 1780
462 870
463 1528
463 949
464 2576
464 1095
464 905
465 2852
465 1254
466 2493
466 1062
466 1218
467 1416
467 914
467 2441
468 1247
468 1550
469 2107
469 1029
469 1208
470 2775
470 1288
471 707
471 795
472 1765
472 2266
472 1219
473 1678
473 686
473 1808
474 831
474 2079
474 1653
475 1453
475 1286
475 1775
476 1788
476 2893
477 2203
477 1012
478 999
478 2896
478 1345
479 2881
479 1684
480 2589
480 1841
480 907
481 996
481 1825
481 1829
482 922
482 2931
482 2600
483 2422
483 670
483 706
484 2562
484 1288
484 2207
485 2270
485 2924
485 2915
486 2666
486 696
486 2230
487 2746
487 1280
487 583
488 1994
488 2123
488 1847
489 2611
489 2539
489 1589
490 1724
490 2245
490 2778
491 1105
491 1618
491 515
492 1316
492 2508
492 2467
493 1205
493 2574
494 1482
494 1805
495 2975
495 2900
495 1093
496 906
496 2982
496 837
497 1156
497 791
497 1148
498 1062
498 1238
498 691
499 1458
500 1353
500 1189
500 505
501 1519
501 2147
501 892
502 1555
502 1546
502 1349
503 1033
503 902
503 2782
504 740
504 2411
504 889
505 2684
506 830
506 1614
507 2800
507 2494
507 935
508 1356
508 1326
509 799
509 1497
510 1953
510 2078
510 1190
511 1566
511 1512
512 2035
512 2985
512 2379
513 2256
513 2919
513 2528
514 1186
514 2076
515 822
515 2139
516 1023
516 991
516 1325
517 1187
517 2336
518 2282
518 1413
518 2402
519 650
519 2549
519 1534
520 1666
520 1417
520 2125
521 1037
521 918
521 2311
522 2615
522 687
522 2583
523 1258
523 1635
523 2795
524 1776
525 1564
525 1796
526 1711
526 1405
526 1528
527 2979
527 631
528 2319
528 899
528 2567
529 2296
529 2984
529 903
530 1365
530 2120
530 1505
531 1340
531 740
531 861
532 2743
532 543
532 1271
533 2786
533 2240
533 1268
534 1587
534 1726
535 2449
535 1018
535 1552
536 1390
536 1974
536 2473
537 1384
537 1981
537 2843
538 1095
538 2067
539 2276
539 924
539 2878
540 2941
540 1542
541 1312
541 2972
542 1969
542 1860
542 1345
543 616
543 2039
544 1592
544 1738
544 817
545 2669
546 1437
546 715
546 2722
547 866
547 1520
547 2198
548 898
548 2599
548 1864
549 2324
549 2362
549 853
550 1773
550 1976
551 1586
551 1478
552 2355
552 2260
552 1547
553 1322
553 2495
553 1032
554 2394
554 1305
554 1565
555 2490
555 1344
556 2131
556 2488
556 2183
557 2990
557 2002
558 2089
558 2828
558 2867
559 2029
559 2020
560 1756
560 2523
560 2096
561 2664
561 1267
561 2821
562 2978
562 962
562 1818
563 2899
563 2128
563 1403
564 2443
564 937
565 828
565 1690
565 1604
566 2741
566 1287
566 2871
567 2708
567 2826
567 2924
568 961
568 2012
568 2700
569 1043
569 1749
569 917
570 1346
570 2519
570 2909
571 2050
571 747
572 2877
572 1754
573 927
573 1263
573 2756
574 2150
574 2618
575 1910
575 2188
576 773
576 881
577 2202
577 1468
577 809
578 1111
578 2566
578 2866
579 2872
579 1101
579 684
580 2633
580 1591
580 1414
581 2200
581 2875
582 1137
582 2749
582 1683
583 1329
584 2943
584 2649
584 2626
585 1774
585 2216
585 2145
586 2069
586 1436
586 1484
587 2230
587 2168
588 1461
588 1140
589 617
590 802
590 925
591 663
591 2052
591 1957
592 697
592 2142
592 1546
593 2449
593 1937
593 1511
594 864
595 826
595 2535
596 2028
596 1128
597 2731
597 2725
597 2649
598 2151
598 1800
598 1246
599 2813
599 849
600 1605
600 766
601 2180
602 2372
602 2892
602 1524
603 2648
603 2395
604 2739
605 2766
605 2624
605 870
606 720
606 910
606 1599
607 2972
607 2962
607 2832
608 987
608 1238
608 2095
609 2827
609 2869
609 863
610 792
610 641
611 1217
611 2708
611 2445
612 2545
612 1171
612 2139
613 1522
613 1995
614 1452
614 780
615 852
615 1373
616 2419
617 908
618 2756
618 2314
618 2365
619 976
619 2813
619 2353
620 2460
620 2897
621 2537
621 2642
621 1982
622 1415
622 2093
622 1907
623 686
623 843
623 678
624 1225
624 1040
625 2606
625 2277
626 1414
626 1519
626 2261
627 725
627 1983
627 1988
628 1870
628 849
628 2878
629 1564
629 2553
630 999
630 1167
630 749
631 2341
631 1479
632 2742
632 2529
632 1449
633 1729
633 761
634 1133
634 705
635 2502
635 1280
635 2676
636 2060
636 2899
636 1780
637 2745
637 2572
637 1348
638 1588
638 2564
638 2873
639 1506
639 1836
639 2106
640 776
640 2985
641 2872
641 2140
642 2307
642 1814
642 2895
643 1932
643 2565
643 2699
644 1933
644 646
644 2734
645 1967
645 1206
645 1653
646 1392
646 1789
647 2491
647 1478
647 2640
648 1840
648 2371
648 2901
649 2797
649 1028
649 2099
650 726
650 2482
651 2207
651 973
652 2012
652 2077
652 2763
653 2297
653 2440
653 2919
654 1268
654 777
655 791
655 1136
656 1768
656 1360
656 2573
657 2721
657 2698
657 2449
658 2627
658 2447
658 1844
659 1886
659 1395
660 2586
660 2359
660 2912
661 2981
661 1636
661 2807
662 2099
662 1957
662 2801
663 2842
663 2430
664 823
664 714
664 1329
665 2392
665 1181
665 1658
666 689
666 2657
666 2427
667 1503
667 2297
668 2427
668 864
668 2431
669 1311
669 2127
669 2437
670 1263
670 1746
671 1167
671 2082
671 2584
672 945
672 2768
673 1297
673 2876
674 2231
674 2091
674 2967
675 2013
676 742
676 2994
677 1475
677 803
677 2349
678 1800
678 2863
679 1622
679 2868
680 2916
680 959
680 2725
681 1707
681 1183
681 1712
682 1819
682 2967
683 1159
683 2518
684 2513
684 1791
685 1992
685 1213
685 886
686 2257
688 1717
688 884
688 891
689 1248
689 1512
690 1545
690 853
691 874
691 2977
692 955
692 2202
692 1420
693 1214
694 2027
694 1578
695 775
695 1332
695 2853
696 2290
696 2660
697 2937
697 797
698 879
698 2167
698 933
699 1383
699 2750
699 1225
700 2081
700 748
700 1918
701 2306
701 1244
702 920
702 2705
703 1589
703 2782
703 2032
704 1235
704 2892
704 2334
705 2805
705 1052
706 1728
706 1687
707 1632
708 1624
708 1697
708 2064
709 1451
710 1662
710 1109
711 1180
711 871
712 1419
712 937
712 2492
713 2046
713 2247
713 2513
714 1913
714 1910
715 1400
715 1359
716 2279
716 2752
716 2370
717 2239
717 2286
718 1857
718 1473
719 2944
719 1613
720 2950
721 2010
721 1460
721 2487
722 2455
722 2381
723 2365
723 891
724 2626
724 2188
724 1561
725 1419
725 950
726 2396
726 2996
727 2465
727 1466
727 796
728 1997
729 1943
729 2364
730 2633
730 2220
730 1238
731 1037
732 2354
732 2832
733 1529
733 1269
734 1962
734 1163
734 2301
735 2456
736 2560
736 1778
736 2908
737 2612
737 2101
738 2044
738 1674
739 1635
739 1110
739 1621
740 1369
741 2376
741 864
742 1793
742 1215
743 2215
743 2568
743 981
744 1973
744 2567
744 960
745 2395
745 2722
746 2299
746 2263
746 2815
747 2480
747 2875
748 2346
748 883
749 2729
749 1687
750 1215
750 2343
751 1998
751 2550
752 804
752 1755
752 2532
753 1810
753 1070
754 1545
754 1255
755 1723
755 1610
755 2513
756 2458
756 2288
756 2613
757 1729
757 2106
757 1643
758 969
758 1092
759 1516
759 2921
759 2030
760 2101
760 962
761 2572
761 1009
762 1983
762 2657
762 2407
763 1054
763 1050
763 2109
764 2341
764 2704
765 1055
765 2152
766 995
766 1292
767 1397
767 1543
767 1408
768 1928
768 1068
769 1594
769 2598
769 2719
770 1822
770 2916
770 2100
771 2223
771 2862
772 2242
772 1196
772 1145
773 909
773 812
774 2742
775 2288
776 1056
776 1160
777 2333
777 1750
778 1559
778 1606
778 1390
779 1999
780 2142
781 2675
782 2376
782 1597
782 2065
783 1828
783 2504
783 2593
784 1337
784 2552
784 1638
785 1126
785 1600
786 2426
786 1938
787 2946
787 2541
788 2470
788 2195
789 961
789 1308
789 2325
790 1456
790 1036
790 1914
792 2699
792 2358
793 1946
793 2223
793 2139
794 2573
794 2496
794 2693
795 1439
795 1300
796 2918
796 2285
797 2242
797 2729
798 2791
798 1203
799 2200
799 1017
800 2154
800 1098
800 1928
801 1050
801 1690
801 2717
802 1835
803 2865
804 1348
804 1657
805 2738
805 1172
805 1484
806 928
806 2565
806 1807
807 2021
807 1438
807 2355
808 1632
808 814
808 2714
809 1508
809 2780
810 2014
810 1170
810 994
811 2956
811 1540
812 1451
813 1043
813 1288
813 1262
815 2965
815 1730
816 2530
816 2037
817 2468
817 1873
818 1827
818 2722
820 2059
821 2445
821 894
822 2053
822 1794
823 921
824 2640
824 2531
824 1644
825 2849
825 1473
825 2281
826 1302
826 1935
827 943
827 2544
827 1270
828 2117
828 2338
829 2154
829 2786
829 1977
830 1779
830 1179
831 2841
831 2937
832 2989
832 1258
832 1623
833 2172
833 2893
834 1123
834 2207
834 1920
835 2885
835 1090
835 2096
836 2287
836 1923
836 900
837 1535
838 2978
838 2836
838 2116
839 1951
839 2634
840 2423
840 1854
841 1055
841 1002
842 2341
842 1704
842 970
843 1658
844 2391
844 1432
845 1404
845 2067
846 2940
846 2703
846 1096
847 2003
847 2318
847 986
848 1410
848 1521
850 1727
850 2630
851 2844
851 1493
851 1934
852 2427
852 1000
854 2077
854 2826
854 1488
855 1348
855 2278
855 1312
856 1309
856 1903
857 2984
857 2312
857 2692
858 1551
858 1692
859 1427
859 2677
859 2385
860 979
860 1697
860 2130
861 2524
861 1953
862 1109
862 1474
862 1282
863 1725
863 956
865 2533
865 993
865 2202
866 2936
867 1067
867 2152
867 1593
868 2854
868 1813
869 2403
869 2320
870 2020
871 2672
871 2841
872 1108
872 2874
873 2181
873 2656
873 1588
874 1336
874 1670
875 2859
875 1031
875 2435
876 1061
876 1303
877 1494
877 2428
878 2403
878 2194
878 1546
879 2518
879 2254
880 1972
880 1818
880 1731
881 1190
881 1074
882 1937
882 1023
882 1801
883 2902
883 944
884 2021
885 1319
885 2752
886 2120
886 2100
887 1412
887 2009
887 2299
888 1974
889 2123
889 1573
890 1968
890 1927
890 2171
893 2276
893 2368
893 2043
894 1626
894 2812
895 2162
895 1576
895 1724
896 2003
896 1145
896 1961
897 1884
897 2249
897 1876
899 2978
899 2761
900 2878
900 1804
901 2534
901 2064
901 1221
902 2663
903 1193
903 2510
904 2086
904 1507
904 1552
905 2379
906 2317
906 2820
907 2505
907 936
908 2858
908 1169
909 2091
910 1652
910 2638
911 1513
911 2452
911 1617
912 941
912 2357
912 2031
913 1671
913 1520
913 1467
914 1643
914 2614
915 1142
916 1577
916 1842
917 1444
917 2508
918 2251
918 1218
919 1655
919 1275
919 2446
920 2966
920 1047
921 1334
921 2911
922 2097
922 1340
923 1443
923 1102
924 2796
924 2421
925 1711
925 2081
926 2113
926 1479
926 2661
928 2887
928 1624
929 2174
930 2405
931 1815
931 2057
931 2112
932 2339
933 1457
933 1118
934 1046
934 1933
934 2551
935 2517
935 2893
936 2371
936 2020
938 2133
938 2214
938 1378
939 2440
939 1936
939 2608
940 1557
940 984
940 1493
941 1932
942 2366
942 1253
942 2318
943 1970
944 2104
944 2969
945 1515
946 1535
946 1814
946 2378
947 1029
947 2670
947 2673
948 1928
948 2415
948 1835
949 2613
950 1298
950 1870
951 2346
951 2119
952 2857
952 2397
953 2792
953 1637
954 1203
954 2939
954 1727
955 1069
955 1500
956 1217
956 2388
957 1834
958 2591
958 1017
958 1374
959 2034
959 2765
960 2610
960 2789
961 2808
962 2061
963 2918
963 1766
963 2603
964 1594
964 2175
965 989
965 2506
966 1665
966 1680
967 2095
967 2361
967 2442
968 1675
968 2770
969 2682
969 1845
970 2681
971 1898
971 2109
971 993
972 1107
972 2903
973 1217
974 1658
974 2475
974 1465
975 2291
975 1987
975 2229
976 2040
977 2804
977 2629
979 1307
979 1423
980 1164
980 2443
980 2675
981 2144
981 2474
982 1181
982 2929
983 1850
984 2042
985 2926
985 1385
986 1072
986 2245
987 1926
987 2753
988 2177
988 1459
988 1715
989 1834
990 2383
990 2500
991 1665
992 2004
992 1434
993 1861
995 1943
996 1110
997 2502
997 2425
997 1153
998 1022
999 1457
1000 1481
1000 2080
1001 1075
1001 2223
1001 1144
1002 2711
1003 2632
1003 1185
1004 2276
1004 2336
1004 2193
1005 2357
1005 2048
1006 2888
1006 1526
1007 1859
1007 2349
1008 2526
1008 2098
1008 1129
1009 1223
1009 1134
1010 1106
1010 1154
1010 1575
1011 2023
1011 1809
1011 1946
1012 2885
1012 2440
1013 1114
1013 2001
1014 2213
1014 2372
1014 2353
1015 2457
1015 1364
1015 1064
1016 1322
1016 1060
1017 1516
1018 2935
1018 1956
1019 1335
1019 2682
1019 2540
1020 2945
1020 1915
1021 1812
1021 1112
1023 1989
1024 2061
1024 1243
1024 1664
1025 2066
1026 1957
1026 1908
1027 2778
1027 1437
1028 2135
1028 1251
1029 2846
1030 1060
1030 2649
1030 2740
1031 1976
1031 2010
1032 2054
1032 1140
1033 2431
1034 2319
1034 2199
1035 1084
1035 2816
1035 1585
1036 2196
1036 1049
1037 1412
1038 2253
1038 1317
1038 2348
1039 1222
1039 2955
1039 1587
1041 1733
1041 1067
1042 1968
1042 1060
1043 2995
1044 2857
1044 2156
1045 1255
1045 2665
1046 2869
1046 1743
1047 2391
1047 1072
1048 1568
1048 2253
1048 1250
1049 1948
1050 2405
1051 2442
1051 2026
1051 2601
1052 1873
1052 2505
1053 1141
1053 2963
1053 2998
1054 1958
1056 2214
1056 2384
1057 1569
1057 1083
1057 1953
1058 1683
1058 1904
1059 1856
1059 2854
1061 1905
1061 2585
1062 2621
1063 1180
1063 2547
1064 2713
1065 1279
1066 2158
1066 2941
1067 1448
1068 1620
1069 1769
1070 2190
1070 1344
1071 2570
1071 1159
1071 2059
1072 1462
1073 1585
1073 2192
1074 2929
1075 1684
1075 1265
1076 2414
1076 2713
1077 2931
1077 2458
1077 1537
1078 2211
1078 1164
1078 1429
1079 2922
1079 1284
1080 1469
1080 1337
1080 1152
1081 2032
1081 1347
1082 2675
1082 1981
1082 2018
1083 2470
1083 1579
1084 2746
1084 1688
1085 2149
1085 2056
1086 2592
1087 1170
1087 2749
1087 2268
1088 2155
1088 1154
1089 1807
1089 2294
1089 2054
1090 1668
1090 2610
1091 2497
1091 1634
1091 2537
1092 2090
1092 1298
1093 1377
1093 2237
1094 1913
1094 2963
1094 2292
1095 2989
1096 2726
1096 2683
1097 2401
1098 1954
1098 2896
1099 1966
1099 1304
1100 1673
1100 2465
1101 2875
1101 2974
1102 1443
1102 1144
1103 2873
1103 2368
1103 2072
1104 2867
1104 1267
1104 2412
1105 2745
1105 1870
1106 1398
1106 2235
1107 2065
1107 2879
1108 1453
1109 1518
1111 2986
1111 2890
1112 1805
1112 1558
1113 1389
1113 2758
1114 1901
1114 1704
1115 1488
1115 1250
1115 1651
1116 1701
1116 2374
1116 2904
1117 1510
1117 1911
1117 2921
1118 2243
1119 1123
1119 2172
1119 1701
1120 1155
1120 2138
1120 2766
1121 1268
1121 2161
1121 2710
1122 2575
1122 1590
1123 2057
1124 1730
1124 1686
1125 1337
1125 1593
1125 2962
1126 1984
1126 1499
1127 2736
1127 2473
1127 1592
1128 2943
1128 2504
1129 1882
1129 2389
1130 1700
1130 2165
1131 1597
1131 1295
1131 2561
1132 1235
1132 2265
1133 2054
1134 2926
1134 2862
1135 1741
1136 2530
1136 1847
1138 2934
1138 2652
1138 2586
1139 2186
1140 1950
1141 1981
1142 1720
1143 2224
1143 2072
1144 1425
1145 1813
1146 2174
1146 2668
1146 1758
1147 2222
1147 2459
1147 1494
1148 2789
1148 2287
1149 2960
1149 1733
1149 1703
1150 1604
1150 1269
1150 2626
1151 1527
1151 1373
1151 1273
1152 2580
1152 1989
1153 2585
1153 2148
1155 2030
1156 2056
1157 1619
1157 1641
1157 1301
1158 1988
1158 2037
1158 2363
1159 2257
1160 2083
1160 2076
1161 2127
1161 1334
1161 1986
1162 2061
1162 2221
1162 2606
1163 2592
1163 2432
1165 2879
1165 2704
1166 2542
1166 1216
1166 2177
1167 2988
1168 2206
1168 1689
1168 2853
1169 2604
1170 1889
1171 1500
1171 2850
1172 2327
1173 1712
1173 1261
1173 2524
1174 2424
1174 2943
1175 2469
1175 1544
1175 1942
1176 2430
1176 2707
1176 2236
1177 1291
1178 2104
1178 2053
1178 2206
1179 1575
1179 1979
1181 1968
1182 2016
1182 1881
1183 1374
1183 2738
1184 1262
1184 2818
1184 1499
1185 2041
1185 1966
1186 2035
1186 2160
1187 1851
1188 1354
1188 2714
1188 1381
1189 1667
1190 2682
1191 2543
1191 2326
1192 2040
1192 1215
1193 2456
1193 2882
1194 2711
1194 1860
1195 1431
1195 2462
1196 1589
1196 1537
1197 2609
1197 2111
1197 1766
1198 1886
1198 2658
1198 2375
1199 2647
1199 2660
1199 2522
1200 1877
1200 2882
1201 2999
1201 1602
1203 1232
1204 1454
1205 1516
1205 2601
1206 2102
1207 2998
1207 2437
1207 2007
1208 2537
1209 1900
1209 1688
1210 2444
1210 2135
1210 2145
1211 2789
1211 2733
1212 2174
1212 2564
1212 2289
1213 1342
1213 1951
1214 2785
1214 2511
1216 1705
1216 2815
1218 1629
1219 2652
1220 1833
1220 1629
1221 2914
1221 1230
1222 2776
1223 1248
1223 1239
1224 1246
1224 1811
1224 2210
1225 2463
1226 2115
1226 1698
1226 1550
1227 2448
1227 2915
1228 2340
1228 2847
1228 2516
1229 1705
1229 1294
1231 1939
1232 1401
1232 2654
1233 2228
1233 2568
1233 1447
1234 2910
1234 1474
1234 2171
1235 2507
1236 2685
1236 2268
1236 1263
1237 1902
1239 2623
1239 2393
1240 2123
1240 2281
1241 1351
1241 1982
1242 1507
1242 2582
1242 2306
1243 1402
1243 1814
1244 1496
1244 2957
1245 2347
1245 2583
1245 1749
1246 2262
1247 2251
1248 1848
1249 1885
1249 2045
1249 1406
1250 2625
1251 1578
1251 2814
1252 1526
1252 2278
1252 1487
1253 2771
1253 2930
1254 2171
1254 2322
1255 1865
1256 1374
1256 2743
1256 2471
1257 2162
1257 2250
1257 2796
1259 1584
1259 2049
1260 1920
1260 1644
1261 2259
1261 2448
1264 1505
1264 2927
1265 1975
1265 2554
1266 2217
1266 2683
1266 1992
1270 1324
1270 1954
1271 1444
1272 1580
1273 2098
1273 2709
1274 2666
1274 1455
1274 1611
1275 2010
1275 1843
1276 1641
1277 2988
1277 1990
1277 1515
1278 1362
1278 2744
1279 2348
1280 1360
1281 2624
1281 2342
1281 1936
1282 2915
1282 1738
1283 1875
1283 1793
1284 2209
1284 2562
1285 1331
1285 1336
1285 1398
1286 2767
1286 2161
1287 1845
1289 1887
1289 2992
1290 1948
1290 1822
1291 1600
1291 1834
1292 2016
1293 2873
1293 2830
1293 2837
1294 1384
1294 1525
1295 2408
1295 1869
1296 2103
1296 1799
1296 2176
1298 2267
1299 2072
1299 2475
1299 2036
1300 1708
1300 2709
1301 2834
1301 2748
1302 2870
1302 2601
1303 1619
1303 2580
1304 2403
1305 2025
1306 1616
1306 2030
1307 2483
1308 2970
1308 2536
1309 2547
1309 2668
1310 1763
1310 2811
1311 1582
1312 1752
1313 2645
1313 1912
1314 2425
1314 2670
1315 2555
1315 2768
1315 2704
1316 2270
1316 2185
1317 2351
1317 2006
1318 2313
1318 2021
1318 2024
1319 2328
1319 2696
1320 2084
1320 1442
1321 2783
1321 1977
1321 2082
1323 1983
1323 1961
1323 2330
1324 2212
1325 2987
1325 1710
1326 1628
1327 1927
1327 2335
1328 1491
1329 1681
1330 1530
1330 2094
1330 2650
1331 1640
1332 1646
1332 2277
1333 2582
1333 1645
1333 2221
1334 2608
1335 2472
1335 2527
1336 2958
1338 1643
1339 2066
1339 1562
1340 2244
1341 1661
1341 2006
1342 2691
1342 2019
1343 2194
1344 1596
1346 2234
1346 2660
1347 1797
1347 1659
1349 1849
1349 1388
1350 2234
1351 2121
1351 1487
1352 2160
1352 1409
1352 1795
1353 2868
1353 2533
1354 1747
1354 2433
1355 2614
1355 2702
1355 1397
1356 2678
1357 2058
1357 2717
1358 1539
1358 1709
1359 2647
1359 1612
1361 2782
1361 1428
1362 1950
1362 2317
1363 2762
1363 2696
1363 2973
1364 2164
1364 1879
1365 2251
1365 2002
1366 1831
1366 1916
1366 1722
1367 2406
1367 1812
1367 2189
1368 1426
1368 2695
1368 2557
1369 1639
1369 2566
1370 2861
1370 2381
1371 2374
1371 1945
1371 2268
1372 2793
1372 2410
1372 1687
1373 2909
1375 2607
1375 2631
1375 2570
1376 2356
1376 2825
1377 2591
1377 2900
1378 2793
1378 2529
1379 1947
1379 2319
1380 2842
1381 2784
1381 1994
1382 1793
1383 2442
1383 2180
1384 1925
1385 2955
1386 2380
1386 1707
1386 2747
1387 2905
1387 2113
1387 2694
1388 2398
1388 2026
1389 2558
1390 2845
1391 2354
1391 1996
1391 2780
1392 1530
1393 2958
1394 2637
1394 2661
1394 2985
1395 2485
1395 2628
1397 1620
1398 1728
1399 2693
1399 2523
1401 2527
1402 2928
1402 1821
1403 2552
1403 2205
1405 1751
1406 2990
1407 2114
1407 2426
1408 1812
1408 2185
1409 1695
1409 2987
1410 1747
1410 2942
1411 2032
1411 2760
1411 1605
1412 2031
1413 1866
1413 2950
1414 1585
1415 2982
1416 2307
1416 2102
1417 2338
1417 2328
1418 2737
1418 1529
1419 2217
1420 2924
1421 2596
1422 2411
1422 1926
1422 2029
1423 2535
1424 2663
1424 1910
1425 1440
1426 2233
1427 1784
1427 2991
1428 1432
1429 2479
1429 2635
1430 2533
1430 1560
1431 2243
1432 2377
1433 2175
1433 1571
1434 2387
1434 1939
1435 2571
1435 1933
1435 2952
1436 2196
1436 1846
1438 2514
1438 1832
1439 2999
1439 2197
1440 1652
1441 2382
1441 1973
1441 1897
1442 2774
1442 1777
1443 1631
1444 2977
1445 1734
1446 1483
1446 1876
1447 1688
1448 1896
1448 1786
1449 2920
1450 2337
1450 1532
1452 2351
1452 1563
1453 2143
1454 2851
1454 2868
1455 2724
1455 1970
1456 2178
1456 2228
1458 2656
1458 1722
1459 2073
1460 2308
1462 1915
1462 1872
1463 2290
1463 1894
1463 2236
1464 2538
1464 2759
1464 1891
1465 2768
1465 2447
1466 1489
1467 1758
1468 2125
1468 2338
1469 1855
1470 2409
1470 2352
1470 1877
1471 2521
1471 1773
1472 1788
1472 2446
1472 2226
1473 2772
1475 1654
1476 2655
1476 1819
1477 2436
1477 2991
1477 2218
1478 2824
1480 2402
1481 1554
1481 1669
1482 2252
1482 2292
1483 1735
1483 2735
1484 2389
1485 2079
1485 2928
1485 2402
1486 2317
1486 2286
1486 2563
1487 2240
1488 1987
1489 2721
1490 2203
1490 2170
1491 2865
1491 1810
1492 1808
1492 1618
1492 1620
1493 2062
1495 2797
1495 2895
1495 1691
1496 1951
1496 2084
1497 2377
1498 2136
1498 2235
1501 1502
1501 1761
1501 2864
1502 2606
1502 2190
1503 2137
1503 2695
1504 2467
1504 2951
1504 1907
1505 2363
1506 1782
1506 2357
1508 2588
1509 1893
1509 1791
1509 2674
1510 2730
1511 1684
1511 1519
1512 1577
1513 2503
1513 2083
1514 2556
1514 2834
1514 2559
1515 1964
1517 2932
1517 2560
1518 1923
1518 1595
1521 1967
1522 2823
1522 1570
1523 1827
1523 2926
1524 2582
1524 2602
1525 1699
1526 1660
1527 2488
1529 1964
1530 1533
1531 2886
1531 1801
1531 2131
1532 2415
1533 2525
1534 2607
1534 2874
1536 2033
1536 2917
1536 1984
1537 1861
1538 2838
1538 2365
1538 1695
1539 2201
1539 2605
1540 2793
1541 2725
1541 2250
1542 2851
1543 1947
1543 2218
1544 2912
1547 2928
1547 2067
1548 2963
1548 2478
1548 1820
1549 2273
1549 2627
1549 2249
1550 2158
1551 2081
1551 1754
1552 2968
1553 2246
1553 2305
1554 2728
1554 2263
1555 2375
1555 2579
1556 2750
1556 2366
1556 2615
1557 2060
1558 1698
1558 2008
1559 2169
1560 1583
1561 2071
1562 1627
1562 1621
1563 2099
1564 2658
1565 2500
1565 2535
1566 1767
1566 1803
1567 1829
1568 2824
1569 2471
1569 2412
1570 2364
1571 2732
1571 2327
1572 1695
1573 1717
1574 1883
1574 2492
1574 2769
1575 1679
1576 2039
1576 1735
1577 2922
1578 2502
1579 2022
1580 2590
1581 2058
1581 2044
1582 1865
1583 2794
1583 2565
1584 1595
1586 1755
1587 2552
1588 2399
1590 2902
1591 1601
1593 1601
1594 2495
1595 2866
1596 1963
1596 1667
1598 1645
1598 1932
1598 2566
1599 2135
1600 1718
1601 2450
1602 2798
1602 1949
1603 1935
1603 1912
1603 2298
1604 2238
1605 2460
1606 2014
1606 2226
1607 1985
1607 2733
1608 2019
1610 2233
1611 2372
1612 2011
1612 2378
1614 2619
1614 1628
1615 2799
1616 1742
1616 1962
1617 2860
1618 2140
1619 2645
1622 2898
1623 2184
1625 2503
1625 1723
1625 2550
1626 2669
1626 1746
1627 1837
1628 2528
1629 1749
1630 1728
1630 2349
1631 2938
1631 2852
1632 2056
1633 2773
1634 2151
1636 2620
1637 1745
1637 2459
1638 2258
1638 2494
1639 2684
1639 2485
1640 2486
1640 1949
1641 2241
1642 1922
1642 2628
1642 2796
1644 2150
1645 1938
1646 2438
1646 1782
1647 2406
1647 2559
1648 2439
1648 2454
1649 2518
1649 2643
1650 1670
1650 1656
1650 1921
1651 2983
1651 2897
1652 2005
1653 2232
1654 2410
1655 2637
1656 1909
1657 2215
1657 1660
1660 2964
1662 2667
1663 1975
1663 1955
1663 2742
1664 2762
1664 2359
1666 2835
1667 1876
1668 1858
1668 1995
1669 1885
1669 2679
1670 2827
1671 2482
1672 2825
1672 1742
1673 1713
1673 1864
1674 2664
1674 2130
1675 2243
1676 2260
1676 2297
1677 2008
1678 2446
1678 2041
1679 2906
1679 2410
1680 1954
1680 2078
1681 2534
1681 2974
1682 1855
1682 2643
1682 1708
1683 2965
1685 2034
1685 1883
1686 1930
1686 2428
1689 2795
1690 2516
1691 1858
1692 1917
1692 2659
1693 2092
1693 2611
1694 2451
1694 2662
1696 2807
1696 2587
1697 1815
1698 1844
1699 2105
1700 2115
1700 2124
1701 1993
1702 2344
1702 2712
1702 1955
1703 2179
1704 2584
1705 2960
1706 2577
1706 2283
1706 1995
1707 1827
1708 2271
1709 2659
1709 1816
1710 2553
1711 2680
1712 2397
1713 2794
1713 2421
1714 2430
1714 2808
1715 2417
1715 2181
1716 2636
1716 2177
1717 2019
1718 2228
1719 1982
1719 2876
1719 2933
1720 1857
1720 2898
1721 2329
1722 2622
1724 2451
1725 1936
1725 2329
1726 2688
1726 2283
1727 2755
1732 2275
1732 2540
1733 2997
1734 1897
1735 2352
1736 2302
1737 2732
1737 2350
1738 2094
1739 2289
1739 2266
1740 2765
1740 2342
1741 2479
1742 2126
1743 2809
1743 2493
1744 1974
1745 2052
1745 2012
1747 2619
1748 2514
1748 2564
1748 2577
1750 2692
1750 2723
1751 1785
1751 2105
1752 2169
1752 2479
1753 2191
1754 2711
1755 2076
1756 2452
1756 2658
1758 2936
1759 2124
1759 2424
1760 2797
1760 2260
1760 2718
1761 1837
1762 2145
1763 2470
1763 1848
1764 2734
1764 2617
1764 2677
1765 1889
1765 1881
1766 1930
1767 2853
1767 2744
1768 2578
1769 1986
1770 2035
1770 1952
1771 1871
1771 2295
1772 2343
1772 2691
1772 2739
1773 1799
1774 2282
1774 2397
1775 1863
1775 2748
1776 2896
1777 2163
1777 2213
1778 2285
1778 2939
1779 2949
1780 1990
1781 1786
1781 2780
1781 2917
1782 2312
1783 1846
1784 2866
1784 2484
1785 2908
1786 2025
1787 1802
1787 2248
1787 2086
1788 2833
1789 1909
1790 2517
1790 2036
1792 2287
1794 2053
1794 2554
1795 2071
1795 2919
1796 2484
1796 2886
1797 2384
1798 2553
1798 2678
1799 2406
1800 1899
1801 2527
1802 1960
1802 2834
1804 2575
1805 2783
1806 2520
1806 2247
1806 2489
1807 2213
1808 2741
1809 1914
1809 2557
1810 2267
1811 2757
1815 2980
1816 2625
1817 2839
1817 2547
1817 2668
1819 2420
1820 2140
1821 2137
1821 2187
1824 2912
1824 1865
1825 2838
1825 1846
1826 2773
1826 2334
1828 1923
1828 2498
1829 2842
1830 2848
1830 2754
1831 2591
1831 2194
1832 2016
1833 1884
1833 2691
1835 2976
1836 1895
1836 2051
1837 2183
1838 2578
1838 2881
1838 2817
1839 2595
1839 2188
1839 2819
1840 2734
1841 2709
1841 2335
1842 2082
1842 2063
1843 2164
1845 2404
1847 2271
1849 1941
1850 2549
1851 2461
1851 2261
1852 2539
1852 1905
1852 2555
1853 1946
1853 2752
1854 2146
1854 2414
1855 2762
1859 2083
1859 2112
1860 2662
1861 2509
1862 2302
1862 2130
1862 2748
1863 2685
1863 2541
1864 1985
1866 2800
1867 2108
1867 2078
1867 2301
1868 1878
1868 1969
1868 2284
1869 2905
1869 2957
1871 2904
1871 2211
1873 1959
1874 2496
1874 2849
1875 2143
1878 2678
1878 2162
1879 2208
1880 2175
1880 2469
1881 1917
1882 2979
1883 2092
1884 2029
1885 2265
1887 2959
1888 2816
1888 2324
1888 2999
1889 2273
1890 2313
1890 2481
1890 2198
1891 2536
1891 2815
1892 2420
1892 2367
1893 2293
1893 2532
1894 2848
1894 2184
1895 1978
1895 2653
1897 2420
1898 2088
1898 1960
1899 2315
1899 2836
1900 2432
1900 2693
1901 2849
1902 2023
1902 2466
1903 1909
1904 2938
1905 2870
1906 2665
1906 2492
1907 2946
1908 2418
1908 2137
1911 2581
1911 2199
1913 2808
1914 2823
1915 2314
1916 2544
1917 2809
1918 2369
1918 2294
1919 2911
1919 2358
1921 2321
1922 2863
1922 2418
1924 2917
1924 2510
1925 2489
1925 2051
1926 2646
1927 2400
1929 2063
1929 2208
1929 2938
1930 1999
1931 2631
1931 2411
1935 2124
1937 2728
1939 2679
1940 2093
1941 2098
1942 2237
1942 2396
1943 2850
1944 2648
1944 2252
1947 2781
1948 2398
1950 2444
1952 2816
1955 2829
1956 2548
1956 2065
1958 2969
1958 2840
1959 2309
1959 2314
1960 2636
1961 2855
1962 2844
1963 2119
1963 2774
1965 2683
1965 2412
1965 2956
1966 2191
1967 2923
1970 2865
1972 2600
1972 2560
1973 2038
1976 2322
1977 2036
1979 2468
1979 2968
1980 2639
1980 2663
1984 2694
1986 2967
1987 2055
1988 2469
1989 2296
1991 2408
1991 2864
1992 2862
1993 2820
1996 2399
1996 2621
1997 2618
1999 2847
2000 2416
2000 2143
2000 2486
2004 2785
2004 2719
2005 2827
2006 2468
2007 2368
2007 2646
2008 2373
2009 2087
2011 2612
2013 2840
2013 2918
2014 2259
2015 2239
2017 2844
2017 2596
2017 2275
2018 2587
2023 2892
2024 2310
2026 2212
2027 2952
2027 2556
2028 2913
2031 2763
2033 2610
2034 2252
2037 2852
2038 2316
2038 2043
2039 2110
2042 2679
2043 2481
2044 2554
2045 2877
2045 2239
2046 2945
2046 2754
2047 2845
2047 2461
2047 2500
2048 2100
2048 2680
2049 2204
2049 2720
2050 2241
2051 2724
2055 2812
2055 2325
2057 2342
2058 2326
2060 2134
2062 2818
2062 2343
2063 2665
2064 2860
2068 2146
2068 2524
2068 2715
2070 2315
2070 2822
2071 2846
2074 2965
2074 2770
2075 2980
2075 2760
2075 2654
2077 2267
2080 2779
2080 2254
2084 2279
2086 2255
2088 2462
2088 2820
2089 2323
2089 2169
2090 2703
2090 2320
2091 2839
2093 2422
2094 2616
2095 2945
2097 2940
2101 2639
2102 2331
2103 2731
2104 2393
2108 2989
2108 2858
2109 2907
2110 2120
2110 2508
2111 2948
2112 2421
2115 2988
2116 2790
2116 2327
2117 2787
2117 2934
2118 2462
2118 2158
2118 2157
2119 2291
2121 2345
2121 2285
2122 2653
2122 2496
2125 2732
2127 2655
2128 2163
2129 2805
2131 2271
2132 2400
2132 2280
2133 2170
2133 2755
2134 2837
2136 2712
2136 2388
2138 2187
2141 2900
2141 2497
2144 2680
2146 2255
2147 2946
2148 2258
2149 2404
2150 2883
2152 2222
2153 2598
2155 2549
2156 2332
2157 2581
2159 2603
2159 2231
2160 2574
2163 2994
2164 2883
2165 2738
2165 2392
2167 2218
2168 2948
2172 2673
2173 2193
2176 2790
2176 2603
2178 2361
2179 2390
2180 2662
2182 2307
2182 2328
2185 2955
2186 2951
2186 2476
2187 2984
2189 2404
2189 2308
2192 2757
2193 2476
2195 2261
2196 2786
2197 2382
2200 2250
2201 2790
2201 2701
2203 2835
2204 2501
2204 2798
2205 2439
2206 2274
2209 2795
2209 2391
2210 2859
2210 2914
2211 2841
2212 2478
2215 2516
2216 2381
2217 2802
2219 2556
2219 2856
2220 2906
2221 2636
2222 2617
2224 2373
2224 2731
2225 2617
2226 2367
2227 2568
2227 2936
2229 2754
2230 2632
2231 2819
2232 2562
2234 2545
2235 2804
2237 2238
2238 2245
2240 2741
2241 2600
2242 2747
2246 2489
2248 2843
2249 2993
2253 2344
2255 2290
2257 2302
2262 2515
2264 2517
2264 2648
2265 2993
2269 2727
2270 2345
2272 2897
2272 2811
2272 2951
2274 2902
2274 2355
2277 2856
2280 2614
2281 2629
2282 2835
2283 2309
2284 2434
2286 2423
2289 2298
2292 2474
2296 2300
2299 2855
2300 2331
2303 2332
2303 2589
2303 2369
2305 2778
2306 2436
2308 2710
2309 2428
2311 2702
2312 2828
2313 2880
2315 2376
2316 2339
2316 2777
2318 2585
2320 2779
2321 2595
2321 2563
2323 2638
2325 2715
2330 2858
2331 2539
2333 2995
2334 2956
2335 2869
2339 2740
2340 2957
2344 2705
2348 2987
2352 2623
2353 2597
2354 2720
2356 2515
2360 2821
2360 2619
2362 2922
2363 2767
2364 2596
2371 2729
2374 2613
2375 2690
2377 2653
2379 2686
2383 2966
2383 2755
2385 2964
2385 2599
2387 2413
2389 2830
2390 2824
2394 2531
2394 2884
2396 2784
2401 2651
2405 2465
2407 2958
2408 2935
2409 2604
2416 2708
2416 2714
2417 2775
2418 2843
2419 2753
2419 2813
2422 2840
2424 2831
2425 2592
2426 2607
2429 2716
2429 2695
2429 2588
2432 2447
2434 2807
2434 2771
2437 2976
2438 2650
2441 2933
2445 2889
2450 2457
2450 2473
2453 2746
2453 2511
2457 2551
2458 2615
2459 2968
2460 2885
2463 2997
2464 2687
2466 2784
2466 2723
2467 2814
2472 2593
2472 2905
2476 2546
2478 2689
2480 2744
2481 2605
2482 2671
2483 2990
2486 2771
2487 2910
2487 2703
2491 2792
2493 2751
2494 2624
2495 2522
2498 2788
2499 2964
2501 2659
2504 2903
2505 2520
2506 2986
2506 2975
2507 2854
2507 2538
2509 2944
2512 2959
2512 2515
2514 2581
2521 2812
2523 2974
2525 2847
2526 2830
2531 2947
2534 2558
2536 2856
2540 2855
2541 2831
2542 2706
2543 2831
2544 2577
2546 2826
2548 2823
2548 2721
2550 2616
2551 2846
2555 2777
2557 2633
2558 2950
2561 2932
2569 2698
2569 2677
2570 2723
2571 2635
2572 2604
2574 2602
2575 2953
2578 2927
2587 2997
2588 2747
2590 2803
2593 2916
2594 2625
2597 2757
2599 2995
2605 2822
2608 2867
2612 2913
2618 2717
2622 2864
2623 2726
2627 2652
2629 2935
2630 2981
2631 2707
2632 2716
2634 2818
2634 2983
2635 2764
2638 2971
2641 2753
2643 2857
2647 2884
2651 2940
2651 2899
2655 2770
2656 2863
2667 2976
2671 2758
2672 2860
2676 2833
2684 2799
2686 2921
2686 2986
2687 2772
2688 2861
2689 2888
2696 2920
2697 2949
2697 2700
2698 2702
2699 2888
2701 2996
2705 2776
2726 2998
2727 2923
2730 2871
2730 2810
2735 2829
2743 2792
2750 2891
2751 2806
2759 2785
2761 2870
2764 2781
2769 2801
2769 2821
2772 2931
2781 2937
2788 2911
2788 2991
2791 2859
2794 2952
2801 2803
2804 2973
2806 2881
2810 2983
2814 2992
2817 2934
2819 2880
2822 2939
2829 2901
2845 2901
2882 2944
2889 2894
2891 2992
2910 2981
2923 2966
2930 2942
