0 597
0 243
0 366
1 180
1 667
1 1602
2 440
2 23
2 706
3 1061
3 622
3 523
4 616
4 729
4 1052
5 592
5 1755
5 829
6 1689
6 1260
6 533
7 874
7 323
7 789
8 430
8 1186
8 1439
9 1257
9 139
9 760
10 103
10 1757
10 1705
11 590
11 285
11 178
12 1013
12 41
12 714
13 1500
13 1233
13 1200
14 492
14 711
14 1011
15 687
15 1374
15 294
16 813
16 43
16 1017
17 684
17 1312
17 1358
18 406
18 1568
18 1436
19 1309
19 1441
19 800
20 1306
20 1092
20 1008
21 385
21 67
21 435
22 666
22 998
22 1315
23 1449
23 551
24 1762
24 1519
24 1683
25 1172
25 393
25 539
26 1588
26 1374
26 1540
27 627
27 836
27 1197
28 1235
28 525
28 537
29 1557
29 1561
29 559
30 92
30 1107
30 901
31 1546
31 1005
31 514
32 180
32 572
32 1123
33 569
33 591
33 1335
34 1207
34 1310
34 1325
35 1333
35 1007
35 270
36 1463
36 747
36 1489
37 749
37 1206
37 1647
38 741
38 1513
38 695
39 1738
39 1635
39 1460
40 1333
40 256
40 81
41 1105
41 1387
42 443
42 272
42 52
43 112
43 259
44 1171
44 1025
44 442
45 819
45 746
45 425
46 61
46 262
46 657
47 1512
47 1606
47 212
48 1578
48 665
48 199
49 778
49 101
49 894
50 997
50 1189
50 124
51 1360
51 1394
51 1709
52 111
52 423
53 1528
53 936
53 1279
54 1332
54 1223
54 365
55 126
55 801
55 811
56 520
56 588
56 1386
57 156
57 1028
57 1227
58 396
58 1236
58 324
59 1548
59 181
59 1132
60 149
60 1539
60 1672
61 90
61 983
62 73
62 1649
62 132
63 1713
63 967
63 982
64 1683
64 427
64 1678
65 731
65 780
65 1266
66 684
66 729
66 1324
67 724
67 802
68 1222
68 1147
68 160
69 1382
69 796
69 688
70 1455
70 188
70 1518
71 1277
71 366
71 1561
72 943
72 1077
72 565
73 608
73 853
74 1543
74 1081
74 1093
75 1347
75 270
75 725
76 109
76 279
76 225
77 277
77 1788
77 1221
78 124
78 127
78 1438
79 402
79 379
79 1128
80 1382
80 1178
80 351
81 1617
81 740
82 1218
82 969
82 484
83 625
83 167
83 278
84 1100
84 263
84 737
85 1243
85 1095
85 962
86 1504
86 1562
86 95
87 264
87 476
87 1424
88 382
88 887
88 1759
89 562
89 1471
89 219
90 251
90 158
91 1672
91 363
91 486
92 905
92 1470
93 1501
93 989
93 1760
94 766
94 1790
94 361
95 1628
95 1610
96 1334
96 1098
96 1313
97 1712
97 767
97 1050
98 1560
98 274
98 879
99 1122
99 1347
99 952
100 1116
100 1510
100 1488
101 1372
101 1504
102 316
102 1208
102 1698
103 1240
103 932
104 1223
104 938
104 956
105 415
105 417
105 125
106 1051
106 909
106 1572
107 1596
107 278
107 225
108 1625
108 1297
108 330
109 1480
109 1276
110 395
110 1491
110 1078
111 491
111 1764
112 1104
112 1298
113 282
113 1607
113 1499
114 415
114 1396
114 1488
115 571
115 836
115 1457
116 1597
116 698
116 148
117 510
117 1193
117 1026
118 131
118 364
118 1490
119 1353
119 1775
119 154
120 1666
120 720
120 1342
121 1796
121 1356
121 1249
122 1595
122 901
122 1677
123 309
123 305
123 746
124 833
125 1402
125 1725
126 331
126 1110
127 522
127 1594
128 1228
128 1381
128 505
129 677
129 1663
129 252
130 579
130 235
130 802
131 610
131 352
132 533
132 1285
133 305
133 726
133 1195
134 674
134 1469
134 1747
135 1114
135 841
135 762
136 662
136 586
136 1592
137 617
137 244
137 1440
138 1225
138 1126
138 466
139 1623
139 1062
140 1114
140 1239
140 1141
141 613
141 732
141 895
142 1242
142 1089
142 1157
143 1125
143 559
143 1252
144 754
144 322
144 160
145 1468
145 714
145 1253
146 193
146 411
146 1767
147 1030
147 283
147 1674
148 897
148 347
149 1420
149 399
150 864
150 1147
150 1148
151 317
151 1268
151 612
152 437
152 803
152 1135
153 1708
153 232
153 1458
154 321
154 563
155 433
155 601
155 1638
156 463
156 707
157 1499
157 167
157 304
158 1398
158 792
159 1691
159 1318
159 1010
160 800
161 838
161 1413
161 1341
162 1247
162 632
162 761
163 1640
163 254
163 1160
164 1262
164 1176
164 1555
165 536
165 804
165 661
166 1464
166 926
166 1721
167 768
168 327
168 1422
168 1667
169 745
169 172
169 643
170 494
170 450
170 1040
171 227
171 859
171 1183
172 1714
172 548
173 1486
173 1419
173 1618
174 1466
174 1206
174 1205
175 1084
175 810
175 604
176 1611
176 1651
176 441
177 1598
177 1300
177 1182
178 1261
178 403
179 1529
179 860
179 1029
180 1711
181 609
181 1068
182 418
182 321
182 1080
183 368
183 490
183 1751
184 1543
184 1415
184 346
185 1252
185 200
185 1536
186 1042
186 846
186 1065
187 560
187 683
187 1749
188 1719
188 236
189 1688
189 644
189 371
190 737
190 1014
190 1098
191 635
191 568
191 535
192 1326
192 1702
192 847
193 991
193 481
194 1456
194 1571
194 1135
195 1669
195 1077
195 1541
196 635
196 215
196 1611
197 1221
197 439
197 620
198 887
198 1369
198 1105
199 1614
199 1177
200 774
200 595
201 1549
201 1385
201 1748
202 1111
202 353
202 708
203 237
203 1780
203 614
204 566
204 1281
204 206
205 1327
205 732
205 605
206 1256
206 1459
207 410
207 1115
207 1084
208 348
208 893
208 506
209 872
209 664
209 417
210 1292
210 567
210 756
211 940
211 1148
211 1658
212 1241
212 428
213 405
213 1166
213 1048
214 1063
214 1276
214 1133
215 1144
215 760
216 1172
216 1653
216 420
217 648
217 783
217 692
218 1452
218 1695
218 563
219 1526
219 1781
220 1168
220 1370
220 1096
221 748
221 1171
221 1626
222 736
222 677
222 994
223 519
223 1006
223 312
224 1678
224 349
224 316
225 1503
226 631
226 1622
226 558
227 1433
227 1069
228 1647
228 1208
228 693
229 1120
229 1355
229 1380
230 1264
230 295
230 1378
231 435
231 745
231 1134
232 953
232 1320
233 830
233 1572
233 1146
234 1303
234 424
234 1770
235 877
235 823
236 1288
236 1284
237 1028
237 1220
238 685
238 876
238 722
239 914
239 1642
239 1545
240 1497
240 631
240 986
241 1128
241 1296
241 1704
242 1612
242 1660
242 1430
243 997
243 1795
244 995
244 1431
245 892
245 1568
245 1452
246 535
246 1739
246 1040
247 389
247 1162
247 1122
248 890
248 1113
248 1389
249 1196
249 1418
249 1027
250 479
250 1684
250 306
251 1532
251 656
252 1698
252 455
253 1432
253 1490
253 721
254 531
254 898
255 908
255 754
255 560
256 689
256 1056
257 583
257 860
257 1109
258 1589
258 1479
258 1012
259 1075
259 1224
260 1498
260 454
260 267
261 1237
261 1065
261 337
262 274
262 311
263 534
263 383
264 500
264 1030
265 1727
265 581
265 985
266 347
266 781
266 663
267 1158
267 1458
268 633
268 1483
268 1053
269 1720
269 1216
269 1482
270 991
271 1573
271 1068
271 1287
272 775
272 969
273 1047
273 1108
273 1508
274 1480
275 915
275 532
275 825
276 940
276 769
276 470
277 1722
277 455
278 763
279 763
279 621
280 641
280 957
280 1070
281 1566
281 783
281 1766
282 516
282 453
283 1143
283 1513
284 1057
284 796
284 808
285 470
285 660
286 705
286 1207
286 516
287 339
287 1259
287 1153
288 761
288 949
288 1317
289 1611
289 863
289 824
290 774
290 344
290 1009
291 1706
291 363
291 1233
292 983
292 723
292 1078
293 1656
293 1505
293 1105
294 1593
294 480
295 938
295 1537
296 1230
296 1542
296 697
297 1680
297 1069
297 1346
298 457
298 382
298 1751
299 868
299 661
299 1467
300 1164
300 715
300 628
301 615
301 1553
301 595
302 1785
302 960
302 1558
303 536
303 770
303 498
304 879
304 870
305 1766
306 807
306 842
307 1170
307 1258
307 1238
308 1523
308 779
308 836
309 1159
309 1758
310 1523
310 1651
310 507
311 1064
311 1401
312 1190
312 365
313 1388
313 340
313 1004
314 1013
314 616
314 644
315 966
315 1015
315 497
316 1167
317 844
317 546
318 351
318 841
318 1481
319 934
319 1002
319 424
320 978
320 417
320 397
321 1729
322 1750
322 1630
323 1609
323 578
324 663
324 1735
325 933
325 1263
325 518
326 577
326 1109
326 1709
327 1616
327 1573
328 1030
328 1399
328 1189
329 1759
329 670
329 1254
330 740
330 465
331 1782
331 1426
332 856
332 525
332 603
333 1792
333 1703
333 456
334 1704
334 1534
334 451
335 478
335 1211
335 398
336 1365
336 974
336 810
337 1357
337 1590
338 1745
338 878
338 890
339 508
339 393
340 672
340 397
341 1681
341 669
341 815
342 1502
342 1767
342 654
343 1615
343 1284
343 1618
344 673
344 358
345 711
345 1289
345 1181
346 475
346 795
347 1447
348 1749
348 1758
349 1339
349 1722
350 443
350 1017
350 1241
351 881
352 460
352 1140
353 824
353 936
354 1577
354 1170
354 666
355 740
355 1250
355 678
356 771
356 1259
356 1798
357 1261
357 1708
357 1479
358 1725
358 451
359 1240
359 1698
359 1556
360 1749
360 902
360 473
361 1204
361 1057
362 709
362 515
362 1430
363 1250
364 1214
364 368
365 1149
366 832
367 691
367 1656
367 1083
368 1000
369 981
369 1026
369 1303
370 1102
370 1731
370 1316
371 585
371 1391
372 1357
372 806
372 377
373 1430
373 1442
373 1721
374 1060
374 556
374 1375
375 848
375 1427
375 1406
376 625
376 1386
376 951
377 1475
377 1255
378 1377
378 869
378 1711
379 1609
379 1786
380 1747
380 1567
380 696
381 923
381 442
381 863
382 537
383 475
383 797
384 471
384 637
384 1156
385 578
385 1087
386 1005
386 965
386 1275
387 1640
387 782
387 1085
388 688
388 1050
388 1716
389 1423
389 817
390 1294
390 1127
390 1340
391 1456
391 1185
391 648
392 843
392 1746
392 1695
393 1061
394 1799
394 1361
394 1277
395 771
395 1756
396 678
396 1692
397 1533
398 934
398 963
399 675
399 624
400 473
400 749
400 1073
401 1588
401 909
401 611
402 1144
402 540
403 1575
403 819
404 1390
404 1019
404 771
405 1565
405 1395
406 1464
406 1477
407 953
407 470
407 890
408 1654
408 1710
408 1768
409 922
409 1706
409 542
410 1123
410 726
411 569
411 669
412 1581
412 1133
412 1337
413 1308
413 1675
413 1146
414 1150
414 743
414 1769
415 568
416 1590
416 885
416 1006
418 1288
418 1756
419 1446
419 1677
419 645
420 1331
420 866
421 1445
421 1176
421 1265
422 1602
422 1205
422 1627
423 573
423 522
424 861
425 924
425 582
426 1031
426 768
426 1783
427 546
427 1632
428 811
428 1564
429 1397
429 592
429 516
430 1795
430 929
431 681
431 950
431 1292
432 964
432 846
432 1598
433 1398
433 510
434 1738
434 1443
434 561
435 911
436 728
436 1216
436 611
437 682
437 832
438 1565
438 1734
438 1661
439 694
439 875
440 1405
440 701
441 486
441 1741
442 1479
443 1526
444 1194
444 908
444 1200
445 794
445 941
445 1592
446 1525
446 627
446 1017
447 482
447 817
447 1260
448 955
448 1266
448 1455
449 804
449 497
449 1052
450 488
450 722
451 550
452 1283
452 1793
452 758
453 1122
453 676
454 818
454 757
455 1732
456 1088
456 1036
457 1726
457 815
458 1687
458 931
458 813
459 493
459 1474
459 1566
460 552
460 1784
461 1457
461 631
461 896
462 913
462 1563
462 1500
463 723
463 1109
464 976
464 1258
464 512
465 613
465 1532
466 593
466 1099
467 1597
467 587
467 1184
468 914
468 917
468 1783
469 1585
469 1531
469 826
471 1623
471 1092
472 1384
472 513
472 538
473 1053
474 1454
474 1450
474 478
475 1188
476 886
476 1719
477 1730
477 1621
477 985
478 1091
479 555
479 1099
480 1571
480 501
481 1485
481 1305
482 958
482 1720
483 1699
483 1777
483 1316
484 1128
484 976
485 748
485 1689
485 1694
486 1011
487 1366
487 508
487 1703
488 727
488 1692
489 1777
489 1152
489 1129
490 756
490 1416
491 1004
491 809
492 602
492 1032
493 577
493 1636
494 600
494 1439
495 822
495 911
495 1058
496 553
496 1485
496 958
497 531
498 980
498 1100
499 1794
499 1685
499 1540
500 1272
500 1395
501 866
501 1059
502 1400
502 1161
502 918
503 604
503 584
503 812
504 843
504 1273
504 1111
505 992
505 832
506 766
506 1396
507 1399
507 899
508 1439
509 1043
509 1718
509 1289
510 752
511 964
511 1086
511 948
512 529
512 717
513 1035
513 1577
514 1291
514 1653
515 1516
515 1016
517 1421
517 716
517 534
518 751
518 675
519 1130
519 1231
520 1152
520 1508
521 976
521 1474
521 1718
522 847
523 1104
523 1186
524 629
524 1729
524 1179
525 752
526 873
526 1000
526 1730
527 698
527 1512
527 1682
528 1493
528 1361
528 1664
529 1733
529 1409
530 1443
530 703
530 1359
531 1487
532 550
532 1256
533 830
534 1125
535 1520
536 1243
537 1416
538 1329
538 1375
539 1121
539 772
540 739
540 582
541 1410
541 1368
541 589
542 1159
542 1666
543 1618
543 1608
543 1235
544 857
544 879
544 735
545 1072
545 1308
545 852
546 1505
547 1636
547 717
547 1335
548 667
548 1195
549 640
549 1667
549 1107
550 839
551 1502
551 1421
552 753
552 1580
553 920
553 602
554 1214
554 1083
554 1329
555 1478
555 1495
556 1493
556 1001
557 1210
557 1553
557 823
558 955
558 846
559 1179
560 599
561 991
561 1102
562 1303
562 617
563 1224
564 1706
564 1050
564 775
565 750
565 1600
566 1454
566 712
567 1060
567 1118
568 1236
569 835
570 974
570 643
570 946
571 1693
571 1140
572 905
572 744
573 1182
573 1463
574 1665
574 1599
574 1391
575 594
575 715
575 1203
576 921
576 1121
576 1342
577 1376
578 610
579 880
579 670
580 1750
580 1274
580 842
581 1023
581 1392
582 584
583 1729
583 796
584 1270
585 619
585 1427
586 1080
586 1451
587 1584
587 1497
588 1476
588 1229
589 1562
589 1045
590 905
590 1162
591 996
591 818
592 1329
593 1579
593 1469
594 649
594 751
595 704
596 1419
596 1323
596 1603
597 1307
597 1437
598 1185
598 1262
598 1258
599 1502
599 1734
600 898
600 717
601 1075
601 1088
602 887
603 840
603 979
604 1093
605 1484
605 1076
606 1020
606 1228
606 1687
607 816
607 975
607 877
608 1436
608 713
609 1113
609 1049
610 1342
611 947
612 845
612 1596
613 939
614 1350
614 906
615 671
615 742
616 1274
617 1044
618 1189
618 807
618 800
619 1510
619 1719
620 1362
620 1001
621 1487
621 1736
622 1517
622 1244
623 1127
623 1051
623 1561
624 1149
624 1782
625 759
626 1103
626 1322
626 827
627 1312
628 1484
628 705
629 1311
629 884
630 1057
630 927
630 1358
632 1188
632 864
633 1188
633 1783
634 1136
634 769
634 1616
635 1772
636 1178
636 1125
636 1314
637 1488
637 1613
638 706
638 1492
638 1628
639 919
639 1517
639 817
640 1094
640 962
641 1040
641 747
642 1287
642 1263
642 1269
643 1593
644 1507
645 938
645 792
646 1138
646 719
646 1780
647 1383
647 970
647 1195
648 1118
649 838
649 1291
650 1670
650 818
650 1437
651 858
651 1491
651 1492
652 1025
652 1279
652 1296
653 982
653 1657
653 1366
654 1527
654 1791
655 1341
655 1072
655 910
656 790
656 1112
657 1737
657 1098
658 1088
658 845
658 1610
659 889
659 1520
659 1544
660 1433
660 1712
661 1546
662 857
662 1313
663 693
664 867
664 1422
665 915
665 1058
666 1326
667 958
668 962
668 1449
668 1209
669 1686
670 1512
671 1046
671 1445
672 720
672 1138
673 828
673 860
674 1136
674 1690
675 1390
676 940
676 1790
677 1215
678 907
679 1045
679 1401
679 1798
680 1541
680 1191
680 872
681 1086
681 1289
682 1286
682 909
683 1407
683 1442
684 1003
685 1206
685 1605
686 1333
686 1587
686 1158
687 1390
687 1165
688 700
689 1384
689 690
690 1174
690 1365
691 1360
691 959
692 1215
692 1626
693 775
694 1437
694 932
695 964
695 1575
696 1475
696 1675
697 1426
697 853
698 1485
699 1081
699 1676
699 1612
700 1286
700 1251
701 1135
701 1612
702 1510
702 984
702 1539
703 883
703 1217
704 750
704 1733
705 925
706 1530
707 773
707 1748
708 1584
708 1298
709 731
709 973
710 1676
710 971
710 1460
711 896
712 924
712 1025
713 992
713 1723
714 920
715 1553
716 1016
716 1447
718 1387
718 1466
718 862
719 896
719 765
720 1150
721 1551
721 1279
722 1012
723 820
724 878
724 1161
725 1680
725 801
726 1598
727 959
727 995
728 1154
728 1535
729 1304
730 1217
730 1009
730 1376
731 1192
732 951
733 1275
733 1787
733 1173
734 1175
734 792
734 1708
735 1117
735 1106
736 1765
736 1041
737 788
738 1690
738 1757
738 755
739 1662
739 980
741 863
741 970
742 985
742 876
743 1408
743 857
744 843
744 1208
745 1369
746 1274
747 757
748 1282
749 1453
750 1559
751 1116
752 1536
753 1676
753 1199
754 1771
755 783
755 1103
756 1622
757 1037
758 1735
758 1015
759 1202
759 1744
760 1020
761 1187
762 1654
762 1073
763 1429
764 1531
764 1411
764 1754
765 977
765 1413
766 1670
767 1606
767 1022
768 1252
769 888
770 1245
770 1283
772 797
772 1652
773 1703
773 1412
774 1724
776 837
776 1779
776 789
777 1716
777 1781
777 1620
778 1078
778 903
779 1659
779 1367
780 1558
780 1299
781 1555
781 1280
782 1645
782 1725
784 1046
784 1710
784 961
785 805
785 948
785 1691
786 960
786 1371
786 1690
787 1522
787 1194
787 1349
788 1499
788 1270
789 1406
790 1482
790 953
791 1181
791 1626
791 1576
793 1583
793 1282
793 1138
794 881
794 1471
795 1697
795 1237
797 1509
798 1473
798 839
798 1550
799 1782
799 1797
799 1544
801 1507
802 1685
803 1568
803 856
804 1785
805 847
805 872
806 1614
806 1010
807 1268
808 1459
808 1521
809 1082
809 1637
810 1684
811 1627
812 1556
812 1325
813 1784
814 1428
814 1639
814 1396
815 1452
816 989
816 1094
819 1774
820 1718
820 1792
821 1029
821 945
821 1595
822 1555
822 1161
823 1038
824 1742
825 1052
825 1617
826 1661
826 1293
827 954
827 1283
828 1538
828 1340
829 1456
829 1063
830 1736
831 1244
831 1707
831 1417
833 1345
833 1753
834 1608
834 1465
834 1324
835 1688
835 987
837 1238
837 1083
838 1775
839 1405
840 1205
840 1053
841 912
842 1115
844 1394
844 1551
845 1552
848 1005
848 1187
849 1625
849 865
849 1604
850 1466
850 1278
850 1306
851 1223
851 1301
851 1670
852 1449
852 1242
853 1483
854 1688
854 1538
854 1465
855 1336
855 987
855 1694
856 869
858 1149
858 1087
859 1462
859 1425
861 1767
861 1186
862 1197
862 1023
864 1051
865 1248
865 1139
866 1444
867 1501
867 1728
868 1134
868 1157
869 884
870 972
870 1385
871 1248
871 1214
871 1713
873 935
873 1642
874 1317
874 961
875 1137
875 1457
876 1159
877 1647
878 1119
880 1740
880 1290
881 1163
882 1362
882 1672
882 1415
883 898
883 1019
884 990
885 1519
885 1753
886 972
886 1577
888 1054
888 891
889 1535
889 1244
891 1106
891 1671
892 1019
892 1597
893 1600
893 1293
894 1693
894 1398
895 1056
895 1300
897 1531
897 939
899 1388
899 1717
900 1389
900 1322
900 1007
901 954
902 1402
902 1750
903 1213
903 928
904 1151
904 1121
904 1610
906 1537
906 1792
907 1022
907 1429
908 1361
910 1541
910 1709
911 1068
912 1033
912 1520
913 1658
913 1234
914 1255
915 947
916 1752
916 1180
916 944
917 1505
917 1198
918 1278
918 1487
919 1334
919 1705
920 1591
921 1621
921 1166
922 1436
922 1637
923 1776
923 1613
924 1315
925 950
925 1793
926 1472
926 1768
927 1287
927 1586
928 1242
928 1585
929 1515
929 1645
930 1004
930 1226
930 1524
931 957
931 1681
932 1201
933 1431
933 1614
934 941
935 1373
935 1308
936 1064
937 954
937 1265
937 1267
939 1221
941 952
942 1085
942 1292
942 1063
943 1641
943 1232
944 1444
944 1131
945 1550
945 1578
946 1530
946 1370
947 1617
948 1132
949 1090
949 1029
950 1770
951 1321
952 1774
955 1462
956 1417
956 1662
957 1240
959 1661
960 1412
961 1066
963 1071
963 1761
965 1008
965 998
966 1629
966 1799
967 1198
967 1229
968 1500
968 1424
968 1344
969 1041
970 992
971 1632
971 1724
972 1245
973 1625
973 1562
974 1432
975 1738
975 1409
977 1769
977 1557
978 1549
978 1394
979 1540
979 1104
980 1501
981 1475
981 1699
982 1117
983 1345
984 1155
984 1192
986 1304
986 1311
987 1305
988 1453
988 1717
988 1412
989 1740
990 1330
990 1506
993 1297
993 1518
993 1668
994 1522
994 1470
995 1344
996 1404
996 1076
997 1339
998 1090
999 1424
999 1218
999 1519
1000 1071
1001 1579
1002 1659
1002 1268
1003 1311
1003 1432
1006 1328
1007 1637
1008 1778
1009 1634
1010 1679
1011 1245
1012 1246
1013 1158
1014 1440
1014 1358
1015 1059
1016 1350
1018 1209
1018 1077
1018 1454
1020 1777
1021 1055
1021 1166
1021 1552
1022 1323
1023 1406
1024 1559
1024 1715
1024 1728
1026 1231
1027 1570
1027 1560
1028 1167
1031 1156
1031 1255
1032 1179
1032 1524
1033 1120
1033 1084
1034 1347
1034 1211
1034 1574
1035 1742
1035 1338
1036 1071
1036 1251
1037 1504
1037 1616
1038 1605
1038 1418
1039 1229
1039 1760
1039 1744
1041 1786
1042 1476
1042 1091
1043 1120
1043 1554
1044 1198
1044 1578
1045 1352
1046 1453
1047 1264
1047 1212
1048 1566
1048 1691
1049 1574
1049 1720
1054 1569
1054 1322
1055 1362
1055 1352
1056 1403
1058 1546
1059 1508
1060 1472
1061 1253
1062 1633
1062 1217
1064 1696
1065 1770
1066 1613
1066 1373
1067 1521
1067 1576
1067 1771
1069 1495
1070 1790
1070 1714
1072 1278
1073 1309
1074 1203
1074 1571
1074 1335
1075 1338
1076 1211
1079 1216
1079 1667
1079 1285
1080 1484
1081 1273
1082 1558
1082 1230
1085 1295
1086 1459
1087 1173
1089 1435
1089 1332
1090 1655
1091 1785
1092 1635
1093 1180
1094 1559
1095 1760
1095 1685
1096 1656
1096 1582
1097 1442
1097 1137
1097 1392
1099 1224
1100 1337
1101 1435
1101 1257
1101 1145
1102 1129
1103 1640
1106 1124
1107 1385
1108 1267
1108 1630
1110 1375
1110 1710
1111 1119
1112 1155
1112 1696
1113 1527
1114 1467
1115 1337
1116 1563
1117 1220
1118 1655
1119 1548
1123 1422
1124 1187
1124 1171
1126 1232
1126 1589
1127 1301
1129 1212
1130 1426
1130 1650
1131 1707
1131 1655
1132 1227
1133 1600
1134 1280
1136 1607
1137 1649
1139 1755
1139 1326
1140 1400
1141 1694
1141 1203
1142 1547
1142 1660
1142 1702
1143 1786
1143 1160
1144 1536
1145 1537
1145 1173
1146 1349
1147 1272
1148 1634
1150 1438
1151 1654
1151 1199
1152 1416
1153 1296
1153 1468
1154 1646
1154 1605
1155 1535
1156 1174
1157 1787
1160 1476
1162 1516
1163 1586
1163 1507
1164 1236
1164 1393
1165 1201
1165 1567
1167 1486
1168 1378
1168 1564
1169 1271
1169 1266
1169 1404
1170 1357
1172 1794
1174 1712
1175 1759
1175 1788
1176 1448
1177 1288
1177 1458
1178 1477
1180 1404
1181 1290
1182 1281
1183 1233
1183 1380
1184 1658
1184 1496
1185 1745
1190 1273
1190 1551
1191 1592
1191 1791
1192 1545
1193 1300
1193 1483
1194 1674
1196 1319
1196 1410
1197 1534
1199 1263
1200 1231
1201 1509
1202 1351
1202 1758
1204 1734
1204 1684
1207 1687
1209 1232
1210 1585
1210 1259
1212 1225
1213 1727
1213 1784
1215 1638
1218 1721
1219 1702
1219 1348
1219 1664
1220 1748
1222 1591
1222 1409
1225 1714
1226 1356
1226 1480
1227 1369
1228 1657
1230 1380
1234 1711
1234 1327
1235 1644
1237 1451
1238 1563
1239 1745
1239 1570
1241 1461
1243 1629
1246 1548
1246 1737
1247 1743
1247 1372
1248 1746
1249 1498
1249 1530
1250 1591
1251 1343
1253 1469
1254 1261
1254 1386
1256 1425
1257 1299
1260 1737
1262 1515
1264 1298
1265 1560
1267 1371
1269 1603
1269 1554
1270 1773
1271 1736
1271 1286
1272 1762
1275 1699
1276 1735
1277 1307
1280 1686
1281 1731
1282 1391
1284 1291
1285 1766
1290 1441
1293 1408
1294 1650
1294 1379
1295 1624
1295 1638
1297 1491
1299 1539
1301 1682
1302 1314
1302 1494
1302 1529
1304 1744
1305 1674
1306 1601
1307 1643
1309 1755
1310 1596
1310 1599
1312 1633
1313 1345
1314 1645
1315 1669
1316 1557
1317 1776
1318 1320
1318 1421
1319 1659
1319 1373
1320 1481
1321 1763
1321 1532
1323 1747
1324 1724
1325 1367
1327 1330
1328 1434
1328 1772
1330 1372
1331 1644
1331 1588
1332 1679
1334 1564
1336 1569
1336 1354
1338 1705
1339 1700
1340 1789
1341 1366
1343 1665
1343 1757
1344 1461
1346 1542
1346 1574
1348 1395
1348 1636
1349 1552
1350 1668
1351 1490
1351 1761
1352 1403
1353 1723
1353 1399
1354 1363
1354 1763
1355 1581
1355 1743
1356 1780
1359 1681
1359 1620
1360 1678
1363 1464
1363 1470
1364 1471
1364 1428
1364 1495
1365 1524
1367 1677
1368 1778
1368 1401
1370 1773
1371 1595
1374 1774
1376 1572
1377 1451
1377 1697
1378 1615
1379 1477
1379 1527
1381 1589
1381 1789
1382 1609
1383 1511
1383 1697
1384 1631
1387 1673
1388 1492
1389 1418
1392 1649
1393 1741
1393 1700
1397 1511
1397 1602
1400 1423
1402 1793
1403 1620
1405 1621
1407 1482
1407 1419
1408 1543
1410 1756
1411 1763
1411 1494
1413 1534
1414 1731
1414 1587
1414 1445
1415 1497
1417 1797
1420 1517
1420 1607
1423 1723
1425 1631
1427 1556
1428 1701
1429 1529
1431 1443
1433 1798
1434 1788
1434 1473
1435 1461
1438 1796
1440 1799
1441 1778
1444 1646
1446 1775
1446 1538
1447 1666
1448 1764
1448 1594
1450 1587
1450 1727
1455 1496
1460 1593
1462 1789
1463 1526
1465 1732
1467 1668
1468 1704
1472 1533
1473 1582
1474 1732
1478 1525
1478 1515
1481 1631
1486 1594
1489 1575
1489 1580
1493 1641
1494 1686
1496 1662
1498 1506
1503 1765
1503 1679
1506 1570
1509 1521
1511 1628
1513 1523
1514 1752
1514 1581
1514 1728
1516 1683
1518 1525
1522 1791
1528 1606
1528 1713
1533 1542
1544 1639
1545 1603
1547 1629
1547 1586
1549 1701
1550 1627
1554 1580
1565 1642
1567 1584
1569 1753
1573 1601
1576 1619
1579 1652
1582 1740
1583 1733
1583 1599
1590 1768
1601 1751
1604 1663
1604 1761
1608 1623
1615 1651
1619 1673
1619 1635
1622 1795
1624 1776
1624 1794
1630 1722
1632 1673
1633 1695
1634 1764
1639 1693
1641 1779
1643 1644
1643 1663
1646 1689
1648 1797
1648 1741
1648 1752
1650 1773
1652 1671
1653 1769
1657 1739
1660 1717
1664 1746
1665 1796
1669 1779
1671 1716
1675 1781
1680 1772
1682 1754
1692 1739
1696 1707
1700 1715
1701 1762
1715 1765
1726 1787
1726 1771
1730 1754
1742 1743
