0 16
0 31
0 28
1 95
1 89
1 59
2 52
2 22
2 81
3 49
3 72
3 34
4 11
4 75
4 15
5 60
5 96
5 36
6 11
6 84
6 47
7 17
7 81
7 34
8 25
8 86
8 51
9 69
9 88
9 33
10 43
10 39
10 48
11 20
12 19
12 58
12 21
13 51
13 63
13 56
14 69
14 63
14 29
15 97
15 92
16 22
16 23
17 78
17 23
18 51
18 38
18 47
19 46
19 71
20 76
20 96
21 98
21 40
22 79
23 85
24 90
24 58
24 62
25 81
25 48
26 71
26 59
26 31
27 68
27 41
27 85
28 69
28 77
29 99
29 67
30 50
30 68
30 36
31 72
32 37
32 74
32 92
33 99
33 68
34 65
35 39
35 70
35 58
36 80
37 53
37 95
38 75
38 98
39 46
40 78
40 87
41 83
41 57
42 91
42 63
42 73
43 64
43 82
44 94
44 66
44 50
45 80
45 49
45 97
46 54
47 71
48 70
49 93
50 93
52 77
52 61
53 78
53 96
54 86
54 94
55 75
55 84
55 98
56 62
56 82
57 83
57 73
59 79
60 83
60 85
61 90
61 80
62 70
64 77
64 93
65 74
65 76
66 87
66 67
67 99
72 87
73 74
76 89
79 88
82 89
84 91
86 88
90 95
91 94
92 97
