0 502
0 488
0 16
1 546
1 858
1 23
2 62
2 108
2 609
3 439
3 167
3 314
4 164
4 428
4 523
5 470
5 739
5 532
6 85
6 286
6 727
7 21
7 570
7 107
8 142
8 472
8 579
9 826
9 535
9 426
10 664
10 767
10 140
11 844
11 173
11 119
12 145
12 217
12 183
13 152
13 361
13 341
14 789
14 95
14 485
15 410
15 298
15 297
16 125
16 257
17 722
17 171
17 670
18 484
18 741
18 854
19 567
19 500
19 598
20 640
20 170
20 127
21 684
21 596
22 251
22 273
22 750
23 239
23 350
24 692
24 220
24 63
25 533
25 32
25 189
26 200
26 860
26 250
27 784
27 609
27 147
28 785
28 896
28 694
29 317
29 76
29 134
30 493
30 406
30 343
31 601
31 437
31 252
32 659
32 351
33 890
33 253
33 642
34 62
34 536
34 113
35 213
35 745
35 578
36 44
36 199
36 556
37 840
37 355
37 520
38 231
38 309
38 698
39 417
39 132
39 279
40 590
40 84
40 879
41 418
41 185
41 792
42 225
42 282
42 686
43 80
43 279
43 74
44 661
44 610
45 710
45 217
45 304
46 797
46 113
46 554
47 70
47 520
47 850
48 157
48 549
48 185
49 690
49 833
49 522
50 119
50 838
50 753
51 665
51 435
51 601
52 284
52 846
52 258
53 530
53 564
53 579
54 850
54 344
54 569
55 327
55 762
55 663
56 564
56 523
56 591
57 476
57 124
57 393
58 471
58 359
58 545
59 155
59 707
59 636
60 375
60 521
60 305
61 168
61 743
61 722
62 340
63 184
63 849
64 308
64 893
64 179
65 254
65 675
65 336
66 568
66 771
66 441
67 653
67 289
67 334
68 186
68 310
68 574
69 108
69 186
69 599
70 742
70 758
71 210
71 94
71 438
72 536
72 712
72 581
73 720
73 324
73 580
74 223
74 469
75 178
75 315
75 799
76 445
76 94
77 339
77 100
77 437
78 817
78 129
78 631
79 399
79 398
79 102
80 702
80 596
81 179
81 702
81 715
82 573
82 365
82 457
83 876
83 635
83 751
84 235
84 104
85 241
85 732
86 409
86 278
86 398
87 318
87 468
87 174
88 569
88 296
88 271
89 463
89 855
89 350
90 452
90 167
90 486
91 629
91 464
91 280
92 290
92 227
92 252
93 480
93 96
93 318
94 502
95 778
95 550
96 629
96 790
97 841
97 705
97 275
98 241
98 727
98 442
99 162
99 119
99 333
100 656
100 111
101 669
101 832
101 192
102 378
102 191
103 137
103 679
103 288
104 825
104 459
105 161
105 163
105 558
106 506
106 132
106 545
107 853
107 550
108 880
109 403
109 407
109 384
110 410
110 831
110 228
111 228
111 543
112 404
112 595
112 737
113 759
114 830
114 484
114 187
115 321
115 356
115 189
116 848
116 146
116 874
117 699
117 525
117 206
118 503
118 343
118 654
120 539
120 477
120 347
121 295
121 244
121 273
122 667
122 396
122 775
123 584
123 467
123 412
124 253
124 729
125 718
125 666
126 153
126 540
126 472
127 223
127 658
128 248
128 558
128 287
129 144
129 181
130 485
130 573
130 199
131 300
131 802
131 806
132 841
133 897
133 440
133 154
134 309
134 664
135 336
135 316
135 153
136 544
136 492
136 784
137 889
137 391
138 396
138 526
138 528
139 837
139 204
139 844
140 266
140 608
141 791
141 231
141 369
142 277
142 302
143 869
143 411
143 150
144 704
144 432
145 382
145 843
146 757
146 320
147 873
147 490
148 369
148 182
148 227
149 229
149 287
149 256
150 665
150 720
151 173
151 359
151 887
152 774
152 875
153 751
154 376
154 597
155 576
155 400
156 777
156 599
156 603
157 276
157 613
158 618
158 280
158 834
159 531
159 322
159 449
160 436
160 385
160 894
161 383
161 606
162 376
162 761
163 705
163 353
164 301
164 551
165 810
165 714
165 179
166 438
166 509
166 630
167 821
168 239
168 440
169 744
169 541
169 806
170 199
170 822
171 878
171 496
172 420
172 686
172 671
173 349
174 214
174 776
175 243
175 802
175 418
176 652
176 511
176 461
177 877
177 341
177 763
178 697
178 661
180 181
180 531
180 313
181 766
182 236
182 399
183 431
183 797
184 492
184 891
185 768
186 203
187 442
187 795
188 352
188 639
188 741
189 428
190 650
190 375
190 388
191 343
191 810
192 323
192 249
193 616
193 522
193 329
194 434
194 368
194 628
195 554
195 619
195 325
196 700
196 415
196 205
197 857
197 560
197 244
198 745
198 387
198 895
200 275
200 474
201 527
201 519
201 202
202 425
202 414
203 496
203 551
204 311
204 610
205 830
205 716
206 648
206 218
207 408
207 718
207 498
208 238
208 494
208 516
209 684
209 424
209 489
210 591
210 682
211 652
211 422
211 515
212 389
212 731
212 790
213 748
213 594
214 567
214 529
215 447
215 473
215 365
216 864
216 870
216 365
217 269
218 688
218 808
219 415
219 463
219 783
220 345
220 226
221 288
221 533
221 282
222 244
222 859
222 281
223 259
224 423
224 314
224 405
225 719
225 768
226 729
226 616
227 401
228 340
229 888
229 896
230 624
230 800
230 317
231 857
232 747
232 262
232 566
233 734
233 812
233 421
234 374
234 325
234 647
235 446
235 487
236 590
236 800
237 618
237 307
237 723
238 548
238 291
239 537
240 861
240 621
240 777
241 886
242 887
242 285
242 792
243 378
243 729
245 567
245 614
245 893
246 655
246 889
246 308
247 346
247 526
247 250
248 315
248 429
249 290
249 264
250 755
251 703
251 546
252 711
253 824
254 503
254 858
255 641
255 384
255 505
256 690
256 362
257 818
257 402
258 506
258 394
259 862
259 272
260 714
260 825
260 509
261 291
261 489
261 832
262 305
262 596
263 312
263 846
263 363
264 696
264 322
265 491
265 602
265 823
266 760
266 553
267 539
267 774
267 502
268 391
268 489
268 840
269 765
269 544
270 371
270 295
270 668
271 475
271 724
272 706
272 852
273 522
274 868
274 760
274 452
275 605
276 798
276 593
277 484
277 726
278 625
278 439
279 630
280 881
281 801
281 293
282 657
283 323
283 294
283 773
284 516
284 332
285 403
285 335
286 394
286 409
287 811
288 519
289 513
289 461
290 669
291 674
292 782
292 403
292 694
293 679
293 801
294 796
294 563
295 667
296 406
296 299
297 733
297 329
298 383
298 531
299 411
299 466
300 354
300 767
301 349
301 482
302 733
302 409
303 381
303 547
303 514
304 614
304 552
305 537
306 353
306 390
306 853
307 392
307 404
308 851
309 524
310 357
310 633
311 413
311 671
312 588
312 395
313 576
313 426
314 628
315 856
316 488
316 404
317 844
318 570
319 497
319 431
319 488
320 423
320 700
321 824
321 841
322 808
323 716
324 356
324 430
325 499
326 781
326 659
326 478
327 446
327 617
328 408
328 521
328 799
329 592
330 405
330 583
330 782
331 383
331 713
331 692
332 823
332 487
333 641
333 898
334 450
334 741
335 734
335 413
336 574
337 682
337 501
337 866
338 709
338 660
338 858
339 462
339 833
340 827
341 863
342 475
342 653
342 360
344 664
344 647
345 878
345 481
346 798
346 859
347 759
347 795
348 800
348 472
348 887
349 839
350 788
351 674
351 765
352 548
352 507
353 370
354 779
354 497
355 562
355 879
356 788
357 610
357 849
358 782
358 445
358 682
359 387
360 723
360 373
361 402
361 793
362 520
362 532
363 390
363 863
364 747
364 864
364 854
366 412
366 803
366 541
367 877
367 785
367 886
368 492
368 632
369 584
370 836
370 772
371 736
371 560
372 837
372 455
372 857
373 407
373 821
374 591
374 551
375 400
376 670
377 651
377 854
377 473
378 386
379 425
379 436
379 587
380 880
380 680
380 399
381 659
381 397
382 508
382 465
384 485
385 820
385 482
386 804
386 773
387 692
388 731
388 778
389 589
389 603
390 743
391 711
392 598
392 437
393 456
393 650
394 859
395 566
395 698
396 511
397 627
397 412
398 487
400 836
401 539
401 794
402 462
405 780
406 752
407 625
408 821
410 728
411 814
413 755
414 604
414 805
415 451
416 505
416 569
416 886
417 771
417 530
418 685
419 514
419 794
419 587
420 636
420 897
421 850
421 763
422 588
422 589
423 754
424 764
424 736
425 563
426 570
427 819
427 634
427 535
428 444
429 656
429 725
430 713
430 585
431 750
432 862
432 677
433 747
433 628
433 667
434 816
434 848
435 828
435 641
436 494
438 863
439 468
440 448
441 873
441 675
442 582
443 842
443 749
443 528
444 466
444 464
445 456
446 717
447 481
447 556
448 678
448 722
449 680
449 830
450 608
450 479
451 792
451 508
452 826
453 884
453 687
453 867
454 766
454 582
454 716
455 623
455 514
456 813
457 701
457 661
458 875
458 822
458 756
459 568
459 517
460 654
460 480
460 691
461 651
462 622
463 599
464 469
465 820
465 621
466 602
467 780
467 838
468 769
469 590
470 848
470 802
471 473
471 534
474 657
474 571
475 553
476 490
476 581
477 839
477 823
478 678
478 689
479 595
479 687
480 894
481 589
482 595
483 548
483 525
483 583
486 683
486 631
490 754
491 630
491 730
493 818
493 731
494 577
495 789
495 679
495 691
496 559
497 730
498 613
498 597
499 813
499 781
500 646
500 799
501 526
501 819
503 517
504 869
504 760
504 609
505 681
506 541
507 696
507 685
508 770
509 869
510 855
510 552
510 673
511 532
512 899
512 695
512 753
513 649
513 549
515 708
515 783
516 617
517 849
518 565
518 581
518 580
519 586
521 607
523 842
524 719
524 565
525 811
527 634
527 578
528 631
529 734
529 559
530 898
533 703
534 627
534 646
535 676
536 542
537 706
538 563
538 820
538 891
540 732
540 768
542 666
542 614
543 762
543 654
544 724
545 860
546 642
547 558
547 883
549 896
550 561
552 847
553 888
554 645
555 575
555 773
555 795
556 749
557 763
557 755
557 565
559 650
560 638
561 779
561 829
562 670
562 790
564 662
566 807
568 804
571 580
571 890
572 816
572 778
572 637
573 872
574 586
575 676
575 660
576 737
577 846
577 632
578 621
579 751
582 730
583 871
584 770
585 626
585 695
586 616
587 817
588 770
592 845
592 593
593 838
594 890
594 714
597 644
598 712
600 787
600 889
600 649
601 789
602 791
603 655
604 794
604 710
605 882
605 658
606 726
606 608
607 676
607 688
611 742
611 637
611 805
612 876
612 672
612 871
613 627
615 662
615 718
615 818
617 647
618 898
619 668
619 774
620 819
620 721
620 756
622 806
622 672
623 862
623 693
624 720
624 804
625 638
626 702
626 674
629 817
632 867
633 892
633 685
634 709
635 762
635 740
636 865
637 836
638 894
639 810
639 725
640 740
640 746
642 851
643 721
643 809
643 705
644 825
644 673
645 683
645 783
646 675
648 666
648 744
649 822
651 885
652 739
653 780
655 815
656 871
657 797
658 893
660 709
662 883
663 791
663 706
665 728
668 752
669 872
671 689
672 796
673 757
677 726
677 885
678 796
680 860
681 758
681 776
683 827
684 866
686 861
687 746
688 829
689 872
690 732
691 693
693 697
694 864
695 852
696 717
697 699
698 727
699 852
700 847
701 703
701 842
704 715
704 744
707 771
707 875
708 892
708 793
710 785
711 884
712 717
713 743
715 811
719 807
721 733
723 786
724 781
725 853
728 835
735 828
735 764
735 834
736 870
737 787
738 866
738 880
738 740
739 756
742 788
745 865
746 803
748 769
748 876
749 767
750 888
752 835
753 776
754 868
757 831
758 801
759 845
761 840
761 867
764 877
765 883
766 812
769 814
772 874
772 831
775 899
775 835
777 882
779 829
784 787
786 828
786 807
793 826
798 805
803 816
808 834
809 899
809 892
812 824
813 843
814 832
815 891
815 881
827 855
833 895
837 874
839 847
843 851
845 897
856 865
856 868
861 884
870 879
873 878
881 882
885 895
