0 36
0 1
1 36
1 2
2 36
2 3
3 36
3 4
4 36
4 5
5 36
5 6
6 36
6 7
7 36
7 8
8 36
8 9
9 36
9 10
10 36
10 11
11 36
11 12
12 36
12 13
13 36
13 14
14 36
14 15
15 36
15 16
16 36
16 17
17 36
17 18
18 36
18 19
19 36
19 20
20 36
20 21
21 36
21 22
22 36
22 23
23 36
23 24
24 36
24 25
25 36
25 26
26 36
26 27
27 36
27 28
28 36
28 29
29 36
29 30
30 36
30 31
31 36
31 32
32 36
32 33
33 36
33 34
34 36
34 35
35 36
36 36
37 73
37 38
38 73
38 39
39 73
39 40
40 73
40 41
41 73
41 42
42 73
42 43
43 73
43 44
44 73
44 45
45 73
45 46
46 73
46 47
47 73
47 48
48 73
48 49
49 73
49 50
50 73
50 51
51 73
51 52
52 73
52 53
53 73
53 54
54 73
54 55
55 73
55 56
56 73
56 57
57 73
57 58
58 73
58 59
59 73
59 60
60 73
60 61
61 73
61 62
62 73
62 63
63 73
63 64
64 73
64 65
65 73
65 66
66 73
66 67
67 73
67 68
68 73
68 69
69 73
69 70
70 73
70 71
71 73
71 72
72 73
73 73
74 110
74 75
75 110
75 76
76 110
76 77
77 110
77 78
78 110
78 79
79 110
79 80
80 110
80 81
81 110
81 82
82 110
82 83
83 110
83 84
84 110
84 85
85 110
85 86
86 110
86 87
87 110
87 88
88 110
88 89
89 110
89 90
90 110
90 91
91 110
91 92
92 110
92 93
93 110
93 94
94 110
94 95
95 110
95 96
96 110
96 97
97 110
97 98
98 110
98 99
99 110
99 100
100 110
100 101
101 110
101 102
102 110
102 103
103 110
103 104
104 110
104 105
105 110
105 106
106 110
106 107
107 110
107 108
108 110
108 109
109 110
110 110
111 147
111 112
112 147
112 113
113 147
113 114
114 147
114 115
115 147
115 116
116 147
116 117
117 147
117 118
118 147
118 119
119 147
119 120
120 147
120 121
121 147
121 122
122 147
122 123
123 147
123 124
124 147
124 125
125 147
125 126
126 147
126 127
127 147
127 128
128 147
128 129
129 147
129 130
130 147
130 131
131 147
131 132
132 147
132 133
133 147
133 134
134 147
134 135
135 147
135 136
136 147
136 137
137 147
137 138
138 147
138 139
139 147
139 140
140 147
140 141
141 147
141 142
142 147
142 143
143 147
143 144
144 147
144 145
145 147
145 146
146 147
147 147
148 185
148 149
149 185
149 150
150 185
150 151
151 185
151 152
152 185
152 153
153 185
153 154
154 185
154 155
155 185
155 156
156 185
156 157
157 185
157 158
158 185
158 159
159 185
159 160
160 185
160 161
161 185
161 162
162 185
162 163
163 185
163 164
164 185
164 165
165 185
165 166
166 185
166 167
167 185
167 168
168 185
168 169
169 185
169 170
170 185
170 171
171 185
171 172
172 185
172 173
173 185
173 174
174 185
174 175
175 185
175 176
176 185
176 177
177 185
177 178
178 185
178 179
179 185
179 180
180 185
180 181
181 185
181 182
182 185
182 183
183 185
183 184
184 185
185 185
186 223
186 187
187 223
187 188
188 223
188 189
189 223
189 190
190 223
190 191
191 223
191 192
192 223
192 193
193 223
193 194
194 223
194 195
195 223
195 196
196 223
196 197
197 223
197 198
198 223
198 199
199 223
199 200
200 223
200 201
201 223
201 202
202 223
202 203
203 223
203 204
204 223
204 205
205 223
205 206
206 223
206 207
207 223
207 208
208 223
208 209
209 223
209 210
210 223
210 211
211 223
211 212
212 223
212 213
213 223
213 214
214 223
214 215
215 223
215 216
216 223
216 217
217 223
217 218
218 223
218 219
219 223
219 220
220 223
220 221
221 223
221 222
222 223
223 223
224 261
224 225
225 261
225 226
226 261
226 227
227 261
227 228
228 261
228 229
229 261
229 230
230 261
230 231
231 261
231 232
232 261
232 233
233 261
233 234
234 261
234 235
235 261
235 236
236 261
236 237
237 261
237 238
238 261
238 239
239 261
239 240
240 261
240 241
241 261
241 242
242 261
242 243
243 261
243 244
244 261
244 245
245 261
245 246
246 261
246 247
247 261
247 248
248 261
248 249
249 261
249 250
250 261
250 251
251 261
251 252
252 261
252 253
253 261
253 254
254 261
254 255
255 261
255 256
256 261
256 257
257 261
257 258
258 261
258 259
259 261
259 260
260 261
261 261
262 299
262 263
263 299
263 264
264 299
264 265
265 299
265 266
266 299
266 267
267 299
267 268
268 299
268 269
269 299
269 270
270 299
270 271
271 299
271 272
272 299
272 273
273 299
273 274
274 299
274 275
275 299
275 276
276 299
276 277
277 299
277 278
278 299
278 279
279 299
279 280
280 299
280 281
281 299
281 282
282 299
282 283
283 299
283 284
284 299
284 285
285 299
285 286
286 299
286 287
287 299
287 288
288 299
288 289
289 299
289 290
290 299
290 291
291 299
291 292
292 299
292 293
293 299
293 294
294 299
294 295
295 299
295 296
296 299
296 297
297 299
297 298
298 299
299 299
