0 0
0 15
0 45
0 266
1 1
1 3
2 2
2 51
2 185
3 3
3 7
3 119
3 157
3 428
3 431
4 4
4 114
5 5
5 149
5 432
6 6
6 17
6 164
6 366
6 425
7 7
8 8
8 421
9 9
9 204
9 276
10 10
10 411
10 435
11 11
11 12
11 13
11 15
12 12
13 13
14 14
14 15
15 15
15 16
15 18
15 56
16 16
16 19
16 20
16 280
16 333
17 17
18 18
19 19
20 20
21 21
21 22
21 139
22 22
22 139
22 154
22 196
23 23
23 24
24 24
24 156
24 169
25 25
25 98
25 424
26 26
26 27
27 27
27 84
27 172
28 28
28 306
28 315
29 29
29 30
30 30
30 181
30 185
31 31
31 375
31 443
32 32
32 33
32 238
33 33
34 34
34 221
35 35
35 324
35 418
36 36
36 146
36 261
37 37
37 38
37 397
38 38
38 39
38 280
39 39
39 416
40 40
40 46
40 327
40 412
41 41
41 171
41 327
42 42
42 174
43 43
43 101
43 285
44 44
44 173
44 202
44 263
44 284
45 45
45 252
46 46
46 152
46 284
47 47
47 204
47 270
47 282
47 305
48 48
48 49
48 113
48 454
49 49
49 237
49 330
49 441
50 50
50 81
50 408
51 51
51 396
52 52
52 270
52 309
53 53
53 161
53 405
54 54
54 268
54 362
55 55
55 123
55 223
56 56
56 83
57 57
57 58
57 59
58 58
58 346
58 376
59 59
60 60
60 331
60 417
61 61
61 437
62 62
62 63
62 88
62 189
62 393
63 63
64 64
64 65
64 427
64 435
65 65
66 66
66 68
66 69
66 70
67 67
67 69
67 71
67 72
67 213
68 68
69 69
69 70
69 71
69 141
69 310
69 319
70 70
70 73
70 74
70 75
70 90
70 352
71 71
71 211
71 212
71 439
71 463
72 72
73 73
74 74
75 75
76 76
76 77
76 186
76 263
77 77
77 122
77 264
78 78
78 79
78 213
78 420
79 79
79 146
79 251
79 354
79 392
79 436
80 80
80 395
80 456
81 81
81 286
82 82
82 386
82 422
83 83
83 172
84 84
84 87
84 115
84 274
84 453
85 85
85 87
86 86
86 87
86 235
87 87
88 88
88 325
89 89
89 90
89 385
90 90
90 92
90 93
90 94
90 370
91 91
91 94
91 386
92 92
93 93
94 94
94 95
95 95
96 96
96 325
96 421
97 97
97 149
97 155
98 98
98 223
99 99
99 157
99 219
99 390
100 100
100 101
101 101
101 177
101 232
101 285
102 102
102 305
102 428
103 103
103 104
103 190
103 256
103 262
104 104
105 105
105 254
106 106
106 245
106 333
107 107
107 190
107 379
108 108
108 111
109 109
109 111
110 110
110 111
111 111
111 122
111 178
111 297
112 112
112 262
112 336
112 377
112 415
113 113
113 114
113 284
114 114
114 353
115 115
115 116
116 116
116 118
117 117
117 123
117 345
118 118
118 345
119 119
119 428
120 120
120 122
121 121
121 122
121 186
121 263
121 296
122 122
122 178
122 264
123 123
124 124
124 125
125 125
125 384
126 126
126 128
126 225
127 127
127 224
127 437
128 128
129 129
129 140
130 130
130 140
131 131
131 140
132 132
132 141
133 133
133 142
134 134
134 139
135 135
135 140
135 141
135 143
136 136
136 140
136 141
136 144
137 137
137 198
137 339
138 138
138 146
139 139
140 140
141 141
141 142
141 472
141 477
141 486
142 142
142 241
143 143
144 144
145 145
145 182
145 244
145 338
146 146
147 147
147 433
147 442
148 148
148 149
148 216
149 149
149 396
150 150
150 152
150 153
150 154
151 151
151 152
151 153
151 154
152 152
152 202
153 153
154 154
154 240
155 155
155 156
156 156
157 157
158 158
158 159
158 182
158 247
158 387
158 391
159 159
159 368
159 398
160 160
160 409
161 161
161 354
162 162
162 166
162 245
163 163
163 166
163 230
163 416
163 469
164 164
165 165
165 340
165 422
166 166
167 167
167 168
168 168
168 343
168 399
169 169
169 324
170 170
170 171
171 171
172 172
172 201
173 173
173 174
173 284
174 174
175 175
175 463
176 176
176 225
177 177
177 339
178 178
179 179
179 180
180 180
180 232
181 181
182 182
182 183
182 184
182 247
183 183
184 184
185 185
186 186
187 187
187 197
187 211
188 188
188 189
189 189
189 400
190 190
190 191
190 194
190 195
190 373
190 379
190 415
191 191
191 192
191 193
192 192
193 193
194 194
195 195
196 196
196 464
197 197
197 200
198 198
198 363
199 199
199 279
200 200
201 201
201 246
202 202
202 296
203 203
203 204
203 205
203 206
204 204
204 207
204 282
204 356
204 368
205 205
206 206
206 277
207 207
207 208
208 208
209 209
209 210
210 210
210 456
210 464
211 211
212 212
212 443
213 213
214 214
214 389
214 439
215 215
215 216
215 217
215 218
216 216
216 276
216 285
216 428
217 217
218 218
218 234
219 219
219 270
219 448
220 220
220 366
220 463
221 221
221 239
221 435
222 222
222 344
222 397
222 406
223 223
223 376
223 453
224 224
224 225
224 281
224 376
225 225
226 226
226 227
227 227
227 419
228 228
228 229
229 229
229 314
229 435
230 230
230 385
230 472
231 231
231 232
231 233
231 234
232 232
233 233
234 234
235 235
235 300
235 398
236 236
236 299
236 307
237 237
237 293
238 238
238 321
239 239
239 421
240 240
240 328
241 241
241 257
241 430
241 479
242 242
242 243
242 308
243 243
244 244
244 299
245 245
246 246
246 332
247 247
247 248
248 248
248 249
248 250
249 249
250 250
251 251
251 362
252 252
252 255
253 253
253 255
254 254
254 255
254 384
255 255
256 256
256 265
256 335
256 401
256 426
257 257
257 258
257 259
257 260
257 430
257 465
258 258
259 259
260 260
261 261
261 442
262 262
262 335
262 377
263 263
263 264
264 264
265 265
266 266
266 406
267 267
267 268
268 268
268 421
269 269
269 371
269 403
270 270
270 271
270 309
270 376
271 271
271 272
271 273
272 272
273 273
274 274
274 344
274 374
274 406
275 275
275 314
275 393
276 276
276 431
277 277
277 278
277 430
277 478
278 278
279 279
279 280
280 280
281 281
282 282
283 283
283 284
283 286
283 287
284 284
284 288
284 289
285 285
285 288
285 289
286 286
287 287
288 288
288 290
289 289
289 291
290 290
291 291
292 292
292 293
293 293
293 418
294 294
294 446
295 295
295 296
295 297
295 298
296 296
296 455
297 297
298 298
299 299
299 371
300 300
300 301
300 303
300 305
300 309
300 322
300 428
301 301
301 302
301 492
302 302
303 303
303 304
303 493
304 304
305 305
305 309
306 306
306 433
307 307
307 372
308 308
308 408
309 309
309 316
309 317
309 318
309 390
310 310
310 316
310 317
310 318
310 319
311 311
311 316
312 312
312 317
313 313
313 318
314 314
315 315
315 427
316 316
317 317
318 318
319 319
319 320
320 320
320 400
321 321
321 322
322 322
322 339
322 434
323 323
323 324
324 324
325 325
326 326
326 327
327 327
328 328
328 395
329 329
329 330
330 330
331 331
331 334
332 332
332 391
333 333
334 334
334 433
335 335
336 336
336 342
337 337
337 393
338 338
338 341
339 339
340 340
340 422
341 341
342 342
342 415
343 343
344 344
344 347
344 349
344 351
344 352
345 345
345 346
345 348
345 350
345 352
345 374
346 346
347 347
348 348
349 349
350 350
351 351
351 394
352 352
352 402
353 353
353 419
354 354
355 355
355 384
356 356
356 357
356 358
356 360
356 398
357 357
357 359
357 361
358 358
359 359
360 360
361 361
362 362
363 363
364 364
364 437
365 365
365 366
366 366
366 375
366 425
367 367
367 368
367 369
367 370
368 368
368 371
368 372
369 369
370 370
371 371
372 372
372 391
373 373
373 407
374 374
375 375
376 376
376 394
377 377
378 378
378 379
378 380
378 382
379 379
379 383
380 380
380 416
380 429
381 381
381 383
382 382
383 383
384 384
385 385
386 386
387 387
387 388
388 388
389 389
389 438
390 390
391 391
391 403
392 392
392 438
393 393
394 394
395 395
395 456
395 464
396 396
397 397
398 398
399 399
399 441
400 400
401 401
401 402
402 402
403 403
404 404
404 405
405 405
406 406
407 407
407 426
408 408
409 409
409 417
410 410
410 411
411 411
411 436
412 412
413 413
413 414
413 415
413 416
414 414
415 415
416 416
417 417
418 418
419 419
419 423
420 420
420 421
420 434
421 421
422 422
423 423
424 424
425 425
426 426
427 427
428 428
428 430
429 429
429 430
430 430
431 431
432 432
433 433
433 436
434 434
434 435
435 435
436 436
437 437
438 438
439 439
440 440
440 441
441 441
442 442
443 443
444 444
444 445
444 446
444 448
445 445
445 449
445 454
446 446
446 454
447 447
447 449
448 448
448 450
448 451
448 452
449 449
450 450
451 451
452 452
453 453
453 454
454 454
455 455
455 456
455 457
456 456
456 458
456 459
456 460
456 461
456 462
457 457
458 458
459 459
460 460
461 461
462 462
463 463
464 464
465 465
465 466
465 479
466 466
466 480
467 467
467 471
467 477
468 468
468 472
468 477
469 469
469 470
470 470
470 471
471 471
472 472
472 473
472 474
472 475
472 476
473 473
474 474
475 475
476 476
477 477
478 478
479 479
479 480
479 482
480 480
480 481
480 482
480 485
481 481
481 485
482 482
482 483
482 484
483 483
484 484
485 485
486 486
487 487
487 489
487 492
487 493
488 488
488 489
488 490
489 489
489 491
490 490
491 491
492 492
493 493
