0 1
1 41
1 105
1 1077
2 3
4 5
5 351
5 548
5 118
5 153
5 334
5 360
5 597
5 607
5 842
5 999
5 1204
5 1280
5 1519
5 1813
6 7
7 275
7 276
7 764
7 1490
8 9
8 207
8 776
8 1764
9 702
9 359
9 451
9 525
9 706
9 1017
9 1189
9 1479
9 1752
9 1849
10 11
11 228
11 180
11 253
11 709
11 815
11 939
11 1251
11 1264
11 1344
11 1372
11 1826
11 1837
12 13
13 195
13 1180
13 1684
13 1692
13 1827
14 15
14 538
14 672
15 255
15 106
15 358
15 509
15 1440
16 17
16 1057
17 241
17 33
17 74
17 90
17 93
17 116
17 143
17 168
17 172
17 267
17 599
17 684
17 686
17 905
17 975
17 996
17 1016
17 1212
17 1297
17 1369
17 1482
17 1496
17 1547
18 19
19 111
19 131
19 460
19 266
19 307
19 308
19 504
19 505
19 603
19 931
19 1091
19 1126
19 1478
19 1592
19 1695
19 1730
19 1731
19 1805
19 1859
19 1869
20 21
21 73
21 146
21 487
21 1169
21 1413
21 1512
21 1729
22 23
23 594
24 25
24 1070
25 121
25 1651
26 27
26 55
27 795
28 29
29 1039
29 1434
29 1647
30 31
31 877
31 127
31 176
31 201
31 443
31 515
31 532
31 543
31 615
31 888
31 893
31 1290
31 1349
31 1485
31 1795
31 1829
32 33
33 722
33 1019
33 1214
34 35
34 91
34 280
34 579
34 914
34 1498
34 1540
36 37
37 804
38 39
39 634
39 1828
40 41
41 159
41 269
41 526
41 546
41 724
41 876
41 979
41 1219
41 1329
41 1444
41 1510
42 43
43 1352
44 45
45 263
45 279
45 342
45 352
45 468
45 471
45 1337
45 1350
45 1393
45 1429
45 1653
45 1754
46 47
46 742
46 1639
47 161
48 49
48 1532
49 358
49 1700
50 51
51 803
51 304
51 1488
51 1546
51 1568
51 1818
52 53
53 1402
53 210
53 441
53 1117
53 1504
53 1687
54 55
55 99
55 132
55 166
55 439
55 734
55 741
55 1120
55 1296
55 1524
55 1597
55 1706
55 1721
56 57
57 698
58 59
59 1250
59 476
59 1630
59 1761
59 1770
60 61
60 183
60 574
62 63
62 1470
64 65
65 1235
65 840
65 1025
65 1130
65 1247
65 1388
65 1611
65 1646
65 1767
65 1785
66 67
66 1310
67 342
67 384
67 1309
68 69
70 71
71 1183
71 868
72 73
73 1024
74 245
75 76
76 602
76 833
76 1319
76 1395
77 78
78 460
78 506
78 1011
78 1668
79 80
80 974
80 1228
81 82
82 364
82 554
82 1163
82 1417
83 84
84 131
85 86
86 459
86 402
86 442
86 694
86 1005
87 88
88 1659
88 1289
88 1634
89 90
90 1253
90 1648
90 1867
92 93
94 95
95 548
95 184
95 299
95 545
95 698
95 841
95 1125
95 1303
95 1614
95 1819
95 1846
96 97
96 692
96 1213
97 1064
97 338
98 99
99 137
100 101
101 551
101 1586
102 103
103 278
103 349
103 465
103 482
103 534
103 703
103 786
103 1640
103 1760
104 105
104 1743
105 558
105 682
105 723
105 911
105 983
105 1370
105 1427
105 1461
105 1561
105 1831
105 1841
106 690
107 108
108 1868
109 110
110 634
110 1221
110 1315
110 1426
110 1541
110 1615
110 1645
110 1665
110 1845
111 112
113 114
113 115
113 158
113 1655
114 1419
116 1244
116 1565
116 1604
116 1809
117 118
118 251
119 120
120 752
120 1033
120 1581
120 1582
121 122
121 910
122 1292
123 124
123 224
123 259
123 436
123 609
123 1045
123 1061
123 1231
123 1397
123 1780
123 1860
125 126
125 138
126 735
126 139
127 499
128 129
129 228
129 274
129 527
129 536
129 641
129 1316
129 1346
129 1472
129 1487
129 1822
130 131
131 518
131 193
131 217
131 263
131 335
131 367
131 570
131 813
131 817
131 900
131 956
131 1140
131 1145
131 1174
131 1194
131 1433
131 1464
131 1544
133 134
133 1234
133 1689
135 136
136 174
136 241
136 656
136 1082
136 1230
136 1360
136 1554
138 139
140 141
141 1624
142 143
143 258
143 327
143 512
143 614
143 701
143 765
143 1528
143 1612
144 145
145 597
145 1412
145 1436
145 1454
146 354
146 1641
147 148
148 215
148 248
148 1603
149 150
151 152
152 836
152 206
152 1424
152 1682
154 155
155 538
155 520
155 1191
155 1535
155 1686
155 1719
155 1788
156 157
157 362
159 1114
160 161
161 673
161 366
161 657
161 685
161 755
161 762
161 832
161 1284
161 1842
162 163
163 255
163 179
163 383
163 410
163 688
163 713
163 1003
163 1184
163 1371
164 165
165 1036
165 329
165 481
165 1210
165 1589
165 1626
166 1018
166 1742
167 168
167 1447
168 700
168 1577
169 170
170 616
170 453
170 746
170 1633
171 172
172 464
172 687
173 174
174 1119
174 281
174 455
174 622
174 733
174 1237
174 1707
175 176
176 566
176 693
176 793
176 912
176 1357
176 1848
177 178
178 1392
178 626
178 849
178 1012
178 1059
178 1152
178 1205
178 1365
178 1475
178 1494
178 1560
178 1864
181 182
182 1304
182 1531
182 1631
184 1617
185 186
185 206
185 1239
186 435
187 188
187 771
188 853
188 247
188 1043
189 190
190 1307
190 575
190 738
190 1445
191 192
192 255
192 814
192 889
192 1260
192 1616
192 1642
194 195
194 666
194 1469
195 380
195 602
195 236
195 325
195 534
195 595
195 775
195 860
195 923
195 1074
195 1138
195 1238
195 1414
195 1455
195 1537
195 1632
195 1640
196 197
197 579
197 594
197 1039
197 1151
197 1425
197 1474
197 1503
197 1772
198 199
198 739
199 1703
199 1044
200 201
201 1218
202 203
202 204
205 206
206 231
206 458
206 715
206 759
206 908
206 965
206 1028
206 1087
206 1190
206 1206
206 1351
206 1356
206 1377
206 1382
208 209
208 460
211 212
212 1274
212 419
213 1870
213 1470
213 1529
213 1790
214 215
215 1718
215 377
215 447
215 467
215 492
215 521
215 571
215 610
215 638
215 743
215 784
215 785
215 823
215 857
215 863
215 875
215 882
215 894
215 927
215 963
215 977
215 984
215 989
215 1060
215 1086
215 1196
215 1198
215 1275
215 1286
215 1302
215 1379
215 1386
215 1399
215 1476
215 1492
215 1495
215 1502
215 1534
215 1567
215 1569
215 1636
215 1691
215 1696
215 1835
216 217
217 727
217 978
217 1557
217 1650
218 219
219 379
220 221
221 917
221 1220
222 223
223 238
223 1435
223 1803
225 226
227 228
228 579
228 661
228 1821
229 230
229 268
232 233
232 705
232 1036
233 249
234 235
235 328
235 252
237 238
238 548
238 409
238 720
238 960
238 1110
238 1382
238 1515
238 1559
238 1590
239 240
240 445
240 309
240 642
240 700
240 775
240 828
240 1185
240 1241
241 578
241 1594
242 243
243 1513
244 245
246 247
246 976
246 1042
247 502
247 976
247 1042
247 1401
247 1671
247 1746
247 1830
250 251
251 1486
254 255
254 890
254 1188
254 1232
254 1233
254 1489
254 1748
255 419
255 328
255 445
255 483
255 596
255 616
255 621
255 663
255 1006
255 1595
256 257
257 579
257 478
257 553
257 608
257 695
257 790
257 839
257 906
257 981
257 985
257 986
257 1026
257 1311
257 1421
257 1514
257 1548
257 1578
257 1857
258 374
258 808
260 261
260 262
261 1193
263 402
263 546
263 645
263 1030
263 1219
263 1269
264 265
264 559
265 1236
270 271
270 381
271 1881
272 273
275 732
276 613
277 278
278 337
278 288
278 387
278 588
278 731
278 760
278 782
278 797
278 861
278 1353
278 1387
278 1432
278 1740
282 283
284 285
285 560
285 1384
286 287
287 292
287 750
287 803
287 940
287 1137
287 1246
287 1403
287 1658
289 290
291 292
292 539
292 881
292 1235
292 1361
292 1368
292 1820
293 294
295 296
297 298
300 301
301 559
302 303
305 306
306 1411
307 308
307 309
308 603
308 1695
309 1769
310 311
311 684
311 1070
311 1207
311 1467
311 1563
312 313
313 1079
313 516
313 1029
314 315
314 1065
314 1150
314 1325
314 1814
316 317
317 460
318 319
319 890
320 321
320 1477
321 551
321 1084
322 323
323 1741
324 325
324 326
325 432
325 582
325 719
325 907
325 1063
325 1623
325 1710
325 1743
326 395
326 1248
327 1856
330 331
331 460
331 930
332 333
333 339
333 1861
336 337
337 807
340 341
341 1507
341 598
341 1101
341 1654
341 1806
343 344
343 508
344 1680
345 346
347 348
347 385
347 648
347 1049
347 1282
347 1451
347 1480
347 1558
348 363
350 351
350 961
351 1555
351 1621
351 1762
352 353
355 356
356 1040
356 1041
356 463
356 710
356 1497
356 1518
356 1556
357 358
358 392
358 394
358 422
358 429
358 830
358 1069
358 1285
361 362
362 400
362 740
362 932
363 364
364 1663
364 573
365 366
366 787
366 887
366 937
366 1022
366 1023
366 1121
366 1345
366 1437
366 1693
366 1768
366 1858
368 369
369 627
370 371
371 578
371 579
371 617
372 373
373 1090
373 1166
373 1175
373 1585
373 1657
375 376
376 700
376 450
376 758
376 1211
376 1672
378 379
379 522
379 1112
379 1141
379 1550
380 1871
380 1564
380 1715
380 1775
381 1222
382 383
383 781
383 852
383 1593
383 1839
386 387
387 885
387 1075
387 1156
387 1314
387 1647
388 389
389 900
389 892
390 391
391 637
393 394
394 1441
395 396
396 829
397 398
398 542
399 400
400 1627
400 970
401 402
402 758
402 1749
402 1812
403 404
404 1257
404 591
404 820
404 864
404 1146
404 1293
405 406
406 880
406 486
406 736
407 408
408 904
411 412
412 878
412 649
412 1525
413 414
414 1250
414 962
415 416
416 1794
416 895
417 418
418 945
418 1579
418 1709
420 421
421 498
422 561
422 1583
423 424
424 647
424 1836
424 535
424 581
424 1215
425 426
426 883
426 655
426 898
426 1007
426 1250
426 1575
426 1765
427 428
427 475
427 827
427 1622
430 431
433 1872
434 435
435 872
435 707
435 1343
435 1676
435 1853
437 438
437 1135
437 1288
440 441
441 1647
444 445
444 880
446 447
447 1099
448 449
448 540
449 1453
452 453
452 1815
453 523
453 769
453 821
453 1199
453 1266
453 1299
453 1738
453 1800
454 455
454 1111
456 457
460 491
460 500
460 510
460 517
460 779
460 1197
460 1675
460 1732
460 1739
460 1750
460 1863
461 462
462 855
462 474
462 834
462 879
462 919
462 955
462 1079
462 1187
466 467
469 470
470 1874
470 699
470 934
470 1058
470 1410
472 473
473 621
477 478
479 480
479 763
480 483
483 714
483 1571
484 485
485 542
485 717
485 1644
485 1702
488 489
488 749
490 491
491 1735
493 494
493 495
493 674
494 540
495 811
496 497
500 503
500 507
500 511
500 1052
500 1308
500 1698
501 502
502 1401
502 1736
508 509
509 1002
509 1031
509 1053
509 1160
513 514
514 1588
514 913
514 1362
514 1605
514 1852
515 1428
517 550
517 794
518 519
522 920
523 524
524 1199
528 529
529 851
530 1873
530 634
530 1354
531 532
532 1240
532 1793
533 534
534 584
534 1560
535 1139
535 1516
537 538
538 580
538 1229
538 1333
538 1380
538 1468
538 1643
538 1661
538 1832
541 542
542 1355
542 1013
542 1318
544 545
545 1240
545 1254
547 548
548 1875
548 1385
549 550
550 959
550 1596
550 1714
550 1744
551 1784
552 553
554 565
554 831
554 1001
555 556
555 557
555 635
555 792
555 865
555 1195
555 1342
559 773
562 563
562 1153
562 1777
563 1186
564 565
567 568
569 570
572 573
576 577
577 621
578 1847
578 1862
580 1267
580 1465
582 583
585 586
587 588
589 590
592 593
593 938
593 858
593 1463
595 596
596 602
596 938
596 947
596 1179
596 1354
596 1355
600 601
601 668
601 1637
601 1787
602 948
602 1027
602 1404
602 1457
602 1511
602 1677
602 1705
602 1734
604 605
604 862
606 607
611 612
614 1144
614 1181
618 619
620 621
620 1173
622 1083
623 624
623 625
623 1844
628 629
629 825
630 631
630 1662
631 1176
632 633
634 679
635 636
636 865
637 638
637 780
637 1462
637 1553
637 1618
638 1545
639 640
640 1720
640 1473
641 661
642 1048
643 644
644 1591
646 647
646 1108
647 1167
647 1131
647 1149
647 1724
647 1850
648 926
648 1499
649 1422
650 651
650 991
651 1003
651 1004
652 653
652 1620
652 1771
654 655
658 659
658 660
658 1381
661 928
661 1291
661 1521
662 663
662 899
664 665
667 668
669 670
669 671
670 1606
671 1606
673 674
675 676
676 1161
676 1136
677 678
679 783
679 1389
680 681
681 921
683 684
684 781
684 1106
684 1673
689 690
690 770
690 1294
690 1483
691 692
692 1660
696 697
697 1164
697 903
704 705
708 709
709 1273
709 1328
709 1625
709 1789
711 712
715 1008
715 1014
715 1420
716 717
717 718
717 1580
721 722
722 973
723 846
723 1071
723 1376
725 726
726 947
726 1244
728 729
729 891
730 731
731 1782
736 1118
737 738
739 1562
744 745
745 1113
745 1533
747 748
748 1097
748 1781
750 1776
751 752
753 754
753 1035
754 954
756 757
761 762
762 1100
766 767
768 769
772 773
774 775
775 1054
775 1278
777 778
782 845
782 1431
782 1635
788 789
788 1854
790 1295
791 792
792 933
792 1391
792 1523
792 1536
794 942
794 1598
795 796
798 799
799 1678
799 1679
799 847
799 856
799 1400
799 1796
800 801
801 940
802 803
803 1109
803 1763
804 1449
805 806
806 1381
806 941
807 1332
809 810
810 1250
810 871
811 1261
812 813
813 1655
816 817
818 819
822 823
824 825
825 1879
825 945
825 982
825 1122
825 1162
825 1263
825 1367
825 1484
825 1602
825 1629
825 1656
825 1708
825 1722
826 827
827 1245
827 1681
831 1171
833 953
833 1366
834 922
835 836
836 1694
836 1786
837 838
843 844
844 1779
848 849
849 966
849 1134
849 1452
850 851
851 1804
851 1847
853 854
853 1124
855 1037
857 1111
859 860
860 884
860 995
860 1159
860 1755
866 867
866 1283
867 1107
867 1458
869 870
873 874
874 1102
874 1170
874 1394
875 1287
875 1481
878 879
886 887
887 1843
890 1339
893 1216
896 897
899 1666
901 902
904 1163
909 910
915 916
917 918
918 919
920 1085
921 922
924 925
925 1446
929 930
931 1695
935 936
940 992
940 1249
943 944
945 946
945 1471
947 1172
947 1802
949 950
950 969
951 952
952 1002
954 955
957 958
958 1438
961 1098
961 1168
961 1726
964 965
965 1760
967 968
968 1129
969 970
969 1430
970 1265
971 972
972 1164
974 1699
980 981
981 1378
981 1690
987 988
989 1076
989 1601
990 991
991 1363
991 1751
993 994
997 998
998 1115
999 1365
1000 1001
1003 1089
1004 1081
1009 1010
1015 1016
1016 1072
1020 1021
1021 1033
1030 1407
1031 1704
1032 1033
1033 1336
1034 1035
1037 1038
1039 1619
1039 1628
1043 1252
1043 1733
1043 1737
1046 1047
1048 1049
1048 1223
1048 1713
1050 1051
1052 1716
1055 1056
1058 1088
1062 1063
1063 1450
1064 1833
1065 1066
1067 1068
1073 1074
1078 1079
1080 1081
1081 1530
1083 1217
1084 1405
1088 1089
1092 1093
1092 1608
1094 1095
1096 1097
1097 1320
1102 1103
1104 1105
1105 1561
1105 1520
1113 1195
1115 1116
1119 1638
1123 1124
1127 1128
1132 1133
1136 1373
1142 1143
1147 1148
1154 1155
1157 1158
1163 1364
1164 1165
1164 1753
1164 1838
1165 1877
1174 1268
1177 1178
1182 1183
1183 1390
1186 1187
1186 1256
1186 1304
1192 1193
1200 1201
1202 1203
1208 1209
1209 1256
1210 1298
1211 1406
1216 1217
1218 1219
1222 1570
1224 1225
1226 1227
1236 1570
1242 1243
1250 1448
1254 1255
1258 1259
1261 1878
1262 1263
1269 1270
1271 1272
1274 1876
1276 1277
1278 1279
1281 1282
1282 1466
1282 1745
1300 1301
1302 1701
1304 1674
1305 1306
1307 1576
1312 1313
1313 1417
1313 1456
1313 1712
1313 1723
1313 1766
1317 1318
1318 1358
1318 1834
1321 1322
1322 1685
1322 1773
1323 1324
1326 1327
1330 1331
1331 1359
1331 1584
1332 1587
1334 1335
1334 1493
1337 1338
1338 1688
1340 1341
1347 1348
1354 1383
1374 1375
1388 1649
1395 1396
1398 1399
1405 1522
1408 1409
1414 1799
1415 1416
1415 1417
1417 1725
1418 1419
1423 1424
1439 1440
1442 1443
1446 1783
1459 1460
1459 1801
1490 1491
1500 1501
1505 1506
1506 1840
1508 1509
1517 1518
1517 1660
1526 1527
1527 1810
1537 1664
1538 1539
1542 1543
1543 1566
1548 1549
1550 1778
1551 1552
1551 1652
1571 1572
1572 1748
1573 1574
1581 1582
1598 1711
1599 1600
1607 1608
1609 1610
1613 1614
1615 1811
1615 1851
1636 1637
1666 1667
1669 1670
1683 1880
1697 1698
1716 1717
1727 1728
1747 1748
1756 1757
1758 1759
1773 1774
1791 1792
1791 1855
1797 1798
1807 1808
1816 1817
1823 1824
1823 1825
1865 1866
