0 182
0 298
0 308
0 383
0 410
0 431
1 355
1 430
2 163
3 176
3 207
3 210
3 250
3 258
3 275
3 277
3 283
3 301
3 403
3 450
4 164
4 245
4 459
4 478
5 9
5 20
5 79
5 251
5 275
5 363
5 391
5 421
5 442
7 30
7 40
7 68
7 77
7 161
7 264
7 274
7 276
7 288
7 295
7 324
7 393
7 435
7 450
7 475
8 159
8 208
8 462
9 16
9 20
9 43
9 77
9 112
9 125
9 136
9 138
9 144
9 161
9 174
9 176
9 210
9 224
9 245
9 258
9 267
9 275
9 279
9 312
9 313
9 323
9 342
9 363
9 373
9 378
9 421
9 438
9 440
9 442
9 449
9 450
9 455
9 459
9 478
10 83
10 143
10 316
10 337
10 370
10 401
10 405
10 406
11 419
12 75
12 364
14 15
14 57
14 208
14 340
14 430
15 57
15 222
16 154
16 245
16 246
16 328
16 340
16 391
17 224
17 370
17 376
19 79
19 105
19 328
20 61
20 77
20 105
20 136
20 155
20 161
20 251
20 279
20 290
20 306
20 313
20 329
20 336
20 349
20 363
20 397
20 398
20 411
20 412
20 419
20 421
20 438
20 442
20 480
21 351
22 151
22 339
22 395
23 342
23 373
23 381
23 442
23 448
24 243
26 75
26 106
26 204
26 342
26 348
26 396
26 430
26 467
26 474
27 148
27 176
27 203
27 250
27 265
27 290
27 403
27 445
28 50
28 347
28 437
28 479
29 31
29 131
30 68
30 183
30 274
30 276
31 131
33 37
33 104
33 205
33 267
33 281
34 129
34 135
34 210
35 159
35 201
35 211
35 413
35 459
36 267
36 383
36 390
37 183
37 205
37 403
37 445
37 477
38 51
38 396
39 126
40 68
40 324
41 50
41 55
41 230
41 243
41 341
41 353
42 93
43 66
43 77
43 81
43 96
43 161
43 172
43 183
43 194
43 196
43 206
43 224
43 226
43 248
43 281
43 297
43 298
43 301
43 313
43 331
43 367
43 383
43 411
43 421
43 430
43 442
43 450
43 478
43 482
43 484
44 63
44 339
45 79
45 120
45 196
45 197
45 279
45 411
45 423
45 450
45 459
46 403
47 76
47 135
47 206
48 313
48 365
49 319
49 479
50 54
50 294
50 437
50 479
51 304
51 307
51 323
51 396
51 474
52 175
52 451
53 77
53 137
53 161
53 196
53 363
54 183
54 305
54 411
54 419
54 458
55 341
56 380
56 452
57 112
57 125
57 136
57 160
57 161
57 167
57 173
57 183
57 222
57 273
57 279
57 313
57 363
57 369
57 385
57 419
57 421
59 326
59 347
59 471
60 61
60 163
60 297
60 454
61 96
61 105
61 110
61 133
61 136
61 329
61 412
61 465
61 484
62 297
62 342
62 359
62 362
62 484
63 339
64 148
65 205
65 368
66 206
66 331
67 364
68 77
68 154
68 160
68 161
68 183
68 192
68 198
68 206
68 222
68 260
68 261
68 268
68 274
68 295
68 324
68 338
68 369
68 392
68 393
68 435
68 481
68 484
69 79
69 96
69 209
69 226
70 125
70 160
70 173
70 190
70 222
70 268
70 326
70 369
70 385
70 423
70 478
71 154
71 295
71 393
72 323
73 77
73 161
73 192
74 251
74 312
74 442
75 94
75 170
75 312
75 351
75 387
75 430
76 406
77 123
77 131
77 136
77 144
77 154
77 161
77 173
77 208
77 245
77 323
77 324
77 378
77 421
77 442
77 449
77 455
77 459
77 460
77 465
77 480
77 482
77 485
78 128
78 143
78 215
78 230
78 341
78 414
79 95
79 161
79 182
79 183
79 193
79 196
79 207
79 251
79 279
79 313
79 363
79 393
79 442
79 450
79 455
80 85
81 120
81 295
81 433
81 440
81 459
81 484
83 115
83 255
83 370
84 312
85 98
85 297
85 309
85 336
85 363
85 365
85 413
85 427
85 482
85 484
86 88
86 171
86 172
86 323
87 183
88 171
88 172
89 165
89 251
89 356
89 472
90 251
90 279
91 139
91 176
91 355
92 230
93 341
94 195
94 271
94 284
94 364
94 387
95 183
95 364
95 447
96 136
96 245
96 279
96 404
96 478
97 441
97 465
98 155
98 347
98 440
98 484
99 146
99 219
99 235
100 206
101 165
101 356
102 183
102 456
103 138
103 163
103 342
103 381
103 448
104 161
104 169
104 205
104 254
104 267
104 299
104 368
104 375
104 411
104 419
105 136
105 309
105 412
106 342
106 370
106 462
107 392
107 450
108 318
110 144
110 265
112 134
112 183
112 267
112 336
112 363
112 482
113 181
113 232
113 364
113 447
114 116
114 396
115 143
115 439
116 135
116 172
116 209
116 263
116 396
116 415
117 383
118 176
118 250
119 374
119 381
120 154
120 161
120 186
120 198
120 245
120 295
120 298
120 305
120 348
120 410
120 433
120 435
120 440
120 459
123 124
123 156
123 227
123 241
123 265
123 410
124 207
124 354
124 423
124 461
125 144
125 154
125 160
125 173
125 174
125 183
125 222
125 223
125 268
125 281
125 297
125 326
125 328
125 333
125 354
125 369
125 385
125 392
125 411
125 419
125 421
125 423
125 459
126 286
126 383
128 341
129 135
129 210
129 245
130 364
131 136
131 144
131 161
131 323
131 421
131 449
131 455
131 482
132 176
132 290
133 254
133 459
134 336
134 419
134 480
135 150
135 159
135 183
135 210
135 277
135 313
135 430
136 144
136 161
136 245
136 273
136 279
136 323
136 328
136 363
136 373
136 378
136 412
136 419
136 440
136 480
138 201
138 373
138 390
139 316
139 353
139 402
139 436
139 469
140 194
140 329
141 176
141 301
141 329
141 419
141 434
143 282
143 341
143 370
144 160
144 161
144 169
144 173
144 176
144 210
144 245
144 250
144 251
144 265
144 275
144 277
144 279
144 323
144 328
144 363
144 370
144 373
144 398
144 419
144 455
144 459
145 249
146 217
146 235
146 355
146 443
147 459
147 468
148 176
148 250
148 265
148 283
148 301
148 350
148 403
149 173
149 290
150 357
151 199
152 198
152 257
152 331
152 429
152 450
152 459
153 491
154 179
154 192
154 198
154 245
154 246
154 260
154 261
154 295
154 324
154 328
154 338
154 391
154 435
155 209
155 256
155 297
155 313
155 333
156 328
156 421
158 343
159 370
159 430
160 169
160 173
160 222
160 260
160 261
160 268
160 274
160 363
160 369
160 385
160 478
161 183
161 196
161 207
161 208
161 245
161 273
161 279
161 304
161 313
161 323
161 324
161 363
161 368
161 373
161 378
161 410
161 411
161 419
161 421
161 430
161 442
161 446
161 460
161 465
161 480
161 482
161 485
162 219
162 342
162 462
163 204
163 285
163 309
163 342
163 399
163 422
163 467
165 356
166 180
168 456
169 205
169 254
169 299
169 363
169 383
170 240
172 181
172 183
172 263
172 301
172 305
172 383
172 384
172 396
173 222
173 223
173 248
173 251
173 257
173 268
173 281
173 313
173 326
173 349
173 363
173 369
173 385
173 442
173 455
173 459
173 478
173 488
174 254
174 281
174 301
174 328
174 368
174 411
174 459
175 242
175 279
175 332
175 381
175 387
175 407
175 426
175 451
176 250
176 265
176 279
176 290
176 301
176 305
176 328
176 343
176 350
176 363
176 368
176 383
176 398
176 403
176 411
176 419
176 434
176 438
176 442
176 459
177 456
178 367
178 448
178 472
179 245
179 338
179 476
181 314
181 383
181 390
181 419
181 480
182 383
183 189
183 192
183 196
183 214
183 222
183 231
183 244
183 260
183 261
183 274
183 302
183 305
183 308
183 313
183 324
183 331
183 362
183 363
183 392
183 393
183 423
183 450
183 455
183 458
183 459
183 484
184 431
185 192
185 266
187 387
187 443
190 192
190 198
190 266
190 369
191 231
192 198
192 222
192 266
192 362
192 476
193 196
194 226
195 386
196 313
196 365
196 367
196 446
196 459
196 482
197 209
197 297
198 261
198 324
198 435
198 459
200 339
201 390
202 320
202 328
202 425
204 285
204 323
204 346
204 348
204 357
204 448
205 267
205 281
205 368
206 334
207 430
208 430
209 297
209 450
209 484
210 245
210 258
210 275
211 365
211 383
211 413
211 455
211 459
212 228
212 252
214 245
214 281
214 321
216 389
216 395
217 235
219 342
219 351
219 448
221 292
222 260
222 261
222 268
222 324
222 326
222 369
222 385
222 459
222 476
222 478
223 281
223 385
224 281
224 421
227 265
228 229
228 252
228 389
228 436
228 440
230 341
230 439
230 464
230 483
231 393
232 327
232 447
233 297
233 341
235 431
236 350
237 430
238 331
238 362
239 364
241 254
241 278
241 301
241 363
241 442
241 455
242 342
242 381
242 387
243 298
243 316
243 369
243 431
243 465
244 245
244 275
244 306
245 246
245 272
245 301
245 328
245 338
245 342
245 368
245 378
245 391
245 421
245 440
245 450
245 478
246 328
246 391
247 316
248 281
248 363
249 284
250 301
250 328
250 363
250 398
250 403
251 323
251 328
251 356
251 363
251 382
251 411
251 421
251 442
253 306
253 408
253 487
254 281
254 299
254 313
254 328
254 349
254 363
254 375
254 455
254 459
254 478
255 419
255 456
256 333
257 268
257 459
259 436
260 261
260 268
260 324
260 393
260 478
261 268
261 324
261 478
262 292
262 372
263 342
263 396
264 274
264 276
264 475
267 336
267 363
268 313
268 324
268 363
268 385
268 459
268 478
274 276
274 392
274 435
274 475
275 279
275 306
275 334
275 368
275 378
275 419
276 295
276 393
276 475
277 313
277 419
279 313
279 328
279 349
279 378
279 381
279 398
279 410
279 411
279 421
279 430
279 438
279 455
279 470
279 482
280 467
281 330
281 349
281 363
281 403
281 421
283 403
284 441
285 342
285 381
285 448
286 328
286 421
286 472
287 403
288 393
288 435
288 450
290 350
290 453
291 381
292 345
292 428
292 460
293 417
295 440
296 323
296 357
296 446
297 323
297 359
297 362
297 413
297 450
297 484
298 305
298 308
298 384
298 402
298 419
298 440
298 453
298 456
301 350
301 383
301 390
301 403
301 442
303 350
304 368
304 421
304 430
305 308
305 347
305 440
306 408
306 487
307 399
309 359
309 365
309 412
309 419
309 427
309 480
310 311
310 407
311 407
312 373
312 381
312 449
313 336
313 363
313 367
313 375
313 385
313 459
313 463
315 355
316 333
316 353
316 358
316 370
316 401
316 406
318 342
318 381
318 387
318 437
318 448
320 425
323 346
323 357
323 359
323 381
324 338
324 393
324 435
326 347
326 385
326 459
326 488
327 460
328 340
328 349
328 363
328 364
328 373
328 383
328 391
328 411
328 421
328 438
328 442
328 459
328 463
329 349
329 437
329 438
330 421
331 362
331 393
333 385
335 342
336 363
336 365
336 427
336 482
337 406
337 453
338 476
339 405
340 400
340 421
340 459
341 406
342 370
342 378
342 381
342 388
342 396
342 399
342 422
342 426
342 430
342 448
342 467
342 474
345 363
346 357
347 484
348 410
348 430
348 474
349 363
349 442
349 459
351 407
351 431
351 451
352 411
352 412
352 419
353 406
354 385
354 423
355 356
355 419
355 434
355 441
355 443
355 456
355 461
355 472
357 478
359 362
359 431
359 441
359 484
361 467
362 393
362 484
363 383
363 385
363 398
363 421
363 442
363 454
363 455
363 459
363 480
363 482
364 447
365 413
365 427
368 412
368 421
368 430
368 465
369 385
369 392
369 459
370 387
370 405
370 430
371 446
372 403
373 381
373 387
373 430
373 442
373 446
373 448
373 451
373 459
376 416
376 467
378 419
378 440
378 450
378 455
380 387
380 451
380 452
381 411
381 419
381 426
381 442
382 442
383 384
383 390
383 413
383 421
384 421
385 392
385 411
385 419
385 423
385 459
385 478
387 407
387 441
387 451
389 395
389 405
393 435
393 450
393 481
396 430
396 474
398 440
398 478
401 405
402 430
402 436
402 466
402 469
403 418
403 421
407 426
407 451
408 487
409 424
410 430
411 419
411 421
411 442
413 459
419 427
419 430
419 441
419 442
419 456
419 480
419 489
421 430
421 442
421 449
421 455
421 470
421 478
421 482
421 484
426 451
428 458
430 431
430 441
432 482
433 440
434 437
434 456
436 466
436 469
437 456
437 479
439 456
440 459
440 484
441 456
442 455
442 459
443 456
443 472
443 473
449 482
453 472
454 478
455 459
455 478
455 482
459 463
460 485
464 483
465 480
466 469
475 478
