0 180
0 294
0 304
0 378
0 405
0 426
1 351
1 425
2 161
3 174
3 205
3 208
3 248
3 256
3 272
3 274
3 280
3 297
3 398
3 445
4 162
4 243
4 453
4 471
5 9
5 20
5 77
5 249
5 272
5 359
5 386
5 416
5 437
7 30
7 39
7 66
7 75
7 159
7 271
7 273
7 285
7 291
7 320
7 388
7 430
7 445
8 157
8 206
8 456
9 16
9 20
9 42
9 75
9 110
9 123
9 134
9 136
9 142
9 159
9 172
9 174
9 208
9 222
9 243
9 256
9 264
9 272
9 276
9 308
9 309
9 319
9 338
9 359
9 369
9 374
9 416
9 433
9 435
9 437
9 444
9 445
9 449
9 453
9 471
10 81
10 141
10 312
10 333
10 366
10 396
10 400
10 401
11 414
12 73
12 360
14 15
14 55
14 206
14 336
14 425
15 55
15 220
16 152
16 243
16 244
16 324
16 336
16 386
17 222
17 366
17 372
19 77
19 103
19 324
20 59
20 75
20 103
20 134
20 153
20 159
20 249
20 276
20 287
20 302
20 309
20 325
20 332
20 345
20 359
20 392
20 393
20 406
20 407
20 414
20 416
20 433
20 437
20 473
21 347
22 149
22 335
22 390
23 338
23 376
23 437
23 443
24 241
26 73
26 104
26 202
26 338
26 344
26 391
26 425
26 461
26 468
27 146
27 174
27 201
27 248
27 262
27 287
27 398
27 440
28 49
28 343
28 432
28 472
29 31
29 129
30 66
30 181
30 271
30 273
31 129
33 37
33 102
33 203
33 264
33 278
34 127
34 133
34 208
35 157
35 199
35 209
35 408
35 453
36 264
36 378
36 385
37 181
37 203
37 398
37 440
37 470
38 124
39 66
39 320
40 49
40 54
40 228
40 241
40 337
40 349
41 91
42 64
42 75
42 79
42 94
42 159
42 170
42 181
42 192
42 194
42 204
42 222
42 224
42 246
42 278
42 293
42 294
42 297
42 309
42 327
42 363
42 378
42 406
42 416
42 425
42 437
42 445
42 471
42 475
42 477
43 61
43 335
44 77
44 118
44 194
44 195
44 276
44 406
44 418
44 445
44 453
45 398
46 74
46 133
47 309
47 361
48 315
48 472
49 53
49 290
49 432
49 472
50 300
50 303
50 319
50 391
50 468
51 173
51 446
52 75
52 135
52 159
52 194
52 359
53 181
53 301
53 406
53 414
53 452
54 337
55 110
55 123
55 134
55 158
55 159
55 165
55 171
55 181
55 220
55 270
55 276
55 309
55 359
55 365
55 380
55 414
55 416
57 322
57 343
57 465
58 161
58 293
58 448
59 94
59 103
59 108
59 131
59 134
59 325
59 407
59 459
59 477
60 293
60 338
60 355
60 358
60 477
61 335
62 146
63 203
63 364
64 204
64 327
65 360
66 75
66 152
66 158
66 159
66 181
66 190
66 196
66 204
66 220
66 258
66 259
66 265
66 271
66 291
66 320
66 334
66 365
66 387
66 388
66 430
66 474
66 477
67 77
67 94
67 207
67 224
68 123
68 158
68 171
68 188
68 220
68 322
68 365
68 380
68 418
68 471
69 152
69 291
69 388
70 319
71 75
71 159
71 190
72 249
72 308
72 437
73 92
73 168
73 308
73 347
73 382
73 425
74 401
75 121
75 129
75 134
75 142
75 152
75 159
75 171
75 206
75 243
75 319
75 320
75 374
75 416
75 437
75 444
75 449
75 453
75 454
75 459
75 473
75 475
75 478
76 126
76 141
76 213
76 228
76 337
76 409
77 93
77 159
77 180
77 181
77 191
77 194
77 205
77 249
77 276
77 309
77 359
77 388
77 437
77 445
77 449
78 83
79 118
79 291
79 428
79 435
79 453
79 477
81 113
81 253
81 366
82 308
83 96
83 293
83 305
83 332
83 359
83 361
83 408
83 422
83 475
83 477
84 86
84 169
84 170
84 319
85 181
86 169
86 170
87 163
87 249
87 352
87 466
88 249
88 276
89 137
89 174
89 351
90 228
91 337
92 193
92 268
92 281
92 360
92 382
93 181
93 360
93 442
94 134
94 243
94 276
94 399
94 471
95 436
95 459
96 153
96 343
96 435
96 477
97 144
97 217
97 233
98 204
99 163
99 352
100 181
100 450
101 136
101 161
101 338
101 376
101 443
102 159
102 167
102 203
102 252
102 264
102 295
102 364
102 406
102 414
103 134
103 305
103 407
104 338
104 366
104 456
105 387
105 445
106 314
108 142
108 262
110 132
110 181
110 264
110 332
110 359
110 475
111 179
111 230
111 360
111 442
112 114
112 391
113 141
113 434
114 133
114 170
114 207
114 261
114 391
114 410
115 378
116 174
116 248
117 370
117 376
118 152
118 159
118 184
118 196
118 243
118 291
118 294
118 301
118 344
118 405
118 428
118 430
118 435
118 453
121 122
121 154
121 225
121 239
121 262
121 405
122 205
122 350
122 418
122 455
123 142
123 158
123 171
123 172
123 181
123 220
123 221
123 265
123 278
123 293
123 322
123 324
123 329
123 350
123 365
123 380
123 387
123 406
123 414
123 416
123 418
123 453
124 283
124 378
126 337
127 133
127 208
127 243
128 360
129 134
129 142
129 159
129 319
129 416
129 444
129 449
129 475
130 174
130 287
131 252
131 453
132 332
132 414
132 473
133 148
133 157
133 181
133 208
133 274
133 309
133 425
134 142
134 159
134 243
134 270
134 276
134 319
134 324
134 359
134 369
134 374
134 407
134 414
134 435
134 473
136 199
136 369
136 385
137 312
137 349
137 397
137 431
137 463
138 192
138 325
139 174
139 297
139 325
139 414
139 429
141 279
141 337
141 366
142 158
142 159
142 167
142 171
142 174
142 208
142 243
142 248
142 249
142 262
142 272
142 274
142 276
142 319
142 324
142 359
142 366
142 369
142 393
142 414
142 449
142 453
143 247
144 215
144 233
144 351
144 438
145 453
145 462
146 174
146 248
146 262
146 280
146 297
146 346
146 398
147 171
147 287
148 353
149 197
150 196
150 255
150 327
150 424
150 445
152 177
152 190
152 196
152 243
152 244
152 258
152 259
152 291
152 320
152 324
152 334
152 386
152 430
153 207
153 254
153 293
153 309
153 329
154 324
154 416
156 339
157 366
157 425
158 167
158 171
158 220
158 258
158 259
158 265
158 271
158 359
158 365
158 380
158 471
159 181
159 194
159 205
159 206
159 243
159 270
159 276
159 300
159 309
159 319
159 320
159 359
159 364
159 369
159 374
159 405
159 406
159 414
159 416
159 425
159 437
159 441
159 454
159 459
159 473
159 475
159 478
160 217
160 338
160 456
161 202
161 282
161 305
161 338
161 394
161 417
163 352
164 178
166 450
167 203
167 252
167 295
167 359
167 378
168 238
170 179
170 181
170 261
170 297
170 301
170 378
170 379
170 391
171 220
171 221
171 246
171 249
171 255
171 265
171 278
171 309
171 322
171 345
171 359
171 365
171 380
171 437
171 449
171 453
171 471
171 481
172 252
172 278
172 297
172 324
172 364
172 406
172 453
173 240
173 276
173 328
173 376
173 382
173 402
173 421
173 446
174 248
174 262
174 276
174 287
174 297
174 301
174 324
174 339
174 346
174 359
174 364
174 378
174 393
174 398
174 406
174 414
174 429
174 433
174 437
174 453
175 450
176 363
176 443
176 466
177 243
177 334
177 469
179 310
179 378
179 385
179 414
179 473
180 378
181 187
181 190
181 194
181 212
181 220
181 229
181 242
181 258
181 259
181 271
181 298
181 301
181 304
181 309
181 320
181 327
181 358
181 359
181 387
181 388
181 418
181 445
181 449
181 452
181 453
181 477
182 426
183 190
183 263
185 382
185 438
188 190
188 196
188 365
189 229
190 196
190 220
190 263
190 358
190 469
191 194
192 224
193 381
194 309
194 361
194 363
194 441
194 453
194 475
195 207
195 293
196 320
196 430
198 335
199 385
200 316
200 324
200 420
202 282
202 319
202 342
202 344
202 353
202 443
203 264
203 278
203 364
204 330
205 425
206 425
207 293
207 445
207 477
208 243
208 256
208 272
209 361
209 378
209 408
209 449
209 453
210 226
210 250
212 243
212 278
212 317
214 384
214 390
215 233
217 338
217 347
217 443
219 288
220 258
220 259
220 265
220 320
220 322
220 365
220 380
220 453
220 469
220 471
221 278
221 380
222 278
222 416
225 262
226 227
226 250
226 384
226 431
226 435
228 337
228 434
228 458
228 476
229 388
230 323
230 442
231 293
231 337
234 346
235 425
236 327
236 358
237 360
239 252
239 275
239 297
239 359
239 437
239 449
240 338
240 376
240 382
241 294
241 312
241 365
241 426
241 459
242 243
242 272
242 302
243 244
243 269
243 297
243 324
243 334
243 338
243 364
243 374
243 386
243 416
243 435
243 445
243 471
244 324
244 386
245 312
246 278
246 359
247 281
248 297
248 324
248 359
248 393
248 398
249 319
249 324
249 352
249 359
249 377
249 406
249 416
249 437
251 302
251 403
251 480
252 278
252 295
252 324
252 345
252 449
252 453
252 471
253 414
253 450
254 329
255 265
255 453
257 431
258 259
258 265
258 320
258 388
258 471
259 265
259 320
259 471
260 288
260 368
261 338
261 391
264 332
264 359
265 309
265 320
265 359
265 380
265 453
265 471
271 273
271 387
271 430
272 276
272 302
272 330
272 364
272 374
272 414
273 291
273 388
274 309
274 414
276 309
276 324
276 345
276 374
276 376
276 393
276 405
276 406
276 416
276 425
276 433
276 449
276 464
276 475
277 461
278 326
278 345
278 359
278 398
278 416
280 398
281 436
282 338
282 376
282 443
283 324
283 416
283 466
284 398
285 388
285 430
285 445
287 346
287 447
288 341
288 423
288 454
289 412
291 435
292 319
292 353
292 441
293 319
293 355
293 445
293 477
294 301
294 304
294 379
294 397
294 414
294 435
294 447
294 450
297 346
297 378
297 385
297 398
297 437
299 346
300 364
300 416
300 425
301 304
301 343
301 435
302 403
302 480
303 394
305 355
305 361
305 407
305 414
305 422
305 473
306 307
306 402
307 402
308 369
308 376
308 444
309 332
309 359
309 363
309 371
309 380
309 453
309 457
311 351
312 329
312 349
312 354
312 366
312 396
312 401
314 338
314 376
314 382
314 432
314 443
316 420
319 342
319 353
319 355
319 376
320 334
320 388
320 430
322 343
322 380
322 453
322 481
323 454
324 336
324 345
324 359
324 360
324 369
324 378
324 386
324 406
324 416
324 433
324 437
324 453
325 432
325 433
326 416
327 358
327 388
329 380
331 338
332 359
332 361
332 422
332 475
333 401
333 447
334 469
335 400
336 395
336 416
336 453
337 401
338 366
338 374
338 376
338 383
338 391
338 394
338 417
338 421
338 425
338 443
338 461
338 468
341 359
342 353
343 477
344 405
344 425
344 468
345 359
345 437
345 453
347 402
347 426
347 446
348 406
348 407
348 414
349 401
350 380
350 418
351 352
351 414
351 429
351 436
351 438
351 450
351 455
351 466
353 471
355 358
355 426
355 436
355 477
357 461
358 388
358 477
359 378
359 380
359 393
359 416
359 437
359 448
359 449
359 453
359 473
359 475
360 442
361 408
361 422
364 407
364 416
364 425
364 459
365 380
365 387
365 453
366 382
366 400
366 425
367 441
368 398
369 376
369 382
369 425
369 437
369 441
369 443
369 446
369 453
372 411
372 461
374 414
374 435
374 445
374 449
376 406
376 414
376 421
376 437
377 437
378 379
378 385
378 408
378 416
379 416
380 387
380 406
380 414
380 418
380 453
380 471
382 402
382 436
382 446
384 390
384 400
388 430
388 445
388 474
391 425
391 468
393 435
393 471
396 400
397 425
397 431
397 460
397 463
398 413
398 416
402 421
402 446
403 480
404 419
405 425
406 414
406 416
406 437
408 453
414 422
414 425
414 436
414 437
414 450
414 473
414 482
416 425
416 437
416 444
416 449
416 464
416 471
416 475
416 477
421 446
423 452
425 426
425 436
427 475
428 435
429 432
429 450
431 460
431 463
432 450
432 472
434 450
435 453
435 477
436 450
437 449
437 453
438 450
438 466
438 467
444 475
447 466
448 471
449 453
449 471
449 475
453 457
454 478
458 476
459 473
460 463
