0 173
0 286
0 295
0 367
0 414
1 342
1 413
2 167
2 198
2 201
2 240
2 248
2 264
2 266
2 272
2 288
2 386
2 433
3 155
3 236
3 440
3 458
4 8
4 16
4 72
4 241
4 264
4 350
4 374
4 404
4 425
6 26
6 34
6 61
6 70
6 152
6 263
6 265
6 277
6 283
6 311
6 376
6 418
6 433
7 150
7 199
7 443
8 13
8 16
8 37
8 70
8 103
8 116
8 127
8 129
8 135
8 152
8 165
8 167
8 201
8 215
8 236
8 248
8 256
8 264
8 268
8 299
8 300
8 310
8 329
8 350
8 359
8 364
8 404
8 421
8 425
8 432
8 433
8 436
8 440
8 458
9 76
9 134
9 303
9 324
9 356
9 384
9 388
9 389
10 402
11 68
11 351
13 145
13 236
13 237
13 315
13 327
13 374
14 215
14 356
14 362
15 72
15 96
15 315
16 54
16 70
16 96
16 127
16 146
16 152
16 241
16 268
16 279
16 293
16 300
16 316
16 323
16 336
16 350
16 380
16 381
16 394
16 395
16 402
16 404
16 421
16 425
16 460
17 338
18 142
18 326
18 378
19 329
19 366
19 425
19 431
20 234
22 68
22 97
22 195
22 329
22 335
22 379
22 413
22 448
22 455
23 139
23 167
23 194
23 240
23 254
23 279
23 386
23 428
24 44
24 334
24 420
24 459
25 27
25 122
26 61
26 174
26 263
26 265
27 122
29 120
29 126
29 201
30 150
30 192
30 202
30 396
30 440
31 256
31 367
31 373
32 174
32 196
32 386
32 428
32 457
33 117
34 61
34 311
35 44
35 49
35 221
35 234
35 328
35 340
36 86
37 59
37 70
37 74
37 89
37 152
37 163
37 174
37 187
37 197
37 215
37 217
37 270
37 285
37 286
37 288
37 300
37 318
37 367
37 394
37 404
37 413
37 425
37 433
37 458
37 462
37 464
38 56
38 326
39 72
39 111
39 187
39 188
39 268
39 394
39 406
39 433
40 386
41 69
41 126
42 300
42 352
43 306
43 459
44 48
44 282
44 420
44 459
45 291
45 294
45 310
45 379
45 455
46 166
46 434
47 70
47 128
47 152
47 187
47 350
48 174
48 292
48 394
48 402
48 439
49 328
50 103
50 116
50 127
50 151
50 152
50 158
50 164
50 174
50 213
50 262
50 268
50 300
50 350
50 355
50 369
50 402
50 404
52 313
52 334
52 452
53 154
53 285
54 89
54 96
54 101
54 124
54 127
54 316
54 395
54 446
54 464
55 285
55 329
55 346
55 349
55 464
56 326
57 139
58 196
58 354
59 197
59 318
60 351
61 70
61 145
61 151
61 152
61 174
61 183
61 189
61 197
61 213
61 250
61 251
61 257
61 263
61 283
61 311
61 325
61 355
61 375
61 376
61 418
61 461
61 464
62 72
62 89
62 200
62 217
63 116
63 151
63 181
63 213
63 313
63 355
63 369
63 406
63 458
64 145
64 283
64 376
65 310
66 70
66 152
66 183
67 241
67 299
67 425
68 87
68 161
68 299
68 338
68 371
68 413
69 389
70 114
70 122
70 127
70 135
70 145
70 152
70 164
70 199
70 236
70 310
70 311
70 364
70 404
70 425
70 432
70 436
70 440
70 441
70 446
70 460
70 462
70 465
71 119
71 134
71 206
71 221
71 328
71 397
72 88
72 152
72 173
72 174
72 184
72 187
72 241
72 268
72 300
72 350
72 376
72 425
72 433
72 436
73 78
74 111
74 283
74 416
74 423
74 440
74 464
76 106
76 245
76 356
77 299
78 91
78 285
78 296
78 323
78 350
78 352
78 396
78 410
78 462
78 464
79 81
79 162
79 163
79 310
80 174
81 162
81 163
82 156
82 241
82 343
82 453
83 241
83 268
84 130
84 167
84 342
85 221
86 328
87 186
87 260
87 273
87 351
87 371
88 174
88 351
88 430
89 127
89 236
89 268
89 387
89 458
90 424
90 446
91 146
91 334
91 423
91 464
92 137
92 210
92 226
93 156
93 343
94 174
94 437
95 129
95 154
95 329
95 366
95 431
96 127
96 296
96 395
97 329
97 356
97 443
98 375
98 433
99 305
101 135
101 254
103 125
103 174
103 256
103 323
103 350
103 462
104 172
104 223
104 351
104 430
105 107
105 379
106 134
106 422
107 126
107 163
107 200
107 253
107 379
107 398
108 367
109 167
109 240
110 360
110 366
111 152
111 177
111 236
111 283
111 286
111 292
111 335
111 416
111 418
111 423
111 440
114 115
114 147
114 218
114 232
114 254
115 198
115 341
115 406
115 442
116 135
116 151
116 164
116 165
116 174
116 213
116 214
116 257
116 285
116 313
116 315
116 320
116 341
116 355
116 369
116 375
116 394
116 402
116 404
116 406
116 440
117 275
117 367
119 328
120 126
120 201
120 236
121 351
122 127
122 135
122 152
122 310
122 404
122 436
122 462
123 167
123 279
124 244
124 440
125 323
125 402
125 460
126 141
126 150
126 174
126 201
126 266
126 300
126 413
127 135
127 152
127 236
127 262
127 268
127 310
127 315
127 350
127 359
127 364
127 395
127 402
127 423
127 460
129 192
129 359
129 373
130 303
130 340
130 385
130 419
130 450
131 185
131 316
132 167
132 288
132 316
132 402
132 417
134 271
134 328
134 356
135 151
135 152
135 160
135 164
135 167
135 201
135 236
135 240
135 241
135 254
135 264
135 266
135 268
135 310
135 315
135 350
135 356
135 359
135 381
135 402
135 436
135 440
136 239
137 208
137 226
137 342
137 426
138 440
138 449
139 167
139 240
139 254
139 272
139 288
139 337
139 386
140 164
140 279
141 344
142 190
143 189
143 247
143 318
143 412
143 433
145 170
145 183
145 189
145 236
145 237
145 250
145 251
145 283
145 311
145 315
145 325
145 374
145 418
146 200
146 246
146 285
146 300
146 320
147 315
147 404
149 330
150 356
150 413
151 160
151 164
151 213
151 250
151 251
151 257
151 263
151 350
151 355
151 369
151 458
152 174
152 187
152 198
152 199
152 236
152 262
152 268
152 291
152 300
152 310
152 311
152 350
152 354
152 359
152 364
152 394
152 402
152 404
152 413
152 425
152 429
152 441
152 446
152 460
152 462
152 465
153 210
153 329
153 443
154 195
154 274
154 296
154 329
154 382
154 405
156 343
157 171
159 437
160 350
160 367
161 231
163 172
163 174
163 253
163 288
163 292
163 367
163 368
163 379
164 213
164 214
164 241
164 247
164 257
164 270
164 300
164 313
164 336
164 350
164 355
164 369
164 425
164 436
164 440
164 458
164 468
165 244
165 288
165 315
165 354
165 394
165 440
166 233
166 268
166 319
166 366
166 371
166 390
166 409
166 434
167 240
167 254
167 268
167 279
167 288
167 292
167 315
167 330
167 337
167 350
167 354
167 367
167 381
167 386
167 394
167 402
167 417
167 421
167 425
167 440
168 437
169 431
169 453
170 236
170 325
170 456
172 301
172 367
172 373
172 402
172 460
173 367
174 180
174 183
174 187
174 205
174 213
174 222
174 235
174 250
174 251
174 263
174 289
174 292
174 295
174 300
174 311
174 318
174 349
174 350
174 375
174 376
174 406
174 433
174 436
174 439
174 440
174 464
175 414
176 183
176 255
178 371
178 426
181 183
181 189
181 355
182 222
183 189
183 213
183 255
183 349
183 456
184 187
186 370
187 300
187 352
187 429
187 440
187 462
188 200
188 285
189 311
189 418
191 326
192 373
193 307
193 315
193 408
195 274
195 310
195 333
195 335
195 344
195 431
196 256
196 354
197 321
198 413
199 413
200 285
200 433
200 464
201 236
201 248
201 264
202 352
202 367
202 396
202 436
202 440
203 219
203 242
205 236
205 270
205 308
207 378
208 226
210 329
210 338
210 431
212 280
213 250
213 251
213 257
213 311
213 313
213 355
213 369
213 440
213 456
213 458
214 270
214 369
215 270
215 404
218 254
219 220
219 242
219 419
219 423
221 328
221 422
221 445
221 463
222 376
223 314
223 430
224 328
227 337
228 413
229 318
229 349
230 351
232 244
232 267
232 350
232 425
232 436
233 329
233 366
233 371
234 286
234 303
234 355
234 414
234 446
235 236
235 264
235 293
236 237
236 261
236 288
236 315
236 325
236 329
236 354
236 364
236 374
236 404
236 423
236 433
236 458
237 315
237 374
238 303
239 273
240 288
240 315
240 350
240 381
240 386
241 310
241 315
241 343
241 350
241 394
241 404
241 425
243 293
243 391
243 467
244 315
244 336
244 436
244 440
245 402
245 437
246 320
247 257
247 440
249 419
250 251
250 257
250 311
250 376
250 458
251 257
251 311
251 458
252 280
252 358
253 329
253 379
256 323
256 350
257 300
257 311
257 350
257 369
257 440
257 458
263 265
263 375
263 418
264 268
264 293
264 321
264 354
264 364
264 402
265 283
265 376
266 300
266 402
268 300
268 336
268 364
268 366
268 381
268 393
268 394
268 404
268 413
268 421
268 436
268 451
268 462
269 448
270 317
270 336
270 350
270 386
270 404
272 386
273 424
274 329
274 366
274 431
275 315
275 404
276 386
277 376
277 418
277 433
279 337
279 435
280 332
280 411
280 441
281 400
283 423
284 310
284 344
284 429
285 310
285 346
285 433
285 464
286 292
286 295
286 368
286 385
286 402
286 423
286 435
286 437
288 337
288 367
288 373
288 386
288 425
290 337
291 354
291 404
291 413
292 295
292 334
292 423
293 391
293 467
294 382
296 346
296 352
296 395
296 402
296 410
296 460
297 298
297 390
298 390
299 359
299 366
299 432
300 323
300 350
300 361
300 369
300 440
300 444
302 342
303 320
303 340
303 345
303 356
303 384
303 389
305 329
305 366
305 371
305 420
305 431
307 408
310 333
310 344
310 346
310 366
311 325
311 376
311 418
313 334
313 369
313 440
313 468
314 441
315 327
315 336
315 350
315 351
315 359
315 367
315 374
315 394
315 404
315 421
315 425
315 440
316 420
316 421
317 404
318 349
318 376
320 369
322 329
323 350
323 352
323 410
323 462
324 389
324 435
325 456
326 388
327 383
327 404
327 440
328 389
329 356
329 364
329 366
329 372
329 379
329 405
329 409
329 413
329 431
329 448
329 455
332 350
333 344
334 464
335 413
335 455
336 350
336 425
336 440
338 390
338 414
338 434
339 394
339 395
339 402
340 389
341 369
341 406
342 343
342 402
342 417
342 424
342 426
342 437
342 442
342 453
344 458
346 349
346 414
346 424
346 464
348 448
349 376
349 464
350 367
350 369
350 381
350 404
350 425
350 436
350 440
350 460
350 462
351 430
352 396
352 410
354 395
354 404
354 413
354 446
355 369
355 375
355 440
356 371
356 388
356 413
357 429
358 386
359 366
359 371
359 413
359 425
359 429
359 431
359 434
359 440
362 399
362 448
364 402
364 423
364 433
364 436
366 394
366 402
366 409
366 425
367 368
367 373
367 396
367 404
368 404
369 375
369 394
369 402
369 406
369 440
369 458
371 390
371 424
371 434
376 418
376 433
376 461
379 413
379 455
381 423
381 458
384 388
385 413
385 419
385 447
385 450
386 401
386 404
390 409
390 434
391 467
392 407
393 413
394 402
394 404
394 425
396 440
400 413
402 410
402 413
402 424
402 425
402 437
402 460
402 469
404 413
404 425
404 432
404 436
404 451
404 458
404 462
404 464
409 434
411 439
413 414
413 424
415 462
416 423
417 420
417 437
419 447
419 450
420 437
420 459
422 437
423 440
423 464
424 437
425 436
425 440
426 437
426 453
426 454
432 462
435 453
436 440
436 458
436 462
440 444
441 465
445 463
446 460
447 450
