0 2
0 3
0 26
0 48
0 49
0 1
1 3
1 25
1 26
1 27
1 2
2 3
2 5
2 13
3 25
3 66
3 4
3 49
4 25
4 49
4 5
4 13
5 6
5 10
5 15
6 11
6 15
6 60
6 7
6 10
6 14
7 16
7 8
7 11
7 14
8 19
8 9
8 18
8 22
9 11
9 16
9 10
9 12
10 61
10 11
10 12
10 15
11 12
11 14
12 14
12 15
12 13
13 15
13 14
14 15
15 61
16 18
16 17
16 23
17 19
17 18
17 20
17 21
17 23
17 50
18 19
18 22
18 23
19 21
19 55
19 20
19 22
20 21
21 22
21 23
21 24
21 50
22 24
22 23
23 24
25 27
25 49
25 26
25 67
26 48
26 27
26 49
27 28
27 47
28 46
28 29
28 45
28 48
29 31
29 44
29 45
29 46
29 30
30 44
30 31
30 34
30 38
31 32
31 44
31 46
31 47
32 44
32 46
32 72
32 33
32 45
32 47
33 44
33 45
33 34
33 38
34 35
34 39
34 40
35 39
35 41
35 36
35 40
35 43
35 78
36 38
36 39
36 41
36 43
36 37
37 39
37 40
37 41
37 42
37 38
38 39
39 40
39 78
40 42
40 79
40 41
41 43
41 42
44 45
44 73
45 46
45 73
46 47
47 48
48 49
49 66
50 51
50 52
50 53
50 54
50 55
51 53
51 55
51 52
52 55
52 54
53 54
53 55
53 56
53 57
54 55
54 56
54 57
56 58
56 61
56 57
56 60
57 60
57 61
57 59
58 59
58 60
58 61
58 62
58 63
59 60
59 61
59 62
59 63
60 61
62 64
62 67
62 63
62 66
63 66
63 67
63 65
64 65
64 66
64 67
64 69
64 68
65 66
65 67
65 68
65 69
66 67
68 70
68 73
68 69
68 72
69 72
69 73
69 71
70 71
70 72
70 73
70 75
70 74
71 72
71 73
71 74
71 75
72 73
74 76
74 79
74 75
74 78
75 78
75 79
75 77
76 77
76 78
76 79
77 78
77 79
78 79
