0 35
0 38
0 48
0 63
1 9
1 24
1 29
1 55
2 15
2 23
2 58
2 60
3 11
3 21
3 29
3 32
3 56
4 15
4 26
5 6
5 14
5 17
5 40
6 23
6 60
6 64
7 8
7 12
7 15
7 26
7 58
8 33
8 52
9 45
9 55
9 62
10 21
10 24
10 41
10 54
11 21
11 27
11 61
12 20
12 33
12 44
12 57
13 18
13 32
13 41
13 51
13 59
14 34
15 20
16 17
16 22
16 30
16 40
16 50
17 34
17 36
17 64
18 45
18 51
18 54
19 33
19 44
20 46
20 60
21 41
22 36
22 39
24 29
24 54
25 35
25 42
25 59
25 61
26 52
27 31
27 43
27 61
27 63
28 30
28 44
28 50
28 57
29 56
30 46
30 60
30 64
31 35
31 47
32 43
32 52
34 47
35 42
35 63
36 47
37 42
37 48
37 51
37 62
38 48
38 49
38 55
39 50
40 53
40 60
41 59
42 51
43 49
43 56
43 63
44 46
45 54
45 62
48 62
49 55
49 56
50 53
53 57
57 58
57 60
59 61
