0 21
0 37
0 77
1 12
1 13
1 59
1 73
2 12
2 13
2 64
2 75
3 9
3 41
3 52
3 60
4 45
4 55
4 62
4 72
5 23
5 28
5 62
5 63
6 7
6 10
6 32
6 56
7 19
7 26
7 33
8 9
8 32
8 41
8 61
9 50
9 76
10 41
10 53
10 54
11 26
11 39
11 65
11 73
12 28
12 65
13 15
13 47
14 15
14 16
14 30
14 47
15 29
15 51
16 24
16 64
16 75
17 23
17 27
17 74
17 80
18 46
18 55
18 62
18 71
19 50
19 61
20 30
20 37
20 42
20 49
21 36
21 48
21 56
22 53
22 59
22 73
22 78
23 58
23 71
24 46
24 71
24 81
25 42
25 50
25 76
25 81
26 52
26 69
27 33
27 43
27 72
28 58
28 79
29 39
29 48
29 59
30 51
30 77
31 38
31 66
31 67
31 83
32 42
32 49
33 60
33 76
34 45
34 57
34 70
34 72
35 62
35 63
35 80
35 83
36 80
36 82
36 83
37 68
37 77
38 51
38 68
38 77
39 40
39 58
40 47
40 64
41 69
42 61
43 55
43 76
43 81
44 46
44 55
44 74
44 81
45 80
45 82
46 74
47 64
48 51
48 66
49 56
49 68
50 61
52 65
52 70
53 57
53 69
54 56
54 57
54 67
57 82
58 75
59 66
60 70
60 72
63 78
63 79
65 79
66 78
67 68
67 82
69 73
70 79
71 75
78 83
