0 31
0 49
0 84
1 42
1 60
1 110
2 50
2 80
2 90
3 43
3 59
3 97
4 42
4 67
4 75
5 48
5 94
5 103
6 39
6 71
6 77
7 37
7 69
7 108
8 56
8 91
8 111
9 59
9 70
9 101
10 62
10 89
10 102
11 38
11 53
11 74
12 19
12 62
12 75
13 21
13 54
13 108
14 24
14 53
14 107
15 48
15 85
15 109
16 18
16 38
16 40
17 18
17 42
17 72
18 81
19 74
19 100
20 41
20 54
20 88
21 27
21 100
22 41
22 53
22 82
23 29
23 41
23 60
24 47
24 103
25 39
25 83
25 106
26 45
26 78
26 86
27 44
27 48
28 51
28 55
28 71
29 32
29 109
30 79
30 94
30 96
31 47
31 51
32 64
32 84
33 66
33 92
33 107
34 45
34 52
34 106
35 64
35 87
35 98
36 44
36 92
36 110
37 68
37 107
38 98
39 87
40 76
40 85
43 88
43 105
44 61
45 60
46 69
46 90
46 96
47 52
49 81
49 99
50 75
50 91
51 56
52 104
54 56
55 95
55 110
57 76
57 88
57 89
58 78
58 94
58 102
59 73
61 80
61 99
62 84
63 66
63 70
63 91
64 69
65 77
65 101
65 102
66 83
67 103
67 105
68 86
68 93
70 109
71 93
72 101
72 108
73 74
73 95
76 104
77 82
78 111
79 81
79 83
80 82
85 93
86 97
87 105
89 92
90 104
95 96
97 99
98 111
100 106
