0 19
0 29
1 5
1 27
2 3
3 14
3 15
3 27
3 70
5 6
5 25
5 27
5 36
5 40
5 45
5 65
6 25
6 70
7 27
7 29
7 68
7 70
8 52
9 41
9 45
10 18
11 47
12 29
12 36
13 15
13 64
14 21
14 30
16 18
16 28
16 64
17 27
17 29
17 40
17 70
18 68
18 71
19 28
19 30
19 68
19 50
20 37
20 41
21 38
21 51
21 56
21 70
24 26
24 70
24 71
25 40
25 48
25 63
25 65
25 66
25 29
25 70
26 71
27 32
27 37
27 40
27 54
27 55
27 60
27 29
28 29
28 68
29 32
29 35
29 36
29 40
29 55
29 61
29 62
29 68
29 70
30 50
30 71
31 39
31 50
31 57
32 71
34 51
35 37
35 43
36 70
37 65
37 70
38 51
38 70
39 45
39 57
40 70
41 45
41 57
42 53
42 58
43 70
44 70
45 57
46 70
47 57
49 59
50 67
51 70
56 70
57 68
61 62
61 64
61 70
62 68
63 71
67 71
