0 0
0 1
0 20
0 22
0 24
0 2
0 3
1 1
1 21
1 23
1 25
1 2
1 3
2 2
2 16
2 3
3 17
3 4
3 5
3 6
3 7
4 20
4 6
4 7
5 21
5 8
5 9
5 10
5 11
6 16
6 10
6 11
7 17
7 12
7 13
7 14
7 15
8 22
8 14
8 15
9 23
9 16
9 17
9 18
9 19
10 16
10 18
10 19
11 17
11 20
11 21
11 22
11 23
12 26
12 24
12 28
12 29
12 30
12 31
13 27
13 25
13 28
13 29
13 30
13 31
14 18
14 26
14 28
14 29
14 30
14 31
15 19
15 27
15 28
15 29
15 30
15 31
16 28
16 30
17 29
17 31
18 18
18 22
18 26
19 19
19 23
19 27
20 30
21 31
24 26
24 28
24 30
25 27
25 29
25 31
