0 14
0 17
1 4
1 5
2 626
2 627
3 947
3 948
4 29
4 30
5 602
5 603
6 638
6 639
6 926
7 329
7 330
7 664
8 229
8 230
8 375
8 378
9 14
9 15
9 29
10 39
10 40
10 94
11 326
11 327
11 347
11 670
12 16
12 17
12 330
13 25
13 26
13 55
13 67
14 18
15 19
15 20
15 47
16 21
16 22
16 333
17 18
18 19
18 22
19 23
20 24
20 25
20 54
21 26
21 27
21 336
22 23
23 24
23 27
24 28
25 28
25 56
26 28
26 337
27 28
29 32
30 33
30 34
31 44
31 45
31 51
31 69
32 33
32 36
32 47
33 37
34 38
34 39
35 40
35 41
35 44
35 91
36 43
36 45
36 50
37 38
37 41
37 43
38 42
39 42
40 42
40 96
41 42
41 46
43 46
44 46
44 93
45 46
45 53
47 49
48 51
48 52
48 55
48 65
49 50
49 52
49 54
50 53
51 53
51 71
52 53
52 56
54 56
55 56
55 68
57 102
57 103
57 156
58 287
58 288
58 320
58 705
59 85
59 86
59 295
59 338
60 77
60 78
60 117
60 129
61 69
61 70
61 72
61 92
62 82
62 83
62 85
62 301
63 66
63 67
63 86
63 335
64 65
64 66
64 70
64 74
65 68
65 71
66 68
66 87
67 68
67 337
69 71
69 93
70 71
70 75
72 76
72 77
72 116
73 78
73 79
73 82
73 299
74 81
74 83
74 87
75 76
75 79
75 81
76 80
77 80
77 118
78 80
78 304
79 80
79 84
81 84
82 84
82 302
83 84
85 87
85 296
86 87
86 340
88 94
88 95
88 97
89 107
89 108
89 113
89 131
90 91
90 92
90 95
90 99
91 93
91 96
92 93
92 111
94 96
95 96
95 100
97 101
97 102
98 103
98 104
98 107
98 153
99 106
99 108
99 112
100 101
100 104
100 106
101 105
102 105
103 105
103 158
104 105
104 109
106 109
107 109
107 155
108 109
108 115
110 113
110 114
110 117
110 127
111 112
111 114
111 116
112 115
113 115
113 133
114 115
114 118
116 118
117 118
117 130
119 164
119 165
119 209
120 248
120 249
120 281
120 750
121 147
121 148
121 256
121 305
122 139
122 140
122 179
122 191
123 131
123 132
123 134
123 154
124 144
124 145
124 147
124 262
125 128
125 129
125 148
125 303
126 127
126 128
126 132
126 136
127 130
127 133
128 130
128 149
129 130
129 304
131 133
131 155
132 133
132 137
134 138
134 139
134 178
135 140
135 141
135 144
135 260
136 143
136 145
136 149
137 138
137 141
137 143
138 142
139 142
139 180
140 142
140 265
141 142
141 146
143 146
144 146
144 263
145 146
147 149
147 257
148 149
148 307
150 156
150 157
150 159
151 169
151 170
151 175
151 193
152 153
152 154
152 157
152 161
153 155
153 158
154 155
154 173
156 158
157 158
157 162
159 163
159 164
160 165
160 166
160 169
160 206
161 168
161 170
161 174
162 163
162 166
162 168
163 167
164 167
165 167
165 211
166 167
166 171
168 171
169 171
169 208
170 171
170 177
172 175
172 176
172 179
172 189
173 174
173 176
173 178
174 177
175 177
175 195
176 177
176 180
178 180
179 180
179 192
181 212
181 213
181 226
182 233
182 234
182 245
182 788
183 200
183 201
183 241
183 266
184 196
184 197
184 216
184 224
185 193
185 194
185 196
185 207
186 197
186 198
186 200
186 239
187 190
187 191
187 201
187 264
188 189
188 190
188 194
188 198
189 192
189 195
190 192
190 202
191 192
191 265
193 195
193 208
194 195
194 199
196 199
196 217
197 199
197 244
198 199
198 202
200 202
200 242
201 202
201 268
203 209
203 210
203 212
204 213
204 214
204 216
204 222
205 206
205 207
205 210
205 214
206 208
206 211
207 208
207 217
209 211
210 211
210 215
212 215
213 215
213 228
214 215
214 217
216 217
216 225
218 226
218 227
218 229
219 230
219 231
219 233
219 799
220 223
220 224
220 234
220 243
221 222
221 223
221 227
221 231
222 225
222 228
223 225
223 235
224 225
224 244
226 228
227 228
227 232
229 232
230 232
230 803
231 232
231 235
233 235
233 801
234 235
234 247
236 245
236 246
236 248
236 785
237 240
237 241
237 249
237 279
238 239
238 240
238 243
238 246
239 242
239 244
240 242
240 250
241 242
241 280
243 244
243 247
245 247
245 790
246 247
246 250
248 250
248 787
249 250
249 283
251 284
251 285
251 287
251 748
252 255
252 256
252 288
252 318
253 255
253 269
253 270
253 277
254 257
254 261
254 262
254 270
255 257
255 289
256 257
256 319
258 266
258 267
258 269
258 275
259 260
259 261
259 264
259 267
260 263
260 265
261 263
261 271
262 263
264 265
264 268
266 268
266 280
267 268
267 271
269 271
269 278
270 271
272 281
272 282
272 284
272 746
273 276
273 277
273 285
273 289
274 275
274 276
274 279
274 282
275 278
275 280
276 278
276 286
277 278
279 280
279 283
281 283
281 752
282 283
282 286
284 286
284 749
285 286
287 289
287 742
288 289
288 322
290 323
290 324
290 326
290 703
291 294
291 295
291 327
291 344
292 294
292 308
292 309
292 316
293 296
293 300
293 301
293 309
294 296
294 328
295 296
295 346
297 305
297 306
297 308
297 314
298 299
298 300
298 303
298 306
299 302
299 304
300 302
300 310
301 302
303 304
303 307
305 307
305 319
306 307
306 310
308 310
308 317
309 310
311 320
311 321
311 323
311 701
312 315
312 316
312 324
312 328
313 314
313 315
313 318
313 321
314 317
314 319
315 317
315 325
316 317
318 319
318 322
320 322
320 707
321 322
321 325
323 325
323 704
324 325
326 328
326 697
327 328
327 349
329 341
329 342
329 668
330 331
331 332
331 333
331 342
332 338
332 339
332 345
333 334
334 335
334 336
334 339
335 337
335 340
336 337
338 340
338 346
339 340
341 347
341 348
341 672
342 343
343 344
343 345
343 348
344 346
344 349
345 346
347 349
347 673
348 349
350 537
350 538
350 610
351 603
351 604
351 626
352 627
352 628
352 638
353 599
353 600
353 647
353 902
354 568
354 569
354 624
354 636
355 457
355 458
355 530
356 541
356 542
356 565
356 615
357 572
357 573
357 596
357 649
358 519
358 520
358 584
358 857
359 488
359 489
359 551
359 563
360 399
360 400
360 450
361 461
361 462
361 485
361 535
362 492
362 493
362 516
362 586
363 439
363 440
363 504
363 818
364 420
364 421
364 471
364 483
365 380
365 381
365 395
366 403
366 404
366 417
366 455
367 424
367 425
367 436
367 506
368 388
368 389
368 432
368 804
369 384
369 385
369 407
369 415
370 375
370 376
370 380
371 381
371 382
371 384
371 397
372 385
372 386
372 388
372 430
373 377
373 378
373 389
373 802
374 376
374 377
374 382
374 386
375 379
376 379
376 383
377 379
377 390
378 379
378 803
380 383
381 383
381 398
382 383
382 387
384 387
384 408
385 387
385 435
386 387
386 390
388 390
388 433
389 390
389 806
391 395
391 396
391 399
392 400
392 401
392 403
392 452
393 404
393 405
393 407
393 413
394 396
394 397
394 401
394 405
395 398
396 398
396 402
397 398
397 408
399 402
400 402
400 453
401 402
401 406
403 406
403 456
404 406
404 419
405 406
405 408
407 408
407 416
409 417
409 418
409 420
409 468
410 421
410 422
410 424
410 511
411 414
411 415
411 425
411 434
412 413
412 414
412 418
412 422
413 416
413 419
414 416
414 426
415 416
415 435
417 419
417 469
418 419
418 423
420 423
420 472
421 423
421 515
422 423
422 426
424 426
424 513
425 426
425 438
427 436
427 437
427 439
427 502
428 431
428 432
428 440
428 816
429 430
429 431
429 434
429 437
430 433
430 435
431 433
431 441
432 433
432 817
434 435
434 438
436 438
436 508
437 438
437 441
439 441
439 505
440 441
440 820
442 446
442 447
442 457
443 458
443 459
443 461
443 532
444 462
444 463
444 465
444 477
445 447
445 448
445 459
445 463
446 450
446 451
447 449
447 460
448 454
448 455
448 467
449 451
449 452
449 454
450 453
451 453
452 453
452 456
454 456
455 456
455 469
457 460
458 460
458 533
459 460
459 464
461 464
461 536
462 464
462 487
463 464
463 466
465 470
465 471
465 481
466 467
466 468
466 470
467 469
468 469
468 472
470 472
471 472
471 484
473 485
473 486
473 488
473 548
474 489
474 490
474 492
474 591
475 478
475 479
475 493
475 509
476 477
476 478
476 486
476 490
477 480
477 487
478 480
478 494
479 482
479 483
479 514
480 481
480 482
481 484
482 484
483 484
483 515
485 487
485 549
486 487
486 491
488 491
488 552
489 491
489 595
490 491
490 494
492 494
492 593
493 494
493 518
495 516
495 517
495 519
495 582
496 499
496 500
496 520
496 850
497 498
497 499
497 509
497 517
498 506
498 507
498 512
499 501
499 521
500 503
500 504
500 855
501 502
501 503
501 507
502 505
502 508
503 505
504 505
504 856
506 508
506 513
507 508
509 510
509 518
510 511
510 512
510 514
511 513
511 515
512 513
514 515
516 518
516 588
517 518
517 521
519 521
519 585
520 521
520 859
522 526
522 527
522 537
523 538
523 539
523 541
523 612
524 542
524 543
524 545
524 557
525 527
525 528
525 539
525 543
526 530
526 531
527 529
527 540
528 534
528 535
528 547
529 531
529 532
529 534
530 533
531 533
532 533
532 536
534 536
535 536
535 549
537 540
538 540
538 613
539 540
539 544
541 544
541 616
542 544
542 567
543 544
543 546
545 550
545 551
545 561
546 547
546 548
546 550
547 549
548 549
548 552
550 552
551 552
551 564
553 565
553 566
553 568
553 621
554 569
554 570
554 572
554 654
555 558
555 559
555 573
555 589
556 557
556 558
556 566
556 570
557 560
557 567
558 560
558 574
559 562
559 563
559 594
560 561
560 562
561 564
562 564
563 564
563 595
565 567
565 622
566 567
566 571
568 571
568 625
569 571
569 658
570 571
570 574
572 574
572 656
573 574
573 598
575 596
575 597
575 599
575 645
576 579
576 580
576 600
576 895
577 578
577 579
577 589
577 597
578 586
578 587
578 592
579 581
579 601
580 583
580 584
580 900
581 582
581 583
581 587
582 585
582 588
583 585
584 585
584 901
586 588
586 593
587 588
589 590
589 598
590 591
590 592
590 594
591 593
591 595
592 593
594 595
596 598
596 651
597 598
597 601
599 601
599 648
600 601
600 904
602 606
602 607
603 605
604 617
604 618
604 630
605 607
605 608
605 617
606 610
606 611
607 609
608 614
608 615
608 620
609 611
609 612
609 614
610 613
611 613
612 613
612 616
614 616
615 616
615 622
617 619
618 623
618 624
618 634
619 620
619 621
619 623
620 622
621 622
621 625
623 625
624 625
624 637
626 629
627 629
628 631
628 632
628 652
629 630
629 631
630 633
631 633
632 635
632 636
632 657
633 634
633 635
634 637
635 637
636 637
636 658
638 640
639 642
639 643
639 940
640 641
640 642
640 652
641 649
641 650
641 655
642 644
643 646
643 647
643 945
644 645
644 646
644 650
645 648
645 651
646 648
647 648
647 946
649 651
649 656
650 651
652 653
653 654
653 655
653 657
654 656
654 658
655 656
657 658
659 926
659 927
659 947
660 663
660 664
660 948
661 686
661 687
661 924
661 935
662 674
662 675
662 682
662 733
663 679
663 680
663 951
664 665
665 667
665 668
665 680
666 670
666 671
666 674
666 696
667 675
667 676
667 684
668 669
669 671
669 672
669 676
670 673
670 697
671 673
671 677
672 673
674 677
674 734
675 677
675 685
676 677
678 682
678 683
678 686
678 911
679 687
679 688
679 954
680 681
681 683
681 684
681 688
682 685
682 912
683 685
683 689
684 685
686 689
686 925
687 689
687 955
688 689
690 905
690 906
690 921
690 937
691 726
691 727
691 879
691 890
692 708
692 709
692 723
692 778
693 730
693 731
693 733
693 917
694 696
694 712
694 713
694 721
695 697
695 702
695 703
695 713
696 697
696 734
698 705
698 706
698 708
698 741
699 709
699 710
699 712
699 719
700 701
700 702
700 706
700 710
701 704
701 707
702 704
702 714
703 704
705 707
705 742
706 707
706 711
708 711
708 779
709 711
709 725
710 711
710 714
712 714
712 722
713 714
715 723
715 724
715 726
715 866
716 727
716 728
716 730
716 915
717 720
717 721
717 731
717 734
718 719
718 720
718 724
718 728
719 722
719 725
720 722
720 732
721 722
723 725
723 867
724 725
724 729
726 729
726 880
727 729
727 920
728 729
728 732
730 732
730 918
731 732
733 734
733 912
735 860
735 861
735 876
735 892
736 771
736 772
736 834
736 845
737 753
737 754
737 768
737 795
738 775
738 776
738 778
738 872
739 741
739 757
739 758
739 766
740 742
740 747
740 748
740 758
741 742
741 779
743 750
743 751
743 753
743 786
744 754
744 755
744 757
744 764
745 746
745 747
745 751
745 755
746 749
746 752
747 749
747 759
748 749
750 752
750 787
751 752
751 756
753 756
753 796
754 756
754 770
755 756
755 759
757 759
757 767
758 759
760 768
760 769
760 771
760 827
761 772
761 773
761 775
761 870
762 765
762 766
762 776
762 779
763 764
763 765
763 769
763 773
764 767
764 770
765 767
765 777
766 767
768 770
768 828
769 770
769 774
771 774
771 835
772 774
772 875
773 774
773 777
775 777
775 873
776 777
778 779
778 867
780 821
780 822
780 831
780 847
781 791
781 792
781 807
781 814
782 788
782 789
782 791
782 800
783 792
783 793
783 795
783 826
784 785
784 786
784 789
784 793
785 787
785 790
786 787
786 796
788 790
788 801
789 790
789 794
791 794
791 808
792 794
792 830
793 794
793 796
795 796
795 828
797 804
797 805
797 807
797 812
798 799
798 800
798 802
798 805
799 801
799 803
800 801
800 808
802 803
802 806
804 806
804 817
805 806
805 808
807 808
807 815
809 818
809 819
809 821
809 852
810 813
810 814
810 822
810 829
811 812
811 813
811 816
811 819
812 815
812 817
813 815
813 823
814 815
814 830
816 817
816 820
818 820
818 856
819 820
819 823
821 823
821 854
822 823
822 833
824 831
824 832
824 834
824 843
825 826
825 827
825 829
825 832
826 828
826 830
827 828
827 835
829 830
829 833
831 833
831 849
832 833
832 835
834 835
834 846
836 857
836 858
836 860
836 897
837 840
837 841
837 861
837 868
838 839
838 840
838 850
838 858
839 847
839 848
839 853
840 842
840 862
841 844
841 845
841 874
842 843
842 844
842 848
843 846
843 849
844 846
845 846
845 875
847 849
847 854
848 849
850 851
850 859
851 852
851 853
851 855
852 854
852 856
853 854
855 856
857 859
857 901
858 859
858 862
860 862
860 899
861 862
861 878
863 876
863 877
863 879
863 888
864 865
864 866
864 868
864 877
865 867
865 871
865 872
866 867
866 880
868 869
868 878
869 870
869 871
869 874
870 873
870 875
871 873
872 873
874 875
876 878
876 894
877 878
877 880
879 880
879 891
881 902
881 903
881 905
881 942
882 885
882 886
882 906
882 913
883 884
883 885
883 895
883 903
884 892
884 893
884 898
885 887
885 907
886 889
886 890
886 919
887 888
887 889
887 893
888 891
888 894
889 891
890 891
890 920
892 894
892 899
893 894
895 896
895 904
896 897
896 898
896 900
897 899
897 901
898 899
900 901
902 904
902 946
903 904
903 907
905 907
905 944
906 907
906 923
908 921
908 922
908 924
908 933
909 910
909 911
909 913
909 922
910 912
910 916
910 917
911 912
911 925
913 914
913 923
914 915
914 916
914 919
915 918
915 920
916 918
917 918
919 920
921 923
921 939
922 923
922 925
924 925
924 936
926 928
927 930
927 931
927 950
928 929
928 930
928 940
929 937
929 938
929 943
930 932
931 934
931 935
931 953
932 933
932 934
932 938
933 936
933 939
934 936
935 936
935 955
937 939
937 944
938 939
940 941
941 942
941 943
941 945
942 944
942 946
943 944
945 946
947 949
948 949
949 950
949 951
950 952
951 952
952 953
952 954
953 955
954 955
