0 2
0 3
0 5
0 6
0 7
0 8
0 10
0 11
0 12
0 13
0 15
0 18
0 20
0 21
0 22
0 25
0 26
0 29
0 30
0 31
0 32
0 33
0 34
0 35
0 36
0 37
0 50
0 52
0 53
0 54
0 55
0 56
0 57
0 59
0 60
0 61
0 63
0 64
0 65
0 68
0 71
0 72
0 73
0 74
0 76
0 81
0 82
0 87
0 89
0 91
0 92
0 93
0 94
0 99
0 102
0 107
0 108
0 116
0 120
0 123
0 126
0 141
0 143
0 144
0 153
0 160
0 165
0 166
0 172
0 189
0 191
0 195
0 199
0 208
0 213
0 214
0 215
0 216
0 222
0 230
0 231
0 235
0 237
0 238
0 239
0 242
0 245
0 247
0 251
0 261
0 264
0 270
0 271
0 274
0 275
0 277
0 278
0 279
0 282
0 284
0 289
0 290
0 291
0 293
0 294
0 296
0 297
0 299
0 301
0 307
0 310
0 317
0 319
0 320
0 321
0 322
0 323
0 326
0 327
0 330
0 331
0 332
0 335
0 337
0 340
0 343
0 344
0 345
0 348
0 349
0 350
0 352
0 353
0 358
0 359
0 360
0 371
0 372
0 377
0 380
0 382
0 384
0 388
0 389
0 390
0 392
0 393
2 5
2 6
2 7
2 9
2 10
2 13
2 14
2 15
2 17
2 20
2 21
2 23
2 24
2 25
2 26
2 27
2 31
2 32
2 33
2 37
2 41
2 42
2 45
2 50
2 51
2 52
2 53
2 54
2 55
2 56
2 57
2 59
2 61
2 62
2 63
2 64
2 65
2 66
2 71
2 76
2 87
2 89
2 91
2 93
2 108
2 114
2 116
2 124
2 136
2 147
2 152
2 158
2 165
2 200
2 201
2 216
2 241
2 246
2 290
2 291
2 391
2 394
5 10
5 13
5 19
5 20
5 21
5 25
5 26
5 27
5 31
5 32
5 33
5 36
5 37
5 39
5 41
5 42
5 45
5 52
5 53
5 54
5 55
5 56
5 57
5 59
5 63
5 64
5 65
5 71
5 84
5 87
5 89
5 93
5 152
5 199
5 203
5 222
5 264
5 377
5 393
8 15
8 29
8 42
8 51
8 66
8 166
9 17
9 56
9 61
9 108
10 20
12 29
13 15
13 18
13 21
13 23
13 24
13 29
13 34
13 41
13 45
13 52
13 55
13 57
13 59
13 62
13 66
13 71
13 72
13 73
13 74
13 76
13 82
13 84
13 89
13 92
13 93
13 94
13 108
13 136
13 148
13 153
13 160
13 165
13 172
13 191
13 200
13 201
13 216
13 222
13 241
13 246
13 289
13 290
13 291
13 296
13 297
13 301
13 314
13 349
13 390
14 29
14 53
15 28
15 50
15 392
20 29
20 52
20 53
20 54
20 59
20 64
21 59
23 29
23 30
23 34
23 51
23 66
23 68
23 99
23 116
24 53
24 59
24 66
25 45
25 53
25 54
25 59
25 63
25 64
25 89
25 93
25 147
26 59
27 92
28 136
29 30
29 50
29 51
29 66
29 71
29 74
29 82
29 92
29 94
29 166
30 51
30 53
30 66
30 71
30 92
30 94
30 166
31 59
31 89
31 93
31 394
32 54
32 59
32 60
32 64
32 89
32 93
33 59
33 60
33 64
33 152
34 66
34 71
34 94
34 166
35 59
36 37
36 59
36 64
37 59
37 64
39 66
41 59
41 84
51 66
51 71
51 246
52 66
53 66
54 59
54 63
54 64
54 66
54 71
54 81
54 91
54 123
54 136
54 143
54 144
54 152
54 166
54 271
54 391
55 66
55 81
55 89
55 93
55 116
55 136
56 61
57 116
63 81
66 82
66 92
66 136
73 195
74 116
74 153
74 165
74 203
74 290
74 350
81 91
81 123
81 143
82 136
82 153
91 123
107 120
108 136
123 143
123 144
123 286
123 321
123 386
123 391
136 152
136 166
136 371
143 203
144 393
152 394
153 166
153 216
153 290
153 296
158 189
200 230
208 213
208 214
208 235
208 236
208 239
208 258
213 214
213 237
213 239
213 254
213 275
213 304
213 373
214 215
214 226
214 228
214 235
214 236
214 237
214 238
214 239
214 242
214 245
214 251
214 252
214 253
214 254
214 255
214 258
214 259
214 262
214 264
214 270
214 271
214 272
214 274
214 275
214 277
214 278
214 279
214 280
214 281
214 282
214 283
214 284
214 286
214 297
214 299
214 304
214 308
214 309
214 310
214 313
214 314
214 315
214 316
214 317
214 318
214 319
214 320
214 321
214 322
214 323
214 325
214 326
214 327
214 328
214 329
214 330
214 331
214 333
214 334
214 335
214 336
214 337
214 338
214 339
214 340
214 341
214 342
214 343
214 344
214 345
214 346
214 347
214 349
214 350
214 352
214 353
214 354
214 355
214 357
214 359
214 361
214 362
214 365
214 367
214 372
214 373
214 375
214 376
214 377
214 378
214 379
214 381
214 382
214 383
214 384
214 385
214 386
214 388
214 389
214 390
214 391
214 394
215 235
222 297
226 239
226 251
226 254
226 255
226 259
226 264
226 280
226 282
226 316
226 337
226 352
226 384
226 386
231 293
231 349
235 239
235 245
235 264
235 270
235 274
235 277
235 319
235 320
235 321
235 330
235 331
235 352
235 380
235 386
235 390
236 264
236 280
237 254
237 255
237 258
237 277
237 279
237 280
237 313
237 327
237 328
237 352
237 355
237 390
238 239
238 254
238 255
238 259
238 264
238 277
238 278
238 279
238 280
238 282
238 284
238 299
238 308
238 310
238 313
238 316
238 325
238 327
238 328
238 329
238 332
238 336
238 337
238 339
238 340
238 341
238 352
238 355
238 361
238 365
238 373
238 375
238 376
238 381
238 382
238 384
238 386
238 390
238 391
239 240
239 242
239 251
239 254
239 255
239 258
239 264
239 270
239 276
239 277
239 279
239 280
239 282
239 284
239 286
239 308
239 313
239 316
239 319
239 320
239 321
239 322
239 325
239 327
239 328
239 331
239 332
239 333
239 336
239 338
239 339
239 343
239 352
239 355
239 375
239 381
239 384
239 385
239 390
240 242
240 251
240 254
240 277
240 309
240 315
240 333
240 372
242 255
242 264
242 279
242 280
242 283
242 284
242 308
242 309
242 310
242 315
242 326
242 336
242 339
242 340
242 341
242 352
242 361
242 362
242 372
242 378
242 381
242 386
242 390
244 270
244 286
244 320
244 321
244 334
244 352
244 377
245 264
245 270
245 272
245 307
245 308
245 309
245 319
245 320
245 321
245 322
245 330
245 331
245 334
245 336
245 343
245 344
245 345
245 346
245 352
245 353
245 358
245 360
245 367
245 374
245 380
245 381
245 386
245 388
245 389
245 390
245 391
251 252
251 262
251 264
251 279
251 280
251 282
251 284
251 309
251 318
251 327
251 328
251 333
251 336
251 338
251 339
251 342
251 343
251 352
251 355
251 359
251 365
251 374
251 375
251 376
251 378
251 381
251 382
251 384
251 385
251 390
252 362
254 264
254 352
254 375
254 382
254 390
258 390
259 277
259 279
259 316
259 329
259 341
259 352
259 365
262 318
262 336
262 378
262 379
264 271
264 277
264 278
264 282
264 284
264 286
264 280
264 314
264 321
264 336
264 340
264 352
264 361
264 378
264 379
264 380
264 382
264 384
264 390
270 308
270 309
270 319
270 320
270 321
270 322
270 334
270 343
270 346
270 352
270 367
270 377
270 380
270 384
270 388
270 390
271 280
271 308
271 318
271 321
271 352
271 380
271 382
271 390
271 391
271 394
272 367
272 388
272 389
272 390
274 319
274 352
274 380
275 332
275 343
275 352
276 325
277 280
277 327
277 338
277 352
277 375
277 382
277 386
277 390
278 308
278 310
278 315
278 336
278 338
278 339
278 340
278 342
278 343
278 352
278 362
278 374
278 381
278 385
278 390
279 280
279 316
279 337
279 338
279 352
279 365
279 382
279 386
280 284
280 318
280 329
280 341
280 352
280 365
280 382
280 390
281 361
282 310
282 336
282 340
282 352
282 375
282 382
282 390
284 299
284 308
284 313
284 316
284 321
284 326
284 328
284 338
284 339
284 352
284 355
284 381
284 384
284 385
284 386
284 390
286 308
286 309
286 321
286 322
286 334
286 335
286 343
286 344
286 346
286 352
286 365
286 367
286 373
286 377
286 384
286 385
286 388
286 389
286 390
308 339
308 381
308 382
309 322
309 352
309 382
310 336
310 375
316 365
321 344
321 322
321 336
321 337
321 346
321 352
321 367
321 378
321 380
321 384
321 386
321 388
321 389
321 390
321 391
322 374
322 377
322 390
334 344
334 345
335 342
336 342
339 342
340 342
342 352
342 359
342 374
342 381
342 382
342 385
342 390
344 352
344 377
344 385
344 388
344 389
344 390
345 352
