0 2
0 4
0 6
0 7
0 8
0 9
0 10
0 13
0 14
0 20
0 21
0 23
0 25
0 27
0 28
0 29
0 32
0 37
0 38
0 39
0 42
0 43
0 47
0 48
0 49
0 50
0 52
0 54
0 60
0 61
0 63
0 66
0 67
0 70
0 71
0 73
0 74
0 78
0 82
0 88
0 89
0 90
0 91
0 92
0 93
0 97
0 98
0 99
0 101
0 102
0 103
0 104
0 105
0 106
0 107
0 110
0 114
0 119
0 121
0 125
0 126
0 134
0 139
0 140
0 141
0 142
0 143
0 145
0 148
0 150
0 153
0 158
0 159
0 160
0 161
0 162
0 166
0 168
0 170
0 171
0 172
0 181
0 184
0 185
0 186
0 187
0 188
0 189
0 190
0 192
0 197
1 2
1 3
1 6
1 10
1 12
1 13
1 16
1 20
1 21
1 22
1 26
1 27
1 28
1 29
1 32
1 34
1 35
1 44
1 45
1 46
1 47
1 48
1 52
1 53
1 55
1 58
1 59
1 60
1 62
1 64
1 65
1 66
1 68
1 71
1 76
1 79
1 82
1 83
1 84
1 85
1 88
1 90
1 96
1 98
1 100
1 101
1 102
1 104
1 105
1 106
1 109
1 112
1 114
1 116
1 117
1 118
1 119
1 120
1 121
1 123
1 125
1 128
1 129
1 131
1 132
1 133
1 142
1 145
1 146
1 148
1 149
1 153
1 155
1 160
1 161
1 165
1 166
1 167
1 170
1 172
1 176
1 177
1 178
1 179
1 181
1 184
1 185
1 186
1 189
1 190
1 193
1 194
1 197
1 198
2 5
2 7
2 8
2 12
2 15
2 18
2 19
2 21
2 24
2 26
2 27
2 28
2 31
2 33
2 35
2 39
2 42
2 45
2 46
2 48
2 49
2 50
2 51
2 54
2 56
2 57
2 62
2 65
2 66
2 73
2 76
2 77
2 80
2 81
2 82
2 86
2 87
2 90
2 91
2 93
2 95
2 101
2 102
2 105
2 107
2 109
2 114
2 115
2 117
2 118
2 119
2 120
2 122
2 123
2 124
2 125
2 127
2 132
2 133
2 134
2 135
2 136
2 138
2 139
2 140
2 141
2 142
2 146
2 150
2 151
2 154
2 159
2 160
2 162
2 163
2 165
2 168
2 171
2 175
2 178
2 179
2 181
2 183
2 188
2 189
2 190
2 195
2 196
3 4
3 5
3 9
3 13
3 14
3 15
3 18
3 20
3 23
3 25
3 29
3 31
3 32
3 36
3 38
3 39
3 40
3 42
3 43
3 44
3 45
3 46
3 47
3 49
3 50
3 51
3 52
3 55
3 56
3 61
3 62
3 63
3 64
3 66
3 68
3 69
3 70
3 72
3 74
3 78
3 80
3 81
3 85
3 86
3 87
3 91
3 93
3 94
3 96
3 97
3 103
3 107
3 109
3 110
3 112
3 113
3 114
3 116
3 117
3 119
3 120
3 121
3 123
3 124
3 126
3 127
3 131
3 132
3 133
3 134
3 139
3 140
3 142
3 143
3 147
3 149
3 151
3 152
3 154
3 157
3 158
3 159
3 163
3 164
3 165
3 168
3 172
3 173
3 174
3 175
3 176
3 178
3 179
3 180
3 183
3 186
3 188
3 189
3 192
3 195
4 5
4 6
4 10
4 12
4 15
4 16
4 18
4 21
4 24
4 25
4 26
4 28
4 29
4 32
4 35
4 36
4 38
4 39
4 40
4 41
4 46
4 48
4 49
4 52
4 53
4 56
4 57
4 61
4 65
4 72
4 73
4 76
4 79
4 84
4 86
4 87
4 88
4 89
4 90
4 94
4 95
4 100
4 103
4 104
4 111
4 112
4 113
4 114
4 115
4 117
4 118
4 122
4 123
4 126
4 128
4 130
4 136
4 137
4 140
4 141
4 142
4 143
4 144
4 145
4 146
4 147
4 148
4 149
4 151
4 155
4 157
4 160
4 162
4 165
4 166
4 167
4 169
4 170
4 171
4 172
4 173
4 178
4 182
4 183
4 186
4 187
4 188
4 192
4 197
5 7
5 9
5 10
5 13
5 14
5 16
5 17
5 20
5 21
5 23
5 24
5 25
5 26
5 27
5 32
5 33
5 36
5 37
5 38
5 39
5 41
5 42
5 43
5 44
5 46
5 47
5 49
5 50
5 51
5 53
5 56
5 57
5 59
5 60
5 62
5 64
5 66
5 70
5 74
5 77
5 78
5 79
5 80
5 81
5 82
5 86
5 87
5 89
5 90
5 91
5 93
5 95
5 96
5 99
5 108
5 109
5 111
5 113
5 114
5 117
5 118
5 119
5 121
5 123
5 126
5 129
5 130
5 131
5 132
5 133
5 135
5 136
5 137
5 138
5 142
5 144
5 145
5 146
5 147
5 152
5 155
5 156
5 159
5 160
5 161
5 167
5 168
5 169
5 170
5 172
5 175
5 176
5 179
5 180
5 182
5 183
5 186
5 187
5 189
5 190
5 191
5 192
5 193
5 196
5 198
6 7
6 9
6 10
6 11
6 12
6 15
6 17
6 18
6 19
6 23
6 24
6 28
6 29
6 30
6 32
6 33
6 37
6 39
6 40
6 41
6 44
6 45
6 46
6 47
6 48
6 52
6 56
6 58
6 60
6 63
6 65
6 68
6 69
6 75
6 77
6 80
6 81
6 82
6 84
6 85
6 86
6 88
6 89
6 93
6 94
6 96
6 100
6 102
6 104
6 105
6 106
6 107
6 108
6 112
6 113
6 114
6 115
6 117
6 118
6 119
6 126
6 127
6 128
6 129
6 130
6 131
6 133
6 135
6 136
6 137
6 138
6 144
6 146
6 147
6 150
6 152
6 155
6 156
6 158
6 159
6 162
6 163
6 164
6 165
6 168
6 169
6 171
6 173
6 175
6 178
6 180
6 182
6 183
6 189
6 194
6 199
7 9
7 10
7 12
7 13
7 16
7 19
7 20
7 21
7 22
7 26
7 27
7 29
7 30
7 34
7 35
7 36
7 37
7 39
7 41
7 45
7 47
7 48
7 51
7 55
7 57
7 58
7 59
7 60
7 61
7 62
7 63
7 70
7 72
7 73
7 75
7 76
7 77
7 78
7 80
7 81
7 82
7 84
7 85
7 86
7 87
7 89
7 90
7 91
7 93
7 94
7 98
7 99
7 100
7 101
7 103
7 104
7 106
7 107
7 108
7 109
7 118
7 119
7 126
7 127
7 128
7 130
7 131
7 134
7 136
7 138
7 139
7 140
7 144
7 147
7 149
7 151
7 152
7 153
7 154
7 158
7 159
7 160
7 162
7 164
7 165
7 166
7 167
7 168
7 170
7 172
7 173
7 174
7 177
7 180
7 190
7 191
7 195
7 198
8 11
8 12
8 13
8 14
8 15
8 20
8 21
8 22
8 25
8 26
8 27
8 28
8 29
8 31
8 33
8 34
8 36
8 40
8 42
8 45
8 53
8 55
8 56
8 59
8 60
8 62
8 64
8 65
8 66
8 68
8 69
8 74
8 75
8 78
8 79
8 82
8 83
8 85
8 87
8 88
8 90
8 91
8 92
8 96
8 98
8 102
8 106
8 107
8 110
8 111
8 113
8 117
8 120
8 122
8 123
8 124
8 125
8 126
8 127
8 129
8 130
8 132
8 133
8 135
8 136
8 137
8 139
8 140
8 142
8 143
8 144
8 145
8 147
8 150
8 151
8 155
8 156
8 157
8 158
8 159
8 161
8 162
8 163
8 164
8 166
8 169
8 170
8 172
8 174
8 176
8 177
8 178
8 184
8 188
8 189
8 190
8 191
8 192
8 193
8 195
8 197
8 198
8 199
9 13
9 21
9 23
9 30
9 31
9 34
9 35
9 36
9 37
9 38
9 39
9 40
9 42
9 44
9 45
9 46
9 47
9 48
9 49
9 50
9 51
9 53
9 54
9 59
9 60
9 62
9 65
9 66
9 67
9 68
9 69
9 70
9 72
9 75
9 77
9 78
9 80
9 82
9 85
9 87
9 88
9 89
9 90
9 91
9 93
9 94
9 98
9 99
9 100
9 102
9 103
9 105
9 106
9 107
9 108
9 110
9 111
9 114
9 117
9 119
9 123
9 124
9 125
9 127
9 130
9 132
9 133
9 134
9 135
9 136
9 138
9 140
9 141
9 143
9 145
9 147
9 150
9 151
9 152
9 154
9 155
9 156
9 157
9 158
9 159
9 160
9 165
9 166
9 167
9 168
9 169
9 172
9 173
9 174
9 175
9 176
9 178
9 179
9 180
9 181
9 184
9 185
9 186
9 187
9 190
9 196
9 197
9 199
10 14
10 17
10 20
10 22
10 23
10 24
10 27
10 30
10 31
10 34
10 35
10 38
10 39
10 43
10 49
10 50
10 51
10 52
10 53
10 54
10 55
10 57
10 59
10 61
10 65
10 66
10 67
10 68
10 69
10 70
10 71
10 73
10 75
10 76
10 80
10 83
10 85
10 86
10 89
10 90
10 92
10 96
10 101
10 104
10 105
10 108
10 111
10 112
10 113
10 115
10 126
10 127
10 128
10 130
10 131
10 133
10 134
10 136
10 137
10 140
10 141
10 142
10 143
10 145
10 147
10 148
10 149
10 153
10 154
10 157
10 160
10 161
10 162
10 163
10 164
10 166
10 168
10 170
10 171
10 172
10 173
10 176
10 177
10 181
10 183
10 184
10 191
10 192
10 195
10 198
10 199
11 12
11 15
11 16
11 18
11 25
11 27
11 28
11 29
11 31
11 35
11 36
11 38
11 39
11 43
11 46
11 48
11 50
11 51
11 52
11 53
11 54
11 55
11 56
11 57
11 58
11 60
11 62
11 63
11 66
11 68
11 70
11 72
11 73
11 76
11 77
11 78
11 79
11 80
11 82
11 83
11 84
11 90
11 91
11 94
11 96
11 98
11 100
11 102
11 103
11 104
11 105
11 106
11 108
11 111
11 112
11 113
11 114
11 115
11 116
11 117
11 119
11 120
11 126
11 128
11 129
11 130
11 138
11 141
11 144
11 145
11 150
11 151
11 156
11 159
11 160
11 162
11 163
11 165
11 167
11 169
11 170
11 171
11 173
11 174
11 175
11 176
11 178
11 179
11 180
11 181
11 183
11 186
11 188
11 189
11 192
12 13
12 15
12 17
12 20
12 21
12 25
12 28
12 30
12 36
12 37
12 39
12 40
12 42
12 44
12 45
12 47
12 48
12 52
12 54
12 55
12 56
12 59
12 60
12 63
12 65
12 66
12 67
12 68
12 69
12 71
12 81
12 82
12 83
12 84
12 85
12 86
12 89
12 90
12 94
12 98
12 99
12 101
12 106
12 109
12 110
12 111
12 112
12 116
12 122
12 123
12 124
12 126
12 127
12 130
12 131
12 133
12 136
12 140
12 142
12 143
12 144
12 145
12 147
12 149
12 154
12 155
12 156
12 157
12 158
12 160
12 161
12 162
12 163
12 165
12 166
12 167
12 168
12 170
12 171
12 175
12 176
12 177
12 178
12 181
12 182
12 185
12 186
12 188
12 190
12 194
12 198
13 14
13 17
13 18
13 19
13 24
13 29
13 32
13 33
13 40
13 42
13 43
13 44
13 48
13 49
13 51
13 53
13 55
13 56
13 57
13 58
13 62
13 66
13 67
13 68
13 69
13 73
13 75
13 76
13 77
13 79
13 80
13 82
13 83
13 84
13 87
13 90
13 92
13 94
13 98
13 99
13 101
13 102
13 103
13 105
13 106
13 109
13 112
13 116
13 117
13 119
13 120
13 121
13 123
13 125
13 127
13 129
13 130
13 131
13 132
13 133
13 135
13 138
13 140
13 141
13 142
13 145
13 148
13 150
13 151
13 152
13 157
13 158
13 161
13 162
13 163
13 164
13 166
13 167
13 168
13 169
13 170
13 175
13 177
13 179
13 180
13 182
13 184
13 185
13 186
13 187
13 188
13 190
13 191
13 193
13 197
14 15
14 16
14 17
14 19
14 20
14 21
14 22
14 23
14 25
14 26
14 27
14 28
14 30
14 31
14 32
14 33
14 36
14 37
14 42
14 43
14 45
14 48
14 49
14 52
14 56
14 57
14 58
14 60
14 62
14 64
14 66
14 68
14 71
14 72
14 75
14 78
14 79
14 81
14 82
14 84
14 85
14 86
14 91
14 96
14 97
14 98
14 101
14 103
14 105
14 106
14 107
14 109
14 112
14 114
14 115
14 119
14 121
14 124
14 126
14 127
14 128
14 130
14 134
14 135
14 137
14 142
14 149
14 153
14 154
14 155
14 157
14 158
14 159
14 160
14 163
14 165
14 168
14 169
14 172
14 173
14 174
14 176
14 178
14 182
14 184
14 185
14 188
14 189
14 192
14 193
14 195
14 196
14 199
15 16
15 21
15 22
15 23
15 24
15 27
15 28
15 29
15 30
15 31
15 33
15 34
15 35
15 39
15 40
15 43
15 44
15 46
15 47
15 48
15 50
15 51
15 52
15 53
15 54
15 55
15 57
15 58
15 62
15 63
15 66
15 67
15 71
15 72
15 73
15 74
15 75
15 80
15 82
15 84
15 85
15 87
15 92
15 95
15 106
15 108
15 114
15 115
15 118
15 119
15 121
15 122
15 123
15 124
15 125
15 128
15 131
15 133
15 140
15 141
15 142
15 144
15 146
15 150
15 151
15 152
15 153
15 154
15 155
15 157
15 158
15 159
15 162
15 170
15 174
15 175
15 180
15 182
15 183
15 184
15 185
15 187
15 188
15 190
15 195
15 198
16 19
16 21
16 26
16 27
16 30
16 31
16 36
16 38
16 41
16 45
16 47
16 49
16 53
16 56
16 62
16 63
16 64
16 67
16 68
16 70
16 72
16 74
16 75
16 77
16 78
16 81
16 82
16 86
16 87
16 89
16 92
16 94
16 96
16 97
16 98
16 99
16 100
16 102
16 105
16 107
16 109
16 110
16 113
16 115
16 116
16 117
16 119
16 123
16 133
16 134
16 135
16 136
16 137
16 139
16 140
16 144
16 145
16 147
16 148
16 149
16 151
16 154
16 155
16 161
16 162
16 163
16 164
16 166
16 167
16 172
16 174
16 175
16 176
16 177
16 179
16 180
16 183
16 184
16 185
16 188
16 189
16 190
16 191
16 193
16 194
16 196
16 197
17 19
17 20
17 25
17 27
17 28
17 29
17 30
17 32
17 33
17 36
17 37
17 38
17 39
17 41
17 42
17 44
17 49
17 51
17 54
17 59
17 61
17 62
17 65
17 67
17 69
17 72
17 73
17 74
17 75
17 76
17 79
17 85
17 86
17 88
17 91
17 92
17 93
17 94
17 95
17 96
17 97
17 98
17 103
17 104
17 105
17 106
17 109
17 112
17 122
17 123
17 124
17 125
17 127
17 128
17 132
17 134
17 135
17 136
17 137
17 138
17 139
17 140
17 143
17 147
17 148
17 149
17 150
17 152
17 153
17 155
17 156
17 158
17 159
17 160
17 162
17 165
17 166
17 169
17 171
17 175
17 178
17 179
17 181
17 183
17 184
17 185
17 188
17 193
17 194
17 195
17 196
17 197
17 198
18 22
18 23
18 25
18 26
18 28
18 30
18 31
18 33
18 35
18 36
18 37
18 40
18 41
18 42
18 43
18 45
18 46
18 52
18 53
18 55
18 57
18 64
18 67
18 68
18 69
18 71
18 73
18 76
18 77
18 80
18 82
18 83
18 84
18 85
18 86
18 87
18 89
18 90
18 92
18 95
18 97
18 100
18 107
18 110
18 115
18 116
18 117
18 118
18 120
18 122
18 124
18 131
18 132
18 133
18 135
18 137
18 139
18 141
18 147
18 148
18 151
18 153
18 154
18 155
18 157
18 158
18 159
18 160
18 165
18 167
18 169
18 170
18 171
18 173
18 174
18 175
18 177
18 179
18 181
18 182
18 184
18 185
18 186
18 187
18 195
18 197
18 198
19 20
19 21
19 25
19 28
19 32
19 33
19 34
19 39
19 42
19 48
19 49
19 52
19 53
19 57
19 59
19 61
19 62
19 65
19 68
19 69
19 71
19 72
19 73
19 77
19 83
19 86
19 93
19 96
19 98
19 102
19 107
19 108
19 109
19 110
19 111
19 112
19 113
19 115
19 117
19 118
19 120
19 122
19 123
19 126
19 128
19 138
19 139
19 141
19 143
19 144
19 146
19 148
19 151
19 154
19 156
19 157
19 159
19 163
19 164
19 165
19 167
19 170
19 172
19 174
19 175
19 178
19 180
19 183
19 189
19 195
19 196
19 197
19 198
19 199
20 24
20 27
20 31
20 34
20 36
20 38
20 39
20 40
20 41
20 42
20 45
20 47
20 49
20 53
20 62
20 66
20 67
20 68
20 70
20 73
20 75
20 76
20 78
20 80
20 81
20 82
20 83
20 84
20 88
20 89
20 91
20 92
20 96
20 98
20 100
20 103
20 104
20 107
20 109
20 113
20 116
20 117
20 119
20 121
20 122
20 123
20 126
20 129
20 130
20 131
20 137
20 140
20 141
20 142
20 146
20 148
20 149
20 150
20 152
20 153
20 155
20 156
20 157
20 163
20 164
20 165
20 167
20 168
20 169
20 171
20 172
20 173
20 174
20 175
20 176
20 177
20 178
20 179
20 181
20 182
20 184
20 185
20 186
20 188
20 189
20 190
20 191
20 193
20 194
20 197
20 198
20 199
21 22
21 23
21 26
21 27
21 28
21 29
21 31
21 32
21 40
21 42
21 43
21 46
21 48
21 49
21 50
21 52
21 53
21 55
21 56
21 57
21 59
21 60
21 61
21 63
21 65
21 66
21 68
21 69
21 70
21 72
21 73
21 76
21 77
21 79
21 80
21 81
21 82
21 85
21 86
21 87
21 88
21 90
21 93
21 94
21 95
21 96
21 97
21 100
21 103
21 105
21 112
21 114
21 119
21 120
21 124
21 127
21 128
21 130
21 132
21 134
21 136
21 137
21 140
21 142
21 147
21 150
21 151
21 153
21 155
21 156
21 157
21 159
21 160
21 162
21 165
21 167
21 168
21 172
21 174
21 177
21 180
21 181
21 185
21 186
21 188
21 189
21 191
21 193
21 196
21 198
21 199
22 24
22 25
22 30
22 31
22 32
22 35
22 36
22 37
22 38
22 39
22 41
22 42
22 43
22 45
22 47
22 48
22 49
22 50
22 51
22 52
22 53
22 55
22 56
22 57
22 58
22 60
22 62
22 65
22 68
22 75
22 76
22 78
22 79
22 80
22 82
22 84
22 85
22 86
22 89
22 90
22 93
22 94
22 96
22 98
22 99
22 100
22 101
22 102
22 103
22 107
22 108
22 109
22 110
22 116
22 117
22 118
22 120
22 121
22 123
22 126
22 129
22 130
22 131
22 132
22 133
22 134
22 136
22 137
22 138
22 141
22 143
22 146
22 147
22 148
22 150
22 153
22 154
22 162
22 163
22 165
22 166
22 167
22 168
22 173
22 174
22 181
22 182
22 184
22 187
22 188
22 190
22 191
22 192
22 194
22 199
23 24
23 27
23 29
23 30
23 32
23 34
23 37
23 41
23 43
23 44
23 47
23 48
23 49
23 53
23 55
23 56
23 59
23 62
23 64
23 65
23 67
23 68
23 69
23 71
23 72
23 73
23 74
23 75
23 76
23 77
23 78
23 81
23 82
23 83
23 84
23 88
23 89
23 91
23 96
23 97
23 98
23 99
23 102
23 103
23 105
23 106
23 107
23 108
23 111
23 112
23 115
23 116
23 117
23 118
23 119
23 121
23 122
23 124
23 125
23 126
23 128
23 135
23 137
23 142
23 143
23 144
23 150
23 151
23 153
23 154
23 157
23 160
23 161
23 164
23 165
23 168
23 171
23 172
23 173
23 174
23 177
23 178
23 179
23 180
23 181
23 182
23 189
23 190
23 191
23 194
23 197
24 25
24 26
24 27
24 30
24 37
24 39
24 40
24 45
24 46
24 49
24 50
24 53
24 56
24 61
24 69
24 71
24 72
24 73
24 74
24 75
24 76
24 77
24 78
24 79
24 81
24 82
24 83
24 84
24 85
24 86
24 87
24 88
24 89
24 90
24 97
24 102
24 103
24 105
24 107
24 108
24 109
24 110
24 111
24 116
24 118
24 119
24 120
24 121
24 125
24 126
24 127
24 128
24 129
24 130
24 132
24 136
24 139
24 141
24 142
24 144
24 146
24 148
24 149
24 150
24 152
24 153
24 154
24 155
24 156
24 160
24 162
24 163
24 165
24 167
24 168
24 172
24 175
24 176
24 177
24 181
24 185
24 186
24 188
24 189
24 191
24 194
24 195
24 196
24 199
25 27
25 30
25 33
25 34
25 38
25 40
25 41
25 42
25 43
25 44
25 45
25 46
25 47
25 48
25 49
25 50
25 52
25 53
25 55
25 57
25 60
25 63
25 66
25 69
25 70
25 74
25 79
25 82
25 83
25 88
25 92
25 94
25 95
25 96
25 99
25 100
25 104
25 105
25 106
25 107
25 110
25 111
25 114
25 120
25 121
25 124
25 125
25 127
25 129
25 131
25 133
25 136
25 139
25 141
25 142
25 144
25 145
25 151
25 152
25 153
25 158
25 160
25 163
25 164
25 165
25 166
25 168
25 169
25 171
25 173
25 174
25 175
25 176
25 177
25 180
25 184
25 185
25 190
25 195
25 196
25 198
25 199
26 27
26 28
26 31
26 33
26 34
26 35
26 36
26 38
26 41
26 42
26 47
26 50
26 52
26 53
26 54
26 58
26 61
26 66
26 67
26 68
26 69
26 70
26 72
26 73
26 75
26 76
26 77
26 85
26 88
26 91
26 94
26 100
26 101
26 102
26 104
26 107
26 108
26 113
26 115
26 116
26 119
26 120
26 121
26 122
26 123
26 125
26 127
26 128
26 130
26 133
26 134
26 136
26 139
26 141
26 143
26 144
26 145
26 147
26 148
26 150
26 152
26 154
26 157
26 161
26 163
26 164
26 165
26 168
26 170
26 177
26 180
26 182
26 185
26 186
26 187
26 190
26 191
26 192
27 28
27 29
27 30
27 31
27 33
27 35
27 36
27 37
27 38
27 45
27 46
27 48
27 49
27 50
27 52
27 54
27 55
27 60
27 61
27 66
27 67
27 72
27 74
27 76
27 78
27 79
27 82
27 83
27 85
27 86
27 89
27 90
27 91
27 93
27 99
27 102
27 103
27 107
27 108
27 109
27 111
27 112
27 113
27 115
27 116
27 118
27 119
27 121
27 122
27 123
27 124
27 125
27 129
27 131
27 134
27 136
27 137
27 138
27 141
27 145
27 147
27 150
27 152
27 155
27 157
27 159
27 163
27 165
27 168
27 169
27 171
27 172
27 173
27 175
27 176
27 177
27 178
27 179
27 181
27 182
27 183
27 185
27 187
27 188
27 189
27 190
27 195
27 197
27 198
27 199
28 31
28 33
28 34
28 35
28 37
28 38
28 39
28 41
28 42
28 43
28 45
28 46
28 49
28 50
28 51
28 53
28 55
28 57
28 61
28 64
28 67
28 69
28 71
28 75
28 83
28 88
28 89
28 90
28 92
28 93
28 97
28 99
28 100
28 101
28 103
28 105
28 107
28 108
28 109
28 112
28 114
28 117
28 118
28 119
28 120
28 121
28 123
28 124
28 125
28 126
28 128
28 129
28 130
28 132
28 133
28 135
28 137
28 138
28 139
28 140
28 141
28 142
28 143
28 148
28 149
28 158
28 159
28 161
28 166
28 168
28 170
28 172
28 173
28 176
28 177
28 178
28 179
28 182
28 183
28 184
28 185
28 188
28 191
28 193
28 195
28 196
28 199
29 35
29 37
29 39
29 40
29 41
29 42
29 43
29 46
29 50
29 56
29 61
29 62
29 66
29 68
29 69
29 70
29 75
29 77
29 78
29 82
29 83
29 84
29 86
29 87
29 94
29 99
29 100
29 101
29 102
29 104
29 109
29 110
29 113
29 115
29 117
29 118
29 120
29 123
29 126
29 127
29 128
29 130
29 131
29 132
29 135
29 137
29 139
29 140
29 149
29 153
29 154
29 155
29 156
29 157
29 161
29 162
29 165
29 167
29 168
29 174
29 175
29 176
29 177
29 180
29 182
29 184
29 185
29 187
29 188
29 189
29 190
29 194
29 195
29 196
29 197
29 198
29 199
30 31
30 39
30 40
30 41
30 42
30 43
30 44
30 46
30 47
30 48
30 49
30 50
30 51
30 52
30 54
30 57
30 58
30 59
30 61
30 62
30 66
30 68
30 71
30 72
30 74
30 75
30 76
30 78
30 80
30 82
30 85
30 88
30 92
30 93
30 95
30 97
30 99
30 101
30 103
30 106
30 108
30 109
30 113
30 115
30 117
30 120
30 121
30 122
30 124
30 125
30 130
30 131
30 132
30 134
30 136
30 137
30 138
30 140
30 142
30 144
30 151
30 154
30 155
30 156
30 163
30 164
30 168
30 169
30 170
30 172
30 173
30 175
30 176
30 177
30 178
30 179
30 180
30 181
30 182
30 184
30 185
30 186
30 187
30 188
30 193
30 197
30 198
30 199
31 32
31 33
31 34
31 35
31 36
31 37
31 38
31 39
31 40
31 42
31 43
31 44
31 45
31 48
31 49
31 51
31 54
31 55
31 57
31 59
31 64
31 68
31 69
31 70
31 72
31 73
31 76
31 77
31 81
31 83
31 84
31 85
31 87
31 88
31 89
31 91
31 96
31 102
31 105
31 106
31 107
31 108
31 113
31 114
31 115
31 116
31 118
31 119
31 120
31 122
31 123
31 124
31 127
31 128
31 129
31 130
31 131
31 133
31 136
31 137
31 138
31 139
31 140
31 141
31 145
31 149
31 150
31 152
31 153
31 157
31 159
31 161
31 163
31 165
31 166
31 167
31 169
31 174
31 177
31 178
31 179
31 191
31 192
31 195
31 196
31 197
31 199
32 33
32 36
32 37
32 38
32 39
32 40
32 41
32 42
32 44
32 45
32 46
32 47
32 52
32 53
32 56
32 57
32 60
32 67
32 69
32 72
32 74
32 77
32 78
32 79
32 80
32 83
32 86
32 87
32 88
32 89
32 92
32 94
32 96
32 98
32 100
32 103
32 105
32 109
32 111
32 112
32 114
32 116
32 120
32 121
32 123
32 129
32 132
32 135
32 136
32 138
32 139
32 141
32 144
32 146
32 147
32 149
32 150
32 153
32 154
32 155
32 159
32 160
32 161
32 162
32 163
32 164
32 166
32 167
32 169
32 174
32 175
32 176
32 177
32 182
32 190
32 195
32 196
32 197
32 198
32 199
33 34
33 35
33 37
33 38
33 40
33 42
33 44
33 45
33 47
33 49
33 51
33 52
33 53
33 54
33 55
33 57
33 58
33 59
33 61
33 64
33 65
33 68
33 70
33 71
33 72
33 73
33 74
33 75
33 79
33 80
33 81
33 82
33 86
33 87
33 93
33 94
33 95
33 101
33 103
33 107
33 109
33 110
33 111
33 113
33 114
33 115
33 117
33 120
33 128
33 129
33 131
33 135
33 140
33 143
33 145
33 148
33 151
33 152
33 155
33 156
33 158
33 160
33 161
33 162
33 164
33 165
33 169
33 170
33 171
33 173
33 178
33 179
33 180
33 182
33 183
33 185
33 186
33 192
33 193
33 195
34 37
34 38
34 39
34 41
34 46
34 48
34 49
34 50
34 51
34 52
34 53
34 54
34 55
34 57
34 58
34 59
34 63
34 64
34 65
34 66
34 67
34 68
34 71
34 73
34 74
34 76
34 77
34 78
34 79
34 81
34 82
34 83
34 84
34 85
34 86
34 87
34 88
34 89
34 91
34 94
34 95
34 99
34 100
34 103
34 104
34 109
34 110
34 114
34 115
34 116
34 119
34 124
34 129
34 130
34 131
34 132
34 135
34 136
34 140
34 142
34 143
34 144
34 146
34 149
34 153
34 154
34 155
34 157
34 158
34 160
34 161
34 165
34 166
34 167
34 168
34 170
34 173
34 174
34 177
34 178
34 179
34 180
34 181
34 184
34 185
34 186
34 188
34 191
34 193
34 194
34 198
35 39
35 40
35 41
35 43
35 47
35 48
35 50
35 52
35 53
35 54
35 55
35 57
35 58
35 61
35 62
35 63
35 66
35 68
35 69
35 70
35 74
35 77
35 78
35 79
35 80
35 81
35 82
35 83
35 84
35 85
35 86
35 87
35 88
35 89
35 92
35 93
35 96
35 98
35 99
35 101
35 103
35 106
35 109
35 110
35 111
35 114
35 116
35 117
35 118
35 124
35 126
35 131
35 137
35 140
35 142
35 145
35 146
35 149
35 150
35 151
35 153
35 158
35 159
35 160
35 161
35 162
35 163
35 164
35 166
35 169
35 170
35 172
35 175
35 176
35 177
35 178
35 182
35 184
35 185
35 186
35 188
35 189
35 190
35 192
35 193
35 194
35 195
35 199
36 37
36 39
36 40
36 43
36 44
36 48
36 53
36 56
36 57
36 58
36 60
36 63
36 73
36 74
36 76
36 78
36 81
36 82
36 83
36 86
36 87
36 88
36 89
36 90
36 93
36 94
36 95
36 96
36 98
36 100
36 101
36 104
36 107
36 108
36 112
36 113
36 114
36 116
36 118
36 120
36 121
36 124
36 125
36 127
36 128
36 130
36 131
36 135
36 137
36 138
36 140
36 142
36 143
36 146
36 148
36 149
36 150
36 151
36 153
36 154
36 156
36 157
36 159
36 160
36 163
36 166
36 170
36 175
36 176
36 178
36 180
36 181
36 182
36 183
36 185
36 186
36 187
36 188
36 189
36 195
36 196
36 197
36 198
36 199
37 38
37 40
37 43
37 46
37 48
37 49
37 50
37 53
37 54
37 55
37 56
37 59
37 61
37 63
37 69
37 70
37 72
37 74
37 75
37 76
37 79
37 85
37 86
37 89
37 90
37 92
37 93
37 96
37 98
37 99
37 101
37 104
37 105
37 108
37 110
37 111
37 112
37 113
37 115
37 116
37 117
37 120
37 125
37 127
37 128
37 129
37 130
37 133
37 138
37 145
37 148
37 150
37 151
37 154
37 155
37 156
37 158
37 159
37 160
37 161
37 162
37 164
37 167
37 168
37 169
37 170
37 173
37 174
37 175
37 177
37 179
37 180
37 181
37 182
37 183
37 185
37 187
37 188
37 192
37 193
37 194
37 195
37 199
38 39
38 40
38 43
38 44
38 45
38 46
38 48
38 49
38 50
38 52
38 54
38 56
38 61
38 63
38 64
38 66
38 68
38 71
38 76
38 77
38 78
38 84
38 86
38 88
38 92
38 97
38 102
38 103
38 107
38 110
38 111
38 113
38 114
38 115
38 118
38 123
38 130
38 133
38 134
38 138
38 139
38 141
38 144
38 145
38 148
38 151
38 153
38 154
38 155
38 156
38 158
38 159
38 162
38 164
38 165
38 166
38 167
38 168
38 170
38 173
38 174
38 177
38 183
38 185
38 188
38 189
38 192
38 193
38 194
38 198
39 40
39 41
39 43
39 44
39 45
39 47
39 48
39 49
39 50
39 51
39 52
39 54
39 56
39 57
39 58
39 63
39 66
39 69
39 71
39 72
39 75
39 78
39 80
39 81
39 84
39 90
39 91
39 92
39 93
39 96
39 98
39 99
39 103
39 108
39 109
39 111
39 120
39 123
39 130
39 133
39 135
39 140
39 141
39 142
39 144
39 145
39 147
39 149
39 152
39 153
39 158
39 159
39 161
39 162
39 166
39 174
39 176
39 178
39 179
39 181
39 182
39 183
39 184
39 190
39 191
39 195
39 198
40 43
40 44
40 46
40 47
40 48
40 49
40 50
40 51
40 52
40 53
40 55
40 58
40 59
40 61
40 62
40 63
40 64
40 67
40 68
40 69
40 70
40 74
40 75
40 76
40 78
40 81
40 84
40 86
40 87
40 88
40 91
40 92
40 93
40 94
40 99
40 102
40 103
40 105
40 107
40 108
40 110
40 111
40 114
40 115
40 116
40 119
40 121
40 122
40 124
40 128
40 129
40 130
40 132
40 133
40 136
40 138
40 140
40 141
40 143
40 146
40 147
40 148
40 152
40 154
40 156
40 158
40 159
40 160
40 161
40 162
40 165
40 166
40 169
40 170
40 171
40 172
40 173
40 179
40 181
40 182
40 184
40 193
40 194
40 196
40 197
40 199
41 42
41 43
41 44
41 45
41 46
41 47
41 48
41 49
41 51
41 52
41 55
41 56
41 59
41 62
41 63
41 66
41 69
41 71
41 73
41 75
41 76
41 78
41 81
41 83
41 84
41 85
41 86
41 87
41 88
41 90
41 97
41 98
41 99
41 102
41 106
41 109
41 111
41 114
41 117
41 118
41 119
41 120
41 121
41 125
41 126
41 127
41 128
41 129
41 130
41 132
41 135
41 136
41 142
41 143
41 148
41 150
41 153
41 154
41 156
41 158
41 159
41 161
41 162
41 163
41 165
41 168
41 173
41 177
41 179
41 184
41 186
41 188
41 190
41 193
41 198
42 43
42 47
42 49
42 50
42 51
42 53
42 55
42 56
42 57
42 58
42 59
42 62
42 66
42 67
42 68
42 69
42 70
42 71
42 74
42 87
42 90
42 94
42 100
42 102
42 103
42 106
42 107
42 109
42 114
42 116
42 117
42 119
42 121
42 125
42 126
42 127
42 128
42 129
42 134
42 137
42 138
42 140
42 143
42 145
42 148
42 149
42 151
42 152
42 156
42 159
42 160
42 161
42 163
42 166
42 167
42 168
42 169
42 170
42 171
42 175
42 176
42 180
42 181
42 183
42 186
42 189
42 192
42 194
42 195
42 197
43 45
43 46
43 50
43 53
43 57
43 58
43 60
43 64
43 65
43 67
43 68
43 70
43 72
43 73
43 75
43 76
43 78
43 79
43 80
43 81
43 82
43 83
43 84
43 85
43 86
43 93
43 94
43 97
43 98
43 101
43 102
43 103
43 104
43 106
43 108
43 109
43 110
43 112
43 113
43 114
43 116
43 117
43 119
43 120
43 121
43 123
43 124
43 129
43 133
43 134
43 135
43 136
43 139
43 141
43 142
43 143
43 145
43 146
43 150
43 151
43 153
43 155
43 156
43 159
43 161
43 162
43 163
43 164
43 165
43 173
43 174
43 177
43 178
43 179
43 180
43 181
43 182
43 183
43 184
43 186
43 188
43 189
43 190
43 191
43 193
43 195
43 196
43 198
44 46
44 48
44 50
44 53
44 55
44 59
44 61
44 62
44 64
44 66
44 67
44 70
44 71
44 72
44 74
44 75
44 77
44 79
44 80
44 82
44 85
44 86
44 91
44 93
44 95
44 96
44 101
44 102
44 103
44 104
44 106
44 108
44 110
44 111
44 114
44 115
44 117
44 118
44 120
44 122
44 123
44 128
44 129
44 130
44 131
44 132
44 133
44 134
44 137
44 141
44 142
44 144
44 146
44 148
44 151
44 152
44 154
44 157
44 158
44 160
44 163
44 165
44 170
44 171
44 174
44 175
44 177
44 180
44 185
44 186
44 187
44 188
44 189
44 190
44 191
44 193
44 194
44 196
44 198
45 47
45 48
45 51
45 56
45 57
45 58
45 59
45 60
45 61
45 62
45 63
45 66
45 67
45 68
45 69
45 71
45 74
45 75
45 76
45 79
45 80
45 82
45 83
45 85
45 87
45 88
45 89
45 90
45 92
45 95
45 97
45 100
45 105
45 106
45 107
45 108
45 109
45 111
45 112
45 115
45 116
45 118
45 122
45 126
45 129
45 135
45 136
45 139
45 142
45 143
45 144
45 146
45 148
45 149
45 153
45 157
45 158
45 159
45 160
45 161
45 162
45 163
45 165
45 166
45 168
45 171
45 173
45 176
45 178
45 180
45 181
45 182
45 183
45 184
45 185
45 187
45 189
45 191
45 194
45 195
45 196
45 197
46 47
46 48
46 49
46 50
46 51
46 52
46 54
46 57
46 58
46 59
46 61
46 62
46 65
46 66
46 68
46 69
46 71
46 72
46 75
46 77
46 78
46 80
46 81
46 82
46 85
46 86
46 87
46 88
46 92
46 94
46 96
46 97
46 99
46 100
46 101
46 103
46 110
46 111
46 112
46 113
46 115
46 116
46 120
46 123
46 124
46 126
46 129
46 130
46 135
46 136
46 138
46 139
46 141
46 142
46 143
46 146
46 147
46 148
46 152
46 153
46 155
46 158
46 159
46 164
46 165
46 166
46 169
46 171
46 175
46 178
46 181
46 184
46 185
46 188
46 189
46 190
46 191
46 192
46 193
46 194
46 198
47 48
47 51
47 53
47 54
47 55
47 56
47 57
47 58
47 60
47 61
47 62
47 65
47 66
47 67
47 69
47 70
47 71
47 73
47 76
47 79
47 80
47 81
47 83
47 84
47 86
47 87
47 90
47 92
47 93
47 96
47 97
47 98
47 99
47 102
47 104
47 105
47 112
47 114
47 115
47 117
47 118
47 119
47 120
47 125
47 126
47 128
47 129
47 130
47 133
47 134
47 138
47 142
47 143
47 144
47 147
47 148
47 152
47 155
47 156
47 157
47 159
47 161
47 162
47 164
47 167
47 172
47 174
47 175
47 176
47 177
47 179
47 180
47 182
47 183
47 184
47 187
47 192
47 193
47 198
47 199
48 51
48 55
48 57
48 58
48 59
48 60
48 62
48 63
48 64
48 66
48 67
48 68
48 69
48 70
48 72
48 73
48 74
48 77
48 79
48 81
48 82
48 84
48 85
48 86
48 87
48 89
48 91
48 92
48 93
48 95
48 98
48 101
48 102
48 104
48 107
48 108
48 109
48 110
48 111
48 112
48 116
48 118
48 119
48 121
48 122
48 126
48 131
48 132
48 133
48 138
48 140
48 141
48 143
48 144
48 146
48 148
48 149
48 152
48 153
48 154
48 155
48 156
48 162
48 163
48 164
48 171
48 174
48 176
48 177
48 178
48 180
48 181
48 184
48 185
48 187
48 191
48 193
48 194
48 196
48 197
48 199
49 50
49 51
49 57
49 59
49 61
49 64
49 66
49 68
49 69
49 71
49 72
49 73
49 74
49 88
49 89
49 90
49 92
49 93
49 95
49 96
49 100
49 104
49 105
49 106
49 108
49 111
49 114
49 115
49 116
49 117
49 119
49 120
49 121
49 126
49 127
49 131
49 133
49 135
49 136
49 138
49 142
49 143
49 145
49 147
49 149
49 155
49 157
49 159
49 164
49 165
49 167
49 168
49 170
49 172
49 173
49 177
49 179
49 181
49 182
49 186
49 187
49 189
49 192
50 51
50 53
50 55
50 59
50 60
50 61
50 64
50 65
50 67
50 68
50 71
50 72
50 76
50 82
50 83
50 85
50 88
50 90
50 92
50 93
50 95
50 98
50 99
50 100
50 104
50 108
50 109
50 111
50 113
50 115
50 118
50 119
50 120
50 121
50 124
50 125
50 127
50 128
50 130
50 136
50 137
50 139
50 140
50 141
50 143
50 144
50 146
50 149
50 150
50 151
50 153
50 155
50 158
50 160
50 162
50 163
50 164
50 165
50 167
50 168
50 177
50 179
50 181
50 183
50 188
50 191
50 193
50 196
50 198
51 53
51 55
51 59
51 61
51 63
51 64
51 65
51 66
51 67
51 68
51 72
51 73
51 74
51 76
51 80
51 81
51 82
51 83
51 88
51 90
51 91
51 94
51 96
51 99
51 100
51 103
51 105
51 106
51 110
51 111
51 112
51 113
51 114
51 116
51 118
51 120
51 121
51 123
51 124
51 128
51 133
51 134
51 135
51 137
51 139
51 140
51 141
51 143
51 144
51 145
51 146
51 148
51 150
51 151
51 152
51 156
51 157
51 160
51 163
51 164
51 166
51 169
51 170
51 171
51 173
51 174
51 175
51 176
51 177
51 179
51 181
51 183
51 185
51 187
51 188
51 189
51 191
51 192
51 193
51 198
52 53
52 55
52 57
52 60
52 61
52 65
52 66
52 67
52 69
52 70
52 71
52 72
52 73
52 74
52 75
52 77
52 78
52 81
52 84
52 90
52 91
52 92
52 94
52 95
52 99
52 102
52 103
52 104
52 108
52 110
52 115
52 116
52 121
52 125
52 126
52 127
52 128
52 130
52 131
52 135
52 136
52 137
52 139
52 141
52 142
52 145
52 147
52 148
52 149
52 150
52 151
52 152
52 156
52 157
52 158
52 159
52 160
52 161
52 162
52 163
52 165
52 167
52 171
52 175
52 177
52 179
52 181
52 182
52 183
52 184
52 186
52 188
52 189
52 190
52 192
52 193
52 198
53 54
53 60
53 62
53 63
53 64
53 67
53 69
53 72
53 73
53 74
53 75
53 76
53 77
53 80
53 84
53 85
53 87
53 88
53 91
53 92
53 94
53 99
53 100
53 101
53 106
53 108
53 110
53 111
53 116
53 117
53 119
53 121
53 123
53 124
53 125
53 128
53 129
53 130
53 131
53 132
53 133
53 135
53 139
53 140
53 143
53 145
53 147
53 150
53 152
53 154
53 156
53 158
53 161
53 163
53 164
53 169
53 170
53 172
53 173
53 176
53 178
53 179
53 180
53 181
53 184
53 185
53 186
53 187
53 188
53 192
53 194
53 197
53 198
53 199
54 55
54 58
54 61
54 69
54 71
54 72
54 73
54 77
54 80
54 83
54 84
54 85
54 86
54 88
54 89
54 91
54 92
54 94
54 95
54 98
54 104
54 105
54 106
54 107
54 109
54 110
54 111
54 112
54 113
54 119
54 120
54 122
54 126
54 128
54 129
54 131
54 132
54 134
54 137
54 138
54 139
54 140
54 141
54 144
54 146
54 147
54 148
54 149
54 150
54 151
54 153
54 157
54 160
54 163
54 165
54 166
54 167
54 168
54 169
54 171
54 175
54 180
54 182
54 183
54 184
54 189
54 193
54 194
54 198
54 199
55 56
55 57
55 58
55 59
55 60
55 62
55 65
55 67
55 69
55 74
55 75
55 76
55 77
55 78
55 80
55 82
55 85
55 87
55 89
55 90
55 91
55 92
55 94
55 95
55 96
55 101
55 102
55 107
55 108
55 113
55 114
55 115
55 116
55 120
55 121
55 122
55 123
55 130
55 131
55 132
55 133
55 134
55 137
55 138
55 139
55 150
55 152
55 153
55 154
55 161
55 162
55 166
55 168
55 169
55 170
55 174
55 175
55 178
55 179
55 180
55 182
55 183
55 185
55 188
55 190
55 191
55 194
55 196
55 197
55 199
56 57
56 58
56 61
56 64
56 65
56 66
56 68
56 70
56 72
56 74
56 77
56 81
56 83
56 86
56 87
56 88
56 90
56 91
56 93
56 94
56 95
56 98
56 102
56 105
56 107
56 108
56 109
56 110
56 111
56 112
56 114
56 115
56 117
56 119
56 120
56 121
56 122
56 124
56 126
56 127
56 128
56 129
56 130
56 133
56 135
56 137
56 138
56 139
56 143
56 144
56 146
56 147
56 149
56 150
56 156
56 157
56 158
56 159
56 161
56 162
56 163
56 164
56 166
56 168
56 169
56 172
56 173
56 175
56 176
56 177
56 178
56 179
56 180
56 181
56 182
56 187
56 188
56 189
56 191
56 193
56 196
56 198
56 199
57 58
57 60
57 61
57 65
57 68
57 69
57 70
57 71
57 75
57 76
57 77
57 79
57 80
57 81
57 91
57 93
57 94
57 95
57 97
57 102
57 103
57 104
57 105
57 107
57 108
57 110
57 112
57 113
57 114
57 115
57 116
57 117
57 122
57 123
57 124
57 125
57 126
57 128
57 130
57 132
57 133
57 136
57 139
57 141
57 142
57 144
57 145
57 146
57 151
57 152
57 153
57 154
57 156
57 160
57 161
57 164
57 165
57 166
57 168
57 169
57 170
57 177
57 180
57 182
57 183
57 184
57 187
57 188
57 190
57 191
57 194
57 195
57 196
58 59
58 60
58 63
58 66
58 68
58 70
58 72
58 73
58 75
58 76
58 77
58 78
58 80
58 82
58 85
58 91
58 93
58 97
58 98
58 99
58 101
58 104
58 106
58 107
58 113
58 114
58 115
58 117
58 119
58 122
58 126
58 127
58 128
58 129
58 132
58 133
58 134
58 137
58 139
58 140
58 141
58 142
58 143
58 145
58 147
58 149
58 151
58 156
58 159
58 160
58 163
58 164
58 165
58 166
58 167
58 168
58 169
58 170
58 171
58 172
58 177
58 179
58 180
58 181
58 184
58 185
58 186
58 187
58 189
58 190
58 192
58 194
58 195
59 60
59 62
59 63
59 64
59 66
59 67
59 69
59 78
59 80
59 81
59 82
59 85
59 86
59 88
59 94
59 98
59 99
59 101
59 102
59 105
59 106
59 107
59 108
59 109
59 110
59 111
59 113
59 114
59 116
59 117
59 120
59 122
59 123
59 124
59 128
59 131
59 132
59 135
59 142
59 143
59 144
59 145
59 151
59 155
59 156
59 157
59 159
59 162
59 164
59 166
59 167
59 168
59 170
59 172
59 174
59 175
59 176
59 177
59 178
59 179
59 180
59 182
59 184
59 185
59 186
59 188
59 193
59 195
59 197
60 61
60 63
60 66
60 67
60 72
60 74
60 77
60 78
60 80
60 81
60 82
60 83
60 86
60 87
60 89
60 90
60 91
60 92
60 93
60 95
60 96
60 97
60 98
60 99
60 101
60 104
60 105
60 107
60 108
60 109
60 110
60 111
60 112
60 114
60 116
60 118
60 119
60 120
60 124
60 125
60 131
60 132
60 137
60 138
60 145
60 146
60 147
60 148
60 149
60 150
60 151
60 152
60 153
60 154
60 156
60 158
60 159
60 160
60 166
60 167
60 170
60 171
60 174
60 177
60 178
60 182
60 184
60 185
60 186
60 187
60 188
60 189
60 190
60 193
60 194
60 196
60 197
61 62
61 63
61 64
61 70
61 72
61 73
61 76
61 77
61 85
61 89
61 90
61 91
61 92
61 93
61 94
61 95
61 96
61 98
61 99
61 100
61 101
61 102
61 103
61 104
61 105
61 107
61 109
61 110
61 112
61 114
61 115
61 120
61 121
61 123
61 125
61 126
61 130
61 132
61 137
61 138
61 139
61 140
61 146
61 147
61 149
61 150
61 152
61 154
61 155
61 157
61 159
61 165
61 172
61 173
61 175
61 176
61 177
61 178
61 181
61 183
61 187
61 192
61 194
61 195
61 197
62 63
62 66
62 68
62 70
62 72
62 73
62 76
62 79
62 81
62 84
62 87
62 89
62 90
62 93
62 94
62 95
62 96
62 97
62 98
62 102
62 105
62 106
62 107
62 108
62 109
62 111
62 112
62 115
62 119
62 122
62 126
62 127
62 128
62 131
62 132
62 134
62 135
62 136
62 139
62 141
62 143
62 147
62 148
62 149
62 150
62 152
62 153
62 156
62 158
62 160
62 161
62 162
62 163
62 169
62 170
62 171
62 173
62 178
62 179
62 181
62 182
62 186
62 188
62 191
62 192
62 193
62 194
62 195
62 199
63 64
63 65
63 67
63 70
63 75
63 78
63 79
63 84
63 85
63 86
63 87
63 91
63 93
63 97
63 100
63 103
63 104
63 105
63 107
63 108
63 111
63 114
63 116
63 117
63 118
63 119
63 120
63 123
63 128
63 130
63 133
63 134
63 136
63 141
63 142
63 143
63 146
63 148
63 149
63 155
63 156
63 157
63 160
63 162
63 163
63 164
63 165
63 166
63 170
63 171
63 173
63 176
63 186
63 187
63 188
63 191
63 192
63 193
63 194
64 66
64 67
64 70
64 72
64 73
64 74
64 75
64 82
64 83
64 84
64 85
64 89
64 92
64 93
64 95
64 100
64 102
64 103
64 104
64 105
64 106
64 111
64 112
64 114
64 116
64 117
64 120
64 122
64 123
64 124
64 128
64 129
64 133
64 136
64 137
64 138
64 139
64 142
64 143
64 144
64 146
64 147
64 148
64 150
64 151
64 153
64 154
64 155
64 157
64 158
64 163
64 165
64 168
64 171
64 172
64 173
64 176
64 177
64 178
64 179
64 181
64 182
64 185
64 187
64 188
64 191
64 193
64 195
64 196
64 199
65 66
65 71
65 72
65 73
65 74
65 75
65 77
65 82
65 84
65 89
65 91
65 92
65 93
65 94
65 96
65 97
65 99
65 100
65 101
65 102
65 104
65 105
65 106
65 108
65 109
65 112
65 114
65 116
65 119
65 120
65 121
65 122
65 123
65 124
65 125
65 127
65 128
65 130
65 132
65 133
65 136
65 143
65 146
65 147
65 153
65 158
65 159
65 161
65 165
65 167
65 171
65 174
65 179
65 180
65 181
65 182
65 184
65 185
65 186
65 187
65 189
65 190
65 191
65 197
66 68
66 71
66 73
66 78
66 79
66 81
66 83
66 84
66 86
66 88
66 89
66 92
66 94
66 99
66 101
66 102
66 104
66 105
66 106
66 110
66 116
66 117
66 118
66 120
66 124
66 127
66 134
66 138
66 140
66 142
66 143
66 144
66 145
66 147
66 149
66 150
66 152
66 155
66 162
66 164
66 165
66 166
66 167
66 173
66 175
66 177
66 178
66 179
66 180
66 181
66 183
66 185
66 186
66 187
66 190
66 195
66 196
66 197
67 68
67 70
67 72
67 74
67 84
67 85
67 86
67 88
67 89
67 90
67 95
67 100
67 104
67 108
67 109
67 112
67 113
67 114
67 115
67 116
67 119
67 124
67 125
67 127
67 133
67 135
67 136
67 137
67 138
67 142
67 144
67 146
67 147
67 149
67 150
67 151
67 152
67 153
67 154
67 155
67 156
67 160
67 165
67 166
67 167
67 169
67 170
67 172
67 173
67 174
67 176
67 180
67 181
67 182
67 183
67 184
67 185
67 187
67 189
67 190
67 191
67 192
67 193
67 197
68 69
68 71
68 74
68 75
68 79
68 80
68 81
68 85
68 86
68 90
68 91
68 93
68 94
68 95
68 96
68 102
68 106
68 109
68 110
68 112
68 116
68 117
68 120
68 127
68 128
68 129
68 130
68 131
68 132
68 133
68 135
68 136
68 139
68 145
68 147
68 149
68 150
68 151
68 153
68 154
68 155
68 157
68 159
68 162
68 168
68 169
68 170
68 174
68 176
68 178
68 179
68 180
68 182
68 184
68 185
68 189
68 191
68 192
68 193
68 194
68 195
68 196
68 197
68 199
69 71
69 74
69 76
69 77
69 79
69 84
69 85
69 86
69 88
69 90
69 91
69 94
69 95
69 97
69 99
69 101
69 103
69 104
69 105
69 106
69 111
69 113
69 114
69 115
69 116
69 117
69 119
69 120
69 121
69 122
69 123
69 124
69 126
69 129
69 130
69 132
69 133
69 134
69 135
69 136
69 140
69 141
69 142
69 144
69 146
69 148
69 149
69 150
69 151
69 152
69 153
69 156
69 157
69 158
69 160
69 164
69 166
69 167
69 169
69 173
69 177
69 178
69 179
69 182
69 184
69 185
69 186
69 188
69 189
69 190
69 191
69 192
69 193
69 195
69 196
69 197
69 199
70 71
70 74
70 75
70 78
70 81
70 82
70 83
70 84
70 87
70 90
70 93
70 95
70 96
70 97
70 98
70 99
70 100
70 102
70 103
70 107
70 112
70 114
70 115
70 116
70 119
70 120
70 123
70 124
70 128
70 129
70 130
70 133
70 134
70 135
70 136
70 138
70 140
70 142
70 143
70 144
70 146
70 147
70 150
70 151
70 153
70 154
70 155
70 156
70 158
70 160
70 163
70 167
70 169
70 170
70 172
70 176
70 179
70 181
70 183
70 184
70 186
70 187
70 190
70 191
70 192
70 193
70 194
70 195
70 198
71 72
71 73
71 75
71 78
71 79
71 80
71 84
71 85
71 86
71 87
71 89
71 91
71 93
71 94
71 95
71 96
71 97
71 100
71 102
71 104
71 106
71 108
71 109
71 110
71 111
71 112
71 113
71 114
71 116
71 118
71 121
71 124
71 125
71 129
71 131
71 132
71 133
71 134
71 136
71 140
71 143
71 146
71 147
71 149
71 150
71 154
71 155
71 156
71 157
71 158
71 160
71 162
71 164
71 167
71 168
71 169
71 170
71 171
71 173
71 178
71 180
71 183
71 184
71 187
71 188
71 189
71 191
71 192
71 194
71 197
71 199
72 73
72 74
72 75
72 76
72 78
72 79
72 81
72 82
72 83
72 85
72 86
72 87
72 91
72 93
72 95
72 96
72 97
72 99
72 100
72 101
72 108
72 110
72 111
72 113
72 114
72 117
72 122
72 126
72 128
72 130
72 132
72 133
72 137
72 138
72 141
72 142
72 144
72 145
72 146
72 147
72 150
72 151
72 152
72 153
72 154
72 155
72 156
72 157
72 161
72 163
72 167
72 169
72 171
72 175
72 176
72 178
72 179
72 181
72 182
72 184
72 185
72 186
72 188
72 190
72 193
72 194
72 199
73 74
73 75
73 80
73 82
73 86
73 88
73 91
73 92
73 99
73 101
73 103
73 105
73 108
73 110
73 111
73 112
73 115
73 121
73 122
73 127
73 128
73 131
73 132
73 133
73 135
73 136
73 137
73 138
73 140
73 142
73 144
73 148
73 151
73 153
73 156
73 157
73 158
73 159
73 160
73 161
73 164
73 165
73 169
73 174
73 177
73 179
73 180
73 184
73 186
73 190
73 194
73 195
73 196
73 197
73 198
73 199
74 75
74 78
74 79
74 80
74 81
74 84
74 87
74 89
74 91
74 95
74 100
74 103
74 106
74 108
74 109
74 112
74 119
74 120
74 122
74 124
74 126
74 130
74 132
74 135
74 137
74 139
74 143
74 144
74 146
74 148
74 149
74 155
74 157
74 158
74 160
74 161
74 165
74 166
74 167
74 169
74 170
74 171
74 172
74 173
74 174
74 175
74 178
74 180
74 181
74 184
74 187
74 195
74 197
74 199
75 78
75 81
75 82
75 83
75 84
75 85
75 86
75 88
75 89
75 90
75 99
75 101
75 102
75 104
75 105
75 106
75 115
75 118
75 119
75 121
75 122
75 124
75 125
75 127
75 129
75 136
75 138
75 139
75 140
75 141
75 142
75 153
75 154
75 155
75 156
75 157
75 160
75 162
75 164
75 165
75 166
75 167
75 168
75 169
75 170
75 171
75 172
75 173
75 174
75 175
75 177
75 178
75 179
75 181
75 182
75 183
75 189
75 191
75 192
75 195
75 196
75 198
75 199
76 77
76 81
76 82
76 83
76 86
76 87
76 91
76 95
76 96
76 102
76 104
76 106
76 109
76 113
76 114
76 115
76 118
76 124
76 127
76 128
76 131
76 140
76 141
76 142
76 144
76 146
76 148
76 150
76 153
76 155
76 156
76 158
76 161
76 167
76 169
76 170
76 171
76 172
76 175
76 176
76 180
76 181
76 183
76 184
76 186
76 187
76 190
76 191
76 192
76 193
76 196
76 197
77 78
77 79
77 81
77 83
77 84
77 86
77 87
77 88
77 90
77 91
77 93
77 96
77 97
77 100
77 102
77 103
77 104
77 109
77 111
77 112
77 113
77 114
77 119
77 121
77 122
77 123
77 127
77 130
77 137
77 138
77 141
77 142
77 146
77 150
77 153
77 154
77 155
77 158
77 162
77 165
77 166
77 168
77 170
77 172
77 173
77 175
77 176
77 178
77 180
77 181
77 182
77 184
77 185
77 190
77 192
77 193
77 198
77 199
78 80
78 81
78 83
78 87
78 88
78 96
78 101
78 106
78 111
78 118
78 119
78 121
78 123
78 125
78 126
78 129
78 132
78 136
78 137
78 139
78 141
78 144
78 147
78 148
78 149
78 150
78 155
78 156
78 157
78 158
78 159
78 160
78 162
78 163
78 164
78 165
78 166
78 167
78 170
78 171
78 178
78 179
78 180
78 181
78 182
78 183
78 185
78 188
78 190
78 192
78 198
78 199
79 84
79 86
79 87
79 88
79 89
79 90
79 91
79 94
79 95
79 97
79 105
79 107
79 110
79 111
79 112
79 113
79 117
79 118
79 119
79 120
79 121
79 126
79 127
79 131
79 132
79 133
79 135
79 136
79 137
79 140
79 143
79 145
79 146
79 149
79 150
79 153
79 154
79 156
79 157
79 158
79 160
79 162
79 164
79 165
79 166
79 171
79 173
79 174
79 175
79 176
79 177
79 178
79 179
79 180
79 181
79 182
79 185
79 186
79 187
79 192
79 195
80 81
80 85
80 88
80 89
80 90
80 92
80 95
80 96
80 98
80 102
80 103
80 104
80 107
80 108
80 109
80 111
80 116
80 117
80 121
80 122
80 123
80 124
80 125
80 126
80 128
80 129
80 130
80 132
80 135
80 136
80 138
80 140
80 145
80 146
80 147
80 148
80 150
80 151
80 154
80 155
80 157
80 162
80 163
80 164
80 166
80 167
80 169
80 170
80 171
80 172
80 173
80 174
80 176
80 178
80 183
80 184
80 190
80 191
80 192
80 196
80 197
81 82
81 86
81 88
81 89
81 90
81 91
81 93
81 98
81 99
81 100
81 101
81 102
81 103
81 104
81 107
81 112
81 116
81 120
81 122
81 124
81 126
81 128
81 129
81 138
81 140
81 142
81 144
81 145
81 148
81 149
81 150
81 153
81 155
81 156
81 157
81 158
81 161
81 168
81 169
81 175
81 176
81 180
81 181
81 185
81 186
81 190
81 192
81 193
81 194
81 196
81 197
82 83
82 86
82 87
82 91
82 95
82 96
82 97
82 99
82 103
82 104
82 106
82 108
82 109
82 111
82 112
82 113
82 114
82 115
82 117
82 118
82 120
82 122
82 124
82 125
82 128
82 130
82 131
82 133
82 134
82 136
82 137
82 141
82 143
82 144
82 147
82 148
82 153
82 154
82 155
82 159
82 161
82 162
82 163
82 165
82 170
82 174
82 178
82 180
82 182
82 183
82 184
82 187
82 192
82 197
83 84
83 85
83 86
83 89
83 91
83 97
83 101
83 102
83 104
83 105
83 107
83 108
83 109
83 111
83 115
83 117
83 118
83 120
83 121
83 126
83 130
83 131
83 132
83 133
83 135
83 136
83 137
83 140
83 141
83 145
83 147
83 149
83 150
83 151
83 154
83 155
83 156
83 158
83 159
83 160
83 162
83 164
83 165
83 167
83 168
83 169
83 173
83 174
83 175
83 177
83 180
83 182
83 184
83 186
83 192
83 193
83 195
83 196
83 197
83 199
84 85
84 87
84 88
84 89
84 92
84 99
84 101
84 102
84 103
84 105
84 107
84 108
84 109
84 113
84 114
84 117
84 118
84 119
84 122
84 124
84 125
84 127
84 128
84 129
84 130
84 131
84 132
84 135
84 136
84 137
84 138
84 140
84 141
84 142
84 143
84 144
84 146
84 147
84 149
84 151
84 155
84 158
84 162
84 165
84 167
84 171
84 174
84 175
84 176
84 178
84 180
84 182
84 189
84 190
84 191
84 194
84 195
84 197
84 199
85 88
85 90
85 95
85 98
85 101
85 103
85 105
85 106
85 107
85 108
85 110
85 112
85 113
85 114
85 115
85 117
85 119
85 120
85 121
85 122
85 125
85 126
85 127
85 129
85 130
85 131
85 133
85 138
85 145
85 147
85 149
85 153
85 157
85 158
85 160
85 161
85 163
85 164
85 170
85 172
85 174
85 177
85 180
85 183
85 185
85 191
86 89
86 90
86 91
86 93
86 94
86 97
86 100
86 101
86 103
86 105
86 106
86 107
86 108
86 109
86 111
86 112
86 113
86 115
86 116
86 122
86 123
86 124
86 126
86 127
86 128
86 131
86 135
86 136
86 137
86 138
86 139
86 144
86 147
86 149
86 150
86 151
86 152
86 157
86 158
86 159
86 161
86 162
86 164
86 166
86 167
86 168
86 169
86 170
86 175
86 177
86 178
86 184
86 188
86 194
86 195
86 196
87 88
87 89
87 90
87 93
87 94
87 95
87 97
87 98
87 99
87 100
87 101
87 102
87 106
87 107
87 108
87 111
87 112
87 113
87 115
87 116
87 117
87 119
87 120
87 121
87 124
87 126
87 128
87 130
87 132
87 133
87 134
87 135
87 137
87 139
87 143
87 145
87 147
87 148
87 151
87 155
87 156
87 157
87 160
87 162
87 163
87 164
87 165
87 171
87 172
87 174
87 175
87 176
87 178
87 179
87 183
87 185
87 186
87 190
87 196
87 197
87 199
88 91
88 92
88 94
88 95
88 96
88 97
88 101
88 102
88 104
88 105
88 106
88 109
88 110
88 116
88 118
88 122
88 123
88 124
88 127
88 129
88 130
88 131
88 132
88 135
88 138
88 139
88 140
88 142
88 144
88 146
88 149
88 152
88 153
88 157
88 159
88 160
88 162
88 163
88 165
88 168
88 169
88 171
88 172
88 174
88 175
88 176
88 177
88 181
88 183
88 186
88 187
88 189
88 190
88 191
88 192
88 193
88 196
88 198
89 91
89 93
89 98
89 101
89 102
89 103
89 107
89 110
89 111
89 112
89 115
89 117
89 124
89 125
89 131
89 134
89 138
89 140
89 141
89 142
89 146
89 148
89 149
89 152
89 155
89 156
89 157
89 158
89 160
89 162
89 165
89 166
89 167
89 172
89 174
89 175
89 177
89 179
89 180
89 182
89 184
89 185
89 190
89 191
89 192
89 193
89 194
89 195
89 196
89 198
89 199
90 93
90 94
90 95
90 99
90 101
90 107
90 109
90 112
90 115
90 117
90 120
90 127
90 129
90 130
90 131
90 134
90 137
90 138
90 146
90 147
90 148
90 152
90 156
90 158
90 159
90 160
90 162
90 164
90 166
90 167
90 172
90 175
90 177
90 178
90 179
90 180
90 182
90 187
90 188
90 189
90 192
90 193
90 194
90 195
90 197
90 199
91 93
91 94
91 97
91 98
91 101
91 102
91 105
91 107
91 108
91 112
91 113
91 114
91 116
91 117
91 119
91 122
91 124
91 126
91 129
91 130
91 131
91 133
91 134
91 135
91 140
91 141
91 143
91 146
91 147
91 149
91 150
91 154
91 158
91 161
91 162
91 163
91 165
91 168
91 173
91 174
91 175
91 176
91 180
91 181
91 182
91 183
91 185
91 188
91 189
91 191
91 194
91 199
92 94
92 98
92 99
92 100
92 103
92 105
92 106
92 109
92 110
92 112
92 113
92 114
92 116
92 118
92 119
92 122
92 123
92 127
92 133
92 134
92 135
92 139
92 144
92 145
92 146
92 147
92 150
92 151
92 152
92 153
92 154
92 156
92 161
92 163
92 164
92 165
92 166
92 167
92 168
92 170
92 174
92 175
92 178
92 179
92 180
92 181
92 183
92 184
92 187
92 189
92 190
92 192
92 193
92 195
92 198
92 199
93 99
93 100
93 103
93 104
93 105
93 106
93 108
93 109
93 112
93 114
93 115
93 116
93 117
93 118
93 119
93 121
93 124
93 125
93 129
93 130
93 131
93 133
93 134
93 135
93 137
93 138
93 140
93 145
93 146
93 147
93 148
93 151
93 154
93 155
93 156
93 157
93 160
93 162
93 163
93 165
93 167
93 170
93 171
93 172
93 174
93 175
93 180
93 181
93 184
93 185
93 190
93 195
93 196
93 197
93 198
93 199
94 95
94 96
94 97
94 104
94 109
94 110
94 111
94 112
94 113
94 115
94 117
94 119
94 121
94 123
94 124
94 129
94 130
94 131
94 132
94 135
94 136
94 138
94 143
94 148
94 149
94 150
94 153
94 155
94 156
94 158
94 159
94 162
94 165
94 166
94 170
94 172
94 173
94 174
94 179
94 189
94 190
94 192
94 196
94 197
94 199
95 97
95 98
95 99
95 101
95 103
95 104
95 105
95 106
95 107
95 108
95 110
95 112
95 114
95 117
95 123
95 124
95 127
95 128
95 135
95 137
95 139
95 142
95 143
95 145
95 146
95 147
95 148
95 149
95 150
95 153
95 154
95 155
95 156
95 159
95 161
95 164
95 165
95 166
95 169
95 170
95 173
95 174
95 178
95 179
95 180
95 181
95 182
95 186
95 187
95 188
95 191
95 196
95 198
96 97
96 101
96 103
96 106
96 108
96 113
96 117
96 118
96 120
96 124
96 128
96 129
96 130
96 131
96 133
96 134
96 136
96 138
96 140
96 142
96 143
96 144
96 146
96 148
96 149
96 151
96 152
96 154
96 155
96 156
96 157
96 158
96 159
96 160
96 161
96 162
96 171
96 172
96 173
96 176
96 178
96 180
96 183
96 184
96 187
96 188
96 189
96 191
96 193
96 194
96 195
96 196
96 197
96 198
97 101
97 102
97 103
97 105
97 108
97 109
97 111
97 112
97 114
97 119
97 121
97 124
97 125
97 127
97 131
97 132
97 134
97 136
97 137
97 139
97 142
97 143
97 146
97 150
97 151
97 155
97 157
97 159
97 160
97 163
97 164
97 166
97 168
97 172
97 173
97 176
97 179
97 180
97 181
97 182
97 185
97 188
97 189
97 194
98 103
98 104
98 105
98 106
98 107
98 108
98 109
98 119
98 123
98 127
98 129
98 131
98 132
98 135
98 136
98 137
98 138
98 139
98 141
98 142
98 145
98 147
98 151
98 152
98 155
98 157
98 162
98 163
98 165
98 166
98 167
98 171
98 179
98 180
98 181
98 185
98 188
98 191
98 192
98 194
98 195
98 196
98 198
99 100
99 105
99 107
99 108
99 109
99 111
99 112
99 113
99 116
99 117
99 124
99 125
99 127
99 129
99 132
99 134
99 135
99 136
99 137
99 140
99 142
99 143
99 146
99 148
99 150
99 151
99 152
99 154
99 156
99 157
99 162
99 164
99 165
99 166
99 168
99 171
99 173
99 174
99 175
99 179
99 181
99 182
99 184
99 185
99 188
99 191
99 194
99 195
99 197
99 199
100 103
100 105
100 110
100 111
100 112
100 114
100 116
100 119
100 120
100 122
100 123
100 124
100 125
100 126
100 132
100 133
100 135
100 138
100 139
100 141
100 143
100 144
100 145
100 146
100 148
100 152
100 154
100 156
100 158
100 159
100 162
100 163
100 164
100 165
100 166
100 167
100 168
100 169
100 171
100 172
100 177
100 178
100 185
100 187
100 189
100 191
100 195
101 102
101 103
101 106
101 107
101 111
101 112
101 113
101 115
101 116
101 117
101 119
101 121
101 122
101 123
101 125
101 126
101 127
101 128
101 131
101 132
101 133
101 135
101 136
101 137
101 138
101 141
101 143
101 144
101 146
101 147
101 149
101 151
101 153
101 155
101 157
101 160
101 162
101 164
101 165
101 166
101 167
101 168
101 169
101 170
101 171
101 174
101 175
101 176
101 177
101 182
101 183
101 184
101 186
101 190
101 193
101 194
101 195
101 198
101 199
102 104
102 107
102 108
102 109
102 121
102 123
102 125
102 126
102 128
102 130
102 132
102 133
102 140
102 141
102 143
102 144
102 146
102 147
102 148
102 149
102 150
102 158
102 159
102 160
102 161
102 163
102 164
102 165
102 167
102 168
102 169
102 170
102 172
102 173
102 176
102 177
102 182
102 183
102 185
102 186
102 187
102 193
102 194
102 195
102 196
102 199
103 104
103 106
103 108
103 112
103 113
103 115
103 117
103 120
103 121
103 122
103 123
103 126
103 127
103 131
103 135
103 137
103 140
103 141
103 143
103 145
103 148
103 150
103 154
103 157
103 165
103 167
103 171
103 172
103 173
103 175
103 180
103 181
103 183
103 188
103 191
103 192
103 193
103 194
103 196
104 105
104 108
104 109
104 112
104 116
104 119
104 120
104 124
104 127
104 131
104 134
104 135
104 138
104 140
104 142
104 143
104 144
104 146
104 148
104 151
104 154
104 156
104 157
104 158
104 159
104 161
104 163
104 165
104 166
104 168
104 171
104 172
104 173
104 176
104 179
104 182
104 184
104 185
104 186
104 188
104 189
104 190
104 195
104 196
104 198
104 199
105 107
105 113
105 114
105 115
105 116
105 120
105 122
105 123
105 125
105 135
105 137
105 138
105 139
105 140
105 141
105 145
105 147
105 149
105 152
105 153
105 154
105 156
105 157
105 158
105 160
105 161
105 162
105 163
105 165
105 166
105 167
105 168
105 170
105 171
105 174
105 175
105 176
105 177
105 178
105 181
105 183
105 184
105 185
105 186
105 187
105 188
105 189
105 191
105 193
105 194
105 195
105 196
105 197
105 198
106 107
106 109
106 111
106 114
106 117
106 125
106 126
106 131
106 133
106 134
106 139
106 141
106 142
106 143
106 144
106 145
106 146
106 148
106 149
106 150
106 152
106 155
106 157
106 161
106 162
106 164
106 168
106 169
106 171
106 172
106 173
106 174
106 180
106 181
106 184
106 185
106 186
106 188
106 191
106 192
106 194
106 195
106 196
106 197
107 109
107 111
107 112
107 115
107 118
107 121
107 122
107 125
107 129
107 131
107 132
107 133
107 134
107 135
107 137
107 138
107 139
107 140
107 141
107 142
107 146
107 147
107 150
107 151
107 154
107 155
107 156
107 157
107 158
107 160
107 161
107 164
107 165
107 167
107 170
107 171
107 173
107 174
107 177
107 178
107 179
107 182
107 183
107 186
107 189
107 193
107 194
107 196
107 197
107 199
108 109
108 110
108 112
108 113
108 115
108 116
108 120
108 121
108 122
108 124
108 126
108 127
108 128
108 129
108 131
108 132
108 133
108 134
108 137
108 138
108 143
108 145
108 146
108 147
108 148
108 150
108 151
108 152
108 153
108 155
108 157
108 160
108 161
108 166
108 167
108 168
108 169
108 171
108 175
108 177
108 179
108 180
108 181
108 184
108 185
108 186
108 189
108 193
108 194
108 195
108 198
109 112
109 113
109 114
109 116
109 119
109 120
109 121
109 122
109 123
109 128
109 129
109 130
109 131
109 133
109 134
109 136
109 137
109 145
109 146
109 148
109 150
109 151
109 155
109 156
109 158
109 160
109 161
109 162
109 163
109 166
109 172
109 173
109 175
109 176
109 178
109 179
109 183
109 184
109 190
109 196
109 197
109 199
110 112
110 115
110 116
110 117
110 118
110 120
110 121
110 122
110 123
110 127
110 130
110 132
110 133
110 136
110 138
110 140
110 141
110 142
110 148
110 149
110 155
110 157
110 158
110 159
110 160
110 161
110 165
110 166
110 168
110 170
110 171
110 172
110 174
110 180
110 181
110 182
110 183
110 186
110 188
110 191
110 194
110 195
110 196
110 197
110 198
110 199
111 112
111 113
111 115
111 118
111 120
111 121
111 122
111 125
111 126
111 130
111 131
111 133
111 137
111 138
111 139
111 140
111 141
111 142
111 143
111 144
111 145
111 146
111 147
111 148
111 150
111 153
111 154
111 158
111 159
111 160
111 164
111 165
111 167
111 172
111 173
111 174
111 175
111 177
111 182
111 183
111 184
111 185
111 188
111 190
111 193
111 196
111 197
111 198
111 199
112 118
112 120
112 123
112 124
112 125
112 127
112 128
112 130
112 133
112 135
112 138
112 139
112 141
112 142
112 143
112 144
112 145
112 149
112 152
112 154
112 156
112 157
112 158
112 161
112 164
112 166
112 167
112 168
112 169
112 170
112 171
112 176
112 177
112 178
112 179
112 181
112 186
112 187
112 188
112 189
112 190
112 192
112 194
112 196
112 197
112 198
112 199
113 116
113 117
113 118
113 120
113 121
113 123
113 125
113 127
113 129
113 136
113 137
113 141
113 143
113 147
113 150
113 152
113 153
113 155
113 156
113 158
113 159
113 164
113 169
113 170
113 171
113 172
113 173
113 177
113 179
113 180
113 182
113 183
113 186
113 187
113 188
113 190
113 191
113 192
113 195
113 198
114 115
114 116
114 118
114 122
114 124
114 125
114 128
114 129
114 131
114 132
114 133
114 134
114 135
114 136
114 137
114 138
114 139
114 140
114 141
114 142
114 143
114 145
114 146
114 148
114 152
114 153
114 157
114 160
114 164
114 165
114 168
114 170
114 171
114 172
114 173
114 174
114 175
114 176
114 180
114 182
114 186
114 188
114 193
114 195
114 196
114 197
114 198
115 116
115 118
115 119
115 120
115 121
115 123
115 125
115 129
115 132
115 133
115 135
115 137
115 138
115 140
115 141
115 142
115 146
115 149
115 150
115 151
115 152
115 154
115 155
115 156
115 157
115 159
115 160
115 162
115 163
115 166
115 170
115 173
115 177
115 178
115 180
115 183
115 185
115 188
115 190
115 191
115 193
115 194
115 196
115 198
115 199
116 117
116 118
116 120
116 121
116 123
116 124
116 125
116 126
116 131
116 135
116 137
116 138
116 140
116 145
116 146
116 147
116 149
116 151
116 152
116 153
116 155
116 157
116 160
116 163
116 165
116 166
116 169
116 172
116 173
116 175
116 176
116 179
116 180
116 183
116 184
116 189
116 190
116 197
116 198
117 118
117 119
117 122
117 123
117 126
117 127
117 130
117 133
117 135
117 136
117 138
117 140
117 141
117 144
117 145
117 149
117 151
117 154
117 155
117 157
117 160
117 162
117 163
117 164
117 165
117 169
117 171
117 173
117 175
117 176
117 178
117 179
117 180
117 181
117 182
117 185
117 186
117 187
117 190
117 191
117 193
117 195
117 197
117 199
118 119
118 120
118 122
118 124
118 125
118 127
118 128
118 130
118 132
118 133
118 134
118 140
118 141
118 145
118 146
118 148
118 150
118 151
118 154
118 156
118 158
118 162
118 163
118 164
118 168
118 172
118 173
118 174
118 175
118 178
118 179
118 184
118 186
118 188
118 189
118 190
118 191
118 192
118 193
118 194
118 196
119 120
119 121
119 123
119 124
119 126
119 128
119 130
119 131
119 132
119 134
119 136
119 140
119 142
119 143
119 144
119 148
119 151
119 152
119 153
119 156
119 157
119 158
119 159
119 161
119 162
119 163
119 170
119 171
119 172
119 174
119 178
119 181
119 182
119 183
119 186
119 187
119 188
119 192
119 193
119 194
119 195
119 196
120 125
120 127
120 133
120 134
120 137
120 139
120 141
120 143
120 144
120 145
120 146
120 147
120 148
120 150
120 155
120 157
120 159
120 160
120 161
120 162
120 168
120 173
120 174
120 177
120 179
120 180
120 182
120 183
120 184
120 187
120 189
120 192
120 193
120 194
120 196
121 122
121 125
121 129
121 130
121 132
121 134
121 136
121 138
121 139
121 144
121 146
121 150
121 152
121 153
121 155
121 160
121 161
121 163
121 164
121 165
121 166
121 168
121 169
121 177
121 179
121 180
121 182
121 184
121 185
121 187
121 193
121 196
121 197
121 198
122 126
122 128
122 129
122 130
122 131
122 138
122 142
122 144
122 146
122 148
122 152
122 153
122 156
122 157
122 159
122 160
122 161
122 162
122 163
122 164
122 167
122 168
122 169
122 170
122 173
122 174
122 176
122 178
122 180
122 181
122 188
122 189
122 193
122 195
122 197
123 127
123 132
123 135
123 136
123 137
123 138
123 140
123 141
123 143
123 146
123 148
123 149
123 154
123 155
123 157
123 159
123 160
123 161
123 164
123 167
123 168
123 171
123 176
123 178
123 181
123 184
123 185
123 188
123 189
123 192
123 193
123 194
123 197
123 199
124 125
124 127
124 129
124 130
124 131
124 134
124 136
124 139
124 140
124 142
124 144
124 147
124 149
124 150
124 151
124 160
124 161
124 162
124 164
124 166
124 167
124 168
124 171
124 176
124 177
124 180
124 182
124 183
124 184
124 187
124 190
124 194
124 195
124 197
124 198
125 126
125 129
125 130
125 131
125 132
125 134
125 137
125 139
125 140
125 142
125 143
125 144
125 150
125 153
125 156
125 157
125 160
125 161
125 164
125 165
125 170
125 172
125 173
125 174
125 177
125 180
125 181
125 189
125 190
125 191
125 193
125 194
126 127
126 129
126 130
126 131
126 133
126 135
126 136
126 137
126 140
126 141
126 145
126 147
126 151
126 153
126 155
126 156
126 157
126 160
126 161
126 162
126 163
126 165
126 169
126 170
126 172
126 173
126 176
126 177
126 183
126 187
126 189
126 190
126 192
126 193
126 195
126 196
126 199
127 129
127 130
127 131
127 133
127 134
127 136
127 140
127 147
127 148
127 150
127 151
127 152
127 156
127 161
127 162
127 163
127 165
127 167
127 169
127 172
127 173
127 174
127 175
127 176
127 177
127 181
127 182
127 183
127 187
127 188
127 190
127 192
127 193
127 198
128 129
128 130
128 131
128 132
128 133
128 134
128 140
128 141
128 143
128 146
128 147
128 150
128 151
128 153
128 154
128 155
128 156
128 160
128 161
128 162
128 164
128 165
128 166
128 168
128 169
128 170
128 171
128 172
128 174
128 176
128 178
128 181
128 182
128 183
128 188
128 192
128 193
128 194
128 196
128 197
128 198
129 132
129 133
129 134
129 135
129 136
129 138
129 139
129 142
129 144
129 145
129 149
129 151
129 153
129 154
129 158
129 160
129 161
129 163
129 166
129 170
129 171
129 172
129 173
129 174
129 175
129 177
129 178
129 179
129 183
129 185
129 189
129 190
129 191
129 192
130 131
130 133
130 134
130 137
130 141
130 145
130 147
130 148
130 150
130 152
130 154
130 156
130 163
130 168
130 169
130 170
130 171
130 173
130 174
130 180
130 181
130 183
130 184
130 186
130 187
130 188
130 190
130 191
130 192
130 196
130 197
130 198
130 199
131 135
131 140
131 141
131 142
131 144
131 146
131 150
131 152
131 156
131 157
131 158
131 160
131 163
131 166
131 167
131 171
131 172
131 173
131 174
131 175
131 180
131 181
131 182
131 183
131 184
131 186
131 188
131 190
131 191
131 193
131 196
131 197
131 198
131 199
132 133
132 134
132 137
132 138
132 139
132 142
132 144
132 145
132 147
132 150
132 151
132 153
132 156
132 158
132 159
132 160
132 161
132 166
132 167
132 169
132 170
132 171
132 176
132 178
132 184
132 186
132 188
132 192
132 194
132 196
132 197
132 198
133 138
133 140
133 146
133 147
133 148
133 151
133 152
133 153
133 155
133 157
133 161
133 162
133 164
133 168
133 172
133 174
133 176
133 177
133 181
133 184
133 185
133 187
133 190
133 192
133 193
133 194
133 195
133 197
133 199
134 135
134 136
134 137
134 138
134 139
134 140
134 142
134 144
134 145
134 148
134 149
134 150
134 151
134 152
134 157
134 158
134 162
134 163
134 169
134 170
134 173
134 174
134 175
134 176
134 180
134 181
134 182
134 186
134 187
134 190
134 197
134 198
135 136
135 137
135 138
135 142
135 146
135 147
135 148
135 150
135 151
135 152
135 154
135 157
135 158
135 159
135 160
135 161
135 165
135 167
135 170
135 171
135 172
135 173
135 174
135 175
135 176
135 177
135 180
135 182
135 187
135 188
135 189
135 191
135 192
135 195
135 196
135 197
135 199
136 137
136 138
136 140
136 141
136 142
136 145
136 147
136 149
136 152
136 155
136 156
136 157
136 160
136 164
136 165
136 167
136 169
136 170
136 171
136 176
136 181
136 184
136 185
136 186
136 189
136 193
136 194
136 197
136 198
136 199
137 138
137 139
137 140
137 142
137 144
137 146
137 147
137 148
137 150
137 151
137 153
137 154
137 155
137 158
137 160
137 162
137 163
137 164
137 167
137 172
137 178
137 181
137 182
137 184
137 186
137 187
137 189
137 194
137 198
138 143
138 144
138 145
138 146
138 148
138 150
138 152
138 153
138 156
138 158
138 161
138 162
138 164
138 165
138 167
138 168
138 170
138 171
138 173
138 174
138 178
138 181
138 183
138 185
138 188
138 191
138 193
138 195
138 198
139 140
139 147
139 148
139 151
139 152
139 156
139 158
139 159
139 160
139 163
139 165
139 166
139 171
139 174
139 175
139 185
139 186
139 189
139 194
139 197
140 141
140 142
140 146
140 147
140 148
140 152
140 153
140 154
140 158
140 159
140 163
140 168
140 171
140 172
140 175
140 177
140 178
140 179
140 185
140 186
140 188
140 189
140 191
140 194
140 196
140 198
140 199
141 145
141 146
141 147
141 153
141 155
141 157
141 161
141 162
141 163
141 167
141 169
141 170
141 172
141 173
141 177
141 178
141 183
141 184
141 185
141 186
141 187
141 190
141 193
141 194
141 195
142 143
142 146
142 149
142 150
142 152
142 153
142 154
142 155
142 157
142 160
142 163
142 164
142 169
142 170
142 175
142 176
142 184
142 185
142 186
142 187
142 188
142 189
142 192
142 194
142 197
142 199
143 145
143 146
143 148
143 150
143 151
143 153
143 154
143 156
143 161
143 165
143 166
143 167
143 168
143 172
143 174
143 175
143 176
143 178
143 179
143 180
143 181
143 184
143 186
143 187
143 190
143 193
143 194
143 195
143 196
143 197
143 199
144 145
144 146
144 148
144 149
144 150
144 151
144 154
144 155
144 156
144 157
144 159
144 162
144 163
144 165
144 166
144 169
144 171
144 172
144 174
144 177
144 178
144 181
144 182
144 183
144 189
144 191
144 194
144 195
144 196
144 197
145 147
145 148
145 149
145 150
145 152
145 153
145 156
145 158
145 159
145 164
145 166
145 168
145 169
145 171
145 173
145 175
145 177
145 178
145 179
145 180
145 181
145 186
145 189
145 190
145 191
145 192
145 193
145 194
146 148
146 151
146 154
146 155
146 156
146 159
146 160
146 161
146 163
146 166
146 168
146 170
146 171
146 172
146 174
146 179
146 180
146 183
146 184
146 185
146 186
146 187
146 189
146 190
146 194
146 195
146 197
146 199
147 149
147 154
147 156
147 157
147 163
147 164
147 167
147 170
147 176
147 177
147 178
147 179
147 180
147 181
147 182
147 183
147 186
147 187
147 188
147 189
147 191
147 193
147 194
147 196
147 197
147 198
147 199
148 153
148 154
148 157
148 158
148 160
148 164
148 166
148 167
148 168
148 169
148 170
148 172
148 175
148 178
148 181
148 182
148 183
148 185
148 191
148 192
148 196
148 197
148 198
148 199
149 150
149 153
149 154
149 158
149 160
149 162
149 165
149 166
149 167
149 168
149 169
149 170
149 171
149 172
149 173
149 174
149 175
149 179
149 180
149 182
149 184
149 185
149 186
149 187
149 188
149 189
149 191
149 195
149 196
149 197
149 199
150 152
150 153
150 156
150 158
150 159
150 163
150 169
150 171
150 172
150 173
150 175
150 177
150 179
150 180
150 181
150 185
150 186
150 189
150 191
150 193
150 195
150 196
150 197
151 153
151 154
151 158
151 160
151 161
151 166
151 167
151 169
151 171
151 172
151 173
151 174
151 175
151 177
151 180
151 181
151 183
151 184
151 185
151 189
151 190
151 193
151 196
151 199
152 154
152 156
152 160
152 161
152 163
152 164
152 166
152 167
152 169
152 176
152 177
152 179
152 180
152 183
152 186
152 187
152 189
152 193
152 194
152 195
152 196
152 197
153 156
153 157
153 158
153 161
153 162
153 163
153 166
153 170
153 173
153 174
153 175
153 179
153 181
153 182
153 183
153 185
153 186
153 187
153 188
153 192
153 194
153 198
153 199
154 155
154 157
154 161
154 163
154 164
154 167
154 169
154 171
154 173
154 174
154 179
154 180
154 181
154 182
154 185
154 186
154 188
154 190
154 192
154 196
154 198
155 156
155 157
155 158
155 164
155 165
155 166
155 169
155 174
155 175
155 176
155 177
155 178
155 179
155 181
155 182
155 183
155 184
155 187
155 188
155 190
155 191
155 193
155 195
155 198
156 158
156 159
156 161
156 162
156 165
156 166
156 169
156 170
156 171
156 178
156 182
156 189
156 191
156 194
156 196
156 197
156 198
157 158
157 160
157 164
157 165
157 168
157 171
157 172
157 173
157 174
157 175
157 176
157 178
157 179
157 180
157 182
157 184
157 188
157 190
157 195
158 159
158 160
158 162
158 163
158 164
158 166
158 169
158 170
158 171
158 177
158 178
158 180
158 184
158 185
158 186
158 188
158 189
158 190
158 191
158 192
158 194
158 196
158 198
159 160
159 161
159 164
159 165
159 166
159 168
159 175
159 180
159 183
159 184
159 185
159 186
159 187
159 188
159 191
159 192
159 193
159 194
159 195
159 198
159 199
160 164
160 167
160 168
160 169
160 170
160 171
160 172
160 177
160 179
160 180
160 182
160 184
160 185
160 187
160 188
160 189
160 193
160 194
160 196
160 197
160 199
161 163
161 165
161 166
161 171
161 173
161 174
161 175
161 177
161 183
161 184
161 185
161 188
161 189
161 192
161 194
162 163
162 166
162 170
162 172
162 173
162 175
162 178
162 179
162 181
162 182
162 183
162 184
162 185
162 188
162 189
162 191
162 192
162 193
162 194
162 198
162 199
163 164
163 165
163 167
163 169
163 172
163 173
163 174
163 176
163 178
163 179
163 180
163 183
163 184
163 185
163 189
163 191
163 193
163 194
163 196
163 199
164 165
164 167
164 168
164 169
164 170
164 171
164 175
164 177
164 178
164 180
164 181
164 185
164 187
164 188
164 191
164 194
164 195
164 196
164 197
164 199
165 166
165 168
165 169
165 171
165 172
165 177
165 178
165 179
165 180
165 182
165 184
165 187
165 190
165 192
165 193
165 194
165 196
165 197
165 198
165 199
166 168
166 169
166 172
166 174
166 176
166 177
166 180
166 181
166 182
166 183
166 184
166 188
166 189
166 192
166 193
166 195
167 169
167 170
167 174
167 176
167 178
167 179
167 180
167 182
167 185
167 188
167 189
167 190
167 191
167 196
167 197
167 199
168 169
168 170
168 171
168 172
168 174
168 175
168 176
168 178
168 180
168 185
168 186
168 188
168 189
168 190
168 191
168 192
168 193
168 197
168 199
169 170
169 171
169 176
169 178
169 180
169 181
169 182
169 185
169 188
169 189
169 190
169 191
169 193
169 195
169 196
169 197
169 199
170 172
170 173
170 179
170 182
170 183
170 184
170 185
170 187
170 190
170 191
170 192
170 193
170 194
170 195
170 197
170 198
170 199
171 174
171 177
171 178
171 181
171 182
171 184
171 185
171 186
171 187
171 188
171 190
171 197
171 198
171 199
172 174
172 175
172 176
172 177
172 179
172 180
172 181
172 183
172 188
172 190
172 191
172 192
172 193
172 194
172 196
173 174
173 175
173 176
173 181
173 183
173 184
173 188
173 189
173 193
173 195
173 196
173 199
174 176
174 183
174 185
174 188
174 189
174 190
174 192
174 193
174 196
174 198
175 176
175 179
175 180
175 182
175 184
175 186
175 187
175 192
175 193
175 194
175 197
175 199
176 177
176 179
176 180
176 182
176 183
176 184
176 185
176 186
176 189
176 190
176 193
176 195
176 199
177 178
177 179
177 180
177 181
177 182
177 183
177 185
177 186
177 189
177 192
177 194
177 195
177 196
177 198
177 199
178 182
178 188
178 189
178 190
178 196
178 197
178 198
179 184
179 185
179 189
179 194
179 195
179 196
179 197
179 199
180 181
180 183
180 184
180 186
180 190
180 192
180 194
180 195
180 196
180 199
181 182
181 183
181 185
181 187
181 190
181 191
181 194
181 195
181 196
181 197
181 199
182 185
182 186
182 187
182 188
182 189
182 190
182 191
182 193
182 194
182 195
182 197
182 198
182 199
183 185
183 186
183 187
183 191
183 193
183 194
183 197
183 198
183 199
184 185
184 189
184 191
184 193
184 195
184 196
184 197
184 198
184 199
185 187
185 188
185 191
185 192
185 199
186 188
186 189
186 193
186 194
186 196
186 197
187 191
187 193
187 196
187 197
187 198
187 199
188 190
188 193
188 194
188 196
188 198
189 190
189 191
189 193
190 193
190 194
190 196
190 199
191 192
191 194
191 195
191 196
191 197
191 199
192 199
193 199
194 195
194 196
194 199
195 198
195 199
196 197
196 198
197 198
