0 428
0 1255
0 1037
1 622
1 821
1 631
2 1643
2 1489
2 1415
3 1131
3 232
3 619
4 518
4 845
4 1177
5 823
5 800
5 502
6 1062
6 1197
6 1323
7 989
7 769
7 306
8 596
8 1291
8 1293
9 1391
9 912
9 1233
10 805
10 322
10 136
11 567
11 1254
11 554
12 654
12 163
12 1432
13 206
13 1472
13 1113
14 115
14 1514
14 1144
15 1589
15 911
15 713
16 623
16 1463
16 992
17 1320
17 451
17 1295
18 1419
18 1121
18 1446
19 627
19 65
19 1632
20 1252
20 1183
20 841
21 1466
21 1259
21 97
22 117
22 61
22 424
23 1655
23 1424
23 1614
24 1071
24 899
24 987
25 204
25 1418
25 572
26 737
26 341
26 603
27 862
27 940
27 503
28 120
28 473
28 308
29 827
29 764
29 1296
30 1683
30 1365
30 575
31 1392
31 687
31 902
32 1062
32 1661
32 1000
33 569
33 1076
33 494
34 260
34 1147
34 897
35 144
35 1503
35 112
36 429
36 133
36 1536
37 1266
37 421
37 578
38 265
38 706
38 1579
39 1327
39 1495
39 915
40 275
40 143
40 1093
41 382
41 487
41 262
42 459
42 580
42 1452
43 1696
43 1444
43 1677
44 1591
44 1220
44 928
45 1359
45 422
45 1481
46 1582
46 910
46 155
47 754
47 865
47 100
48 830
48 228
48 111
49 1384
49 496
49 818
50 1079
50 1550
50 616
51 55
51 1452
51 208
52 1339
52 1024
52 224
53 1362
53 122
53 599
54 76
54 913
54 1295
55 1453
55 513
56 1597
56 1026
56 892
57 87
57 859
57 213
58 321
58 1478
58 1240
59 1282
59 1086
59 1475
60 395
60 777
60 1695
61 592
61 1531
62 827
62 557
62 815
63 1690
63 1611
63 212
64 1131
64 648
64 988
65 668
65 1322
66 1275
66 1552
66 240
67 1318
67 1163
67 708
68 216
68 1685
68 1033
69 1143
69 1506
69 255
70 750
70 1223
70 1213
71 1490
71 1263
71 229
72 1585
72 594
72 1146
73 462
73 1105
73 410
74 317
74 551
74 702
75 1248
75 675
75 1308
76 714
76 1210
77 1123
77 1650
77 338
78 1235
78 1179
78 858
79 1698
79 159
79 725
80 702
80 187
80 762
81 731
81 1504
81 1485
82 1420
82 735
82 1603
83 1124
83 1523
83 929
84 583
84 363
84 1589
85 931
85 360
85 1276
86 174
86 1695
86 631
87 227
87 1200
88 958
88 506
88 475
89 1598
89 433
89 98
90 805
90 1550
90 735
91 1557
91 1468
91 1404
92 496
92 965
92 1320
93 751
93 493
93 558
94 698
94 367
94 1693
95 1585
95 960
95 331
96 524
96 1018
96 218
97 1504
97 1398
98 1138
98 750
99 242
99 105
99 150
100 634
100 1479
101 149
101 1397
101 1060
102 1683
102 1244
102 389
103 1043
103 1067
103 325
104 387
104 1049
104 311
105 239
105 196
106 1618
106 984
106 1465
107 1412
107 798
107 624
108 1328
108 955
108 1233
109 787
109 1220
109 619
110 881
110 1491
110 314
111 310
111 613
112 1668
112 792
113 350
113 539
113 1245
114 1018
114 1011
114 828
115 1484
115 529
116 1395
116 1690
116 247
117 1330
117 397
118 1277
118 1519
118 957
119 383
119 893
119 1347
120 546
120 679
121 448
121 583
121 646
122 729
122 973
123 1127
123 975
123 1483
124 1315
124 448
124 545
125 1282
125 1429
125 813
126 716
126 211
126 137
127 797
127 732
127 1363
128 1600
128 302
128 328
129 134
129 357
129 1008
130 621
130 1655
130 1458
131 952
131 694
131 1477
132 1247
132 1137
132 1225
133 1098
133 312
134 605
134 1067
135 419
135 358
135 488
136 967
136 1689
137 1541
137 1259
138 504
138 622
138 788
139 1608
139 1562
139 747
140 849
140 768
140 414
141 1167
141 665
141 690
142 1605
142 1419
142 1532
143 1556
143 995
144 1285
144 1395
145 1303
145 1424
145 956
146 997
146 736
146 1696
147 450
147 1297
147 1631
148 568
148 1476
148 1332
149 1462
149 1299
150 478
150 227
151 379
151 1057
151 993
152 851
152 1446
152 1051
153 807
153 1206
153 634
154 1208
154 561
154 370
155 404
155 229
156 1047
156 1068
156 462
157 239
157 614
157 1032
158 1453
158 970
158 364
159 392
159 217
160 1052
160 844
160 263
161 733
161 710
161 307
162 432
162 663
162 229
163 632
163 554
164 511
164 1573
164 879
165 207
165 1159
165 310
166 400
166 1336
166 1688
167 1094
167 1064
167 707
168 998
168 878
168 1513
169 1075
169 800
169 355
170 1023
170 1174
170 261
171 482
171 958
171 695
172 432
172 1347
172 1659
173 1355
173 219
173 574
174 506
174 698
175 465
175 586
175 201
176 1611
176 1403
176 1646
177 1127
177 601
177 250
178 910
178 1573
178 1291
179 369
179 1671
179 263
180 1112
180 296
180 1116
181 1081
181 1610
181 189
182 408
182 960
182 1070
183 990
183 1287
183 1391
184 835
184 917
184 633
185 1217
185 1200
185 841
186 449
186 373
186 1217
187 1552
187 420
188 903
188 1563
188 994
189 1169
189 632
190 464
190 738
190 1649
191 1577
191 1394
191 348
192 921
192 582
192 1301
193 1272
193 653
193 1077
194 907
194 664
194 443
195 1634
195 653
195 577
196 1120
196 1246
197 222
197 900
197 329
198 381
198 927
198 1372
199 940
199 1331
199 1257
200 1542
200 1169
200 1501
201 1579
201 1694
202 1006
202 606
202 562
203 1276
203 410
203 1229
204 590
204 246
205 908
205 1184
205 922
206 307
206 1555
207 550
207 1518
208 1561
208 517
209 1657
209 470
209 418
210 290
210 1018
210 1100
211 838
211 1377
212 1668
212 1256
213 380
213 922
214 1358
214 866
214 627
215 957
215 1157
215 784
216 509
216 1426
217 596
217 1206
218 685
218 631
219 1029
219 381
220 617
220 1033
220 957
221 725
221 1135
221 431
222 390
222 1174
223 1367
223 276
223 1444
224 801
224 1285
225 1286
225 1242
225 1078
226 847
226 798
226 459
227 972
228 1445
228 732
230 327
230 1285
230 406
231 743
231 1360
231 559
232 690
232 1375
233 577
233 1141
233 1576
234 814
234 1460
234 546
235 690
235 747
235 948
236 452
236 1501
236 359
237 1435
237 1535
237 567
238 1176
238 1148
238 1273
239 398
240 829
240 909
241 531
241 1228
241 528
242 309
242 656
243 366
243 1197
243 428
244 355
244 457
244 286
245 1190
245 1295
245 340
246 888
246 1164
247 734
247 1362
248 788
248 836
248 440
249 656
249 548
249 439
250 1103
250 1105
251 906
251 1604
251 501
252 711
252 1439
252 1511
253 1156
253 353
253 754
254 956
254 913
254 1073
255 356
255 732
256 1456
256 1669
256 657
257 1675
257 1677
257 1571
258 773
258 594
258 1001
259 552
259 466
259 601
260 269
260 438
261 807
261 689
262 869
262 1686
263 1645
264 1599
264 801
264 1187
265 326
265 449
266 1458
266 361
266 620
267 1629
267 358
267 655
268 1408
268 749
268 1027
269 1205
269 1450
270 1699
270 652
270 1175
271 296
271 595
271 411
272 1226
272 1649
272 1121
273 935
273 1129
273 701
274 1184
274 778
274 1322
275 909
275 326
276 938
276 765
277 771
277 434
277 1143
278 432
278 1627
278 1078
279 1529
279 1201
279 773
280 1317
280 1487
280 519
281 1662
281 463
281 864
282 1151
282 1596
282 1479
283 932
283 1599
283 640
284 775
284 1173
284 305
285 1406
285 305
285 1578
286 919
286 1526
287 1045
287 1323
287 691
288 816
288 1604
288 1593
289 1396
289 846
289 1279
290 1238
290 730
291 1309
291 1464
291 608
292 547
292 537
292 1267
293 492
293 1155
293 1573
294 1589
294 676
294 1330
295 383
295 1673
295 937
296 597
297 1581
297 517
297 1302
298 1516
298 614
298 970
299 1469
299 1692
299 592
300 1441
300 684
300 1580
301 781
301 1338
301 588
302 1217
302 834
303 907
303 1436
303 1044
304 1353
304 1454
304 511
305 629
306 333
306 1159
307 1591
308 513
308 1100
309 610
309 1350
310 673
311 666
311 945
312 1564
312 1691
313 1161
313 1559
313 728
314 1167
314 1347
315 1207
315 1195
315 884
316 810
316 1575
316 1180
317 896
317 1017
318 330
318 1186
318 479
319 351
319 620
319 1561
320 377
320 325
320 756
321 1565
321 1601
322 602
322 1411
323 900
323 1165
323 1521
324 764
324 1032
324 475
325 1329
326 335
327 1249
327 568
328 488
328 1641
329 1352
329 663
330 454
330 1513
331 1073
331 1328
332 1565
332 1017
332 1546
333 371
333 1493
334 1508
334 1137
334 724
335 372
335 1509
336 768
336 1181
336 1567
337 1319
337 1341
337 1236
338 1624
338 1011
339 781
339 888
339 1264
340 972
340 1166
341 1250
341 1463
342 409
342 1044
342 648
343 445
343 1691
343 453
344 1403
344 1287
344 1365
345 1233
345 768
345 455
346 1412
346 1104
346 1084
347 1515
347 1660
347 861
348 1595
348 1478
349 461
349 814
349 1694
350 1427
350 1042
351 795
351 456
352 945
352 1358
352 1098
353 622
353 645
354 1036
354 1083
354 853
355 1648
356 1423
356 1131
357 1207
357 1466
358 1378
359 535
359 1074
360 1672
360 1631
361 1114
361 538
362 1520
362 495
362 871
363 950
363 1690
364 921
364 1204
365 1592
365 1042
365 1442
366 1648
366 1069
367 947
367 755
368 855
368 727
368 1117
369 522
369 1020
370 573
370 491
371 1461
371 1452
372 875
372 1547
373 407
373 510
374 1211
374 560
374 1398
375 782
375 873
375 457
376 1681
376 920
376 474
377 1151
377 660
378 1583
378 626
378 573
379 1153
379 460
380 1128
380 672
381 1539
382 1578
382 1314
383 1093
384 1189
384 1445
384 1494
385 891
385 1379
385 777
386 1420
386 1004
386 1562
387 1418
387 1011
388 1415
388 1437
388 1474
389 1614
389 480
390 1480
390 455
391 767
391 1640
391 812
392 555
392 1062
393 1359
393 480
393 1093
394 1540
394 1494
394 969
395 1613
395 895
396 1615
396 1036
396 1259
397 452
397 872
398 920
398 1247
399 1283
399 628
399 430
400 1070
400 1348
401 470
401 816
401 1316
402 693
402 551
402 536
403 1198
403 1005
403 1558
404 1115
404 831
405 1661
405 469
405 1241
406 1026
406 520
407 540
407 1346
408 770
408 1666
409 1315
409 1255
410 1300
411 500
411 1448
412 825
412 1409
412 1651
413 1473
413 1510
413 783
414 704
414 907
415 758
415 1015
415 1181
416 980
416 1601
416 1484
417 946
417 430
417 1457
418 791
418 859
419 1298
419 1421
420 1314
420 1670
421 1590
421 953
422 1416
422 1141
423 818
423 777
423 537
424 1203
424 1110
425 1559
425 1172
425 701
426 693
426 1268
426 893
427 452
427 916
427 468
428 429
429 1232
430 684
431 828
431 1236
433 1607
433 1433
434 441
434 1335
435 1204
435 784
435 1595
436 1535
436 512
436 1462
437 560
437 517
437 1465
438 1689
438 511
439 723
439 657
440 1257
440 1012
441 1021
441 1505
442 1303
442 1350
442 1432
443 1045
443 1092
444 849
444 508
444 856
445 633
445 489
446 809
446 1111
446 1385
447 671
447 487
447 1507
448 1463
449 1053
450 782
450 775
451 1196
451 1440
453 1260
453 1228
454 1191
454 1592
455 1127
456 938
456 1250
457 1447
458 873
458 1579
458 1615
459 1448
460 762
460 1205
461 926
461 489
462 1035
463 1652
463 750
464 1609
464 783
465 1394
465 1069
466 904
466 624
467 1633
467 1004
467 1570
468 993
468 994
469 1199
469 531
470 939
471 941
471 1624
471 1265
472 582
472 827
472 972
473 1007
473 984
474 1417
474 1509
475 606
476 1372
476 1673
476 660
477 983
477 1076
477 788
478 1271
478 934
479 1587
479 1336
480 1016
481 951
481 721
481 1355
482 522
482 692
483 1075
483 550
483 1196
484 1407
484 581
484 1097
485 1268
485 1146
485 1096
486 581
486 1077
486 1574
487 1360
488 979
489 1422
490 1366
490 802
490 847
491 1383
491 1496
492 519
492 1622
493 785
493 1414
494 718
494 578
495 944
495 1126
496 874
497 1398
497 1029
497 1130
498 621
498 1281
498 521
499 1156
499 837
499 1095
500 1140
500 786
501 846
501 1546
502 662
502 1329
503 1644
503 1162
504 932
504 1629
505 1697
505 1553
505 946
506 838
507 1335
507 1514
507 1179
508 930
508 1409
509 942
509 1010
510 1580
510 1318
512 774
512 1005
513 1324
514 1189
514 1170
514 1049
515 1351
515 869
515 1037
516 1246
516 1161
516 1603
518 1558
518 767
519 1142
520 1461
520 926
521 931
521 1374
522 975
523 720
523 1194
523 1625
524 1473
524 1222
525 1652
525 1578
525 553
526 633
526 1019
526 1642
527 651
527 1307
527 1507
528 1097
528 944
529 935
529 696
530 1697
530 1588
530 766
531 1331
532 1012
532 1669
532 978
533 1651
533 911
533 556
534 1474
534 871
534 1270
535 1051
535 912
536 901
536 1140
537 1209
538 1680
538 758
539 1655
539 1278
540 839
540 1388
541 683
541 1039
541 831
542 1380
542 1316
542 1475
543 1303
543 1271
543 1153
544 1429
544 871
544 817
545 743
545 1609
546 1485
547 1564
547 1467
548 987
548 1630
549 1474
549 574
549 1139
550 947
551 1489
552 1258
552 776
553 1335
553 1008
554 865
555 1404
555 1405
556 1489
556 1371
557 1602
557 746
558 1066
558 1213
559 1237
559 1063
560 1182
561 853
561 1312
562 1623
562 1499
563 1308
563 1305
563 863
564 1306
564 636
564 916
565 935
565 983
565 1537
566 1310
566 1388
566 1402
567 1384
568 863
569 943
569 1488
570 818
570 1251
570 878
571 1145
571 974
571 923
572 877
572 1616
573 876
574 897
575 1540
575 1357
576 1381
576 703
576 1003
577 1567
578 658
579 1052
579 659
579 661
580 943
580 1487
581 1099
582 688
583 834
584 1170
584 1446
584 975
585 837
585 1693
585 1349
586 1001
586 700
587 697
587 1617
587 1387
588 1118
588 680
589 1600
589 1055
589 1664
590 938
590 1227
591 1047
591 676
591 1089
592 1628
593 1434
593 1283
593 1658
594 619
595 986
595 965
596 1039
597 1040
597 1602
598 1472
598 833
598 1461
599 736
599 743
600 1342
600 1422
600 700
601 866
602 1301
602 1402
603 806
603 1649
604 1334
604 1524
604 657
605 969
605 959
606 959
607 1346
607 1538
607 1605
608 1294
608 1215
609 1104
609 930
609 979
610 728
610 852
611 1284
611 1198
611 1622
612 1150
612 1116
612 1076
613 1397
613 1341
614 974
615 733
615 1063
615 1493
616 838
616 1533
617 1234
617 1590
618 970
618 829
618 820
620 1203
621 1356
623 688
623 1069
624 1120
625 1658
625 758
625 1158
626 1324
626 1637
627 1274
628 1122
628 662
629 983
629 776
630 769
630 1548
630 1403
632 991
634 775
635 738
635 898
635 978
636 674
636 1626
637 1015
637 757
637 1177
638 1542
638 1379
638 868
639 655
639 1171
639 1164
640 1327
640 1132
641 1188
641 840
641 1654
642 652
642 1119
642 1209
643 678
643 1332
643 1618
644 856
644 812
644 1302
645 841
645 670
646 780
646 1557
647 1224
647 1634
647 962
648 779
649 1024
649 1220
649 1125
650 1219
650 1563
650 1513
651 1376
651 864
652 705
653 1455
654 1320
654 1670
655 1199
656 1401
658 1104
658 1340
659 850
659 1234
660 1271
661 1171
661 1027
662 1543
663 996
664 1405
664 1190
665 681
665 1212
666 1033
666 1571
667 1599
667 1569
667 1416
668 1676
668 1253
669 1543
669 806
669 973
670 1103
670 1377
671 1643
671 1390
672 679
672 760
673 1300
673 992
674 1689
674 954
675 1007
675 1555
676 680
677 1583
677 1066
677 1133
678 1353
678 1244
679 860
680 906
681 761
681 1172
682 802
682 1165
682 928
683 1497
683 875
684 1111
685 914
685 789
686 861
686 1433
686 956
687 1523
687 1154
688 1202
689 1654
689 1358
691 1572
691 1049
692 1178
692 1642
693 945
694 1369
694 786
695 1278
695 1391
696 1641
696 1613
697 979
697 1135
698 891
699 867
699 1577
699 1273
700 1280
701 1644
702 1486
703 1157
703 1421
704 1523
704 1339
705 1212
705 772
706 1188
706 1015
707 1447
707 883
708 1632
708 1622
709 852
709 1262
709 1486
710 851
710 1491
711 937
711 904
712 1219
712 761
712 1696
713 1662
713 820
714 815
714 752
715 1582
715 837
715 1537
716 1136
716 1006
717 1200
717 1434
717 1462
718 792
718 835
719 795
719 1275
719 759
720 881
720 952
721 1564
721 917
722 1614
722 981
722 1180
723 1556
723 1250
724 1289
724 760
725 1456
726 763
726 939
726 1682
727 1133
727 1095
728 769
729 1163
729 1539
730 1132
730 1243
731 1688
731 858
733 823
734 1159
734 918
735 1109
736 1283
737 1647
737 1254
738 751
739 1551
739 1178
739 1089
740 1029
740 1680
740 1252
741 1606
741 810
741 1687
742 1149
742 1288
742 1038
744 1667
744 932
744 1222
745 1380
745 1041
745 910
746 1267
746 1248
747 1292
748 852
748 1482
748 1229
749 1126
749 842
751 1013
752 1428
752 1025
753 1601
753 1505
753 1277
754 1367
755 1366
755 1499
756 1302
756 1668
757 778
757 1148
759 830
759 1519
760 1686
761 1288
762 1555
763 1566
763 1389
764 1173
765 1102
765 1367
766 1088
766 1118
767 1633
770 804
770 1031
771 1223
771 853
772 1035
772 1245
773 1623
774 1340
774 1256
776 1237
778 1488
779 944
779 1007
780 925
780 974
781 1221
782 1373
783 1498
784 826
785 1176
785 1280
786 1334
787 1326
787 1525
789 1333
789 1305
790 1378
790 894
790 1120
791 832
791 1246
792 860
793 1384
793 1022
793 1608
794 1549
794 1663
794 1447
795 1671
796 966
796 1361
796 1022
797 1085
797 1637
798 1383
799 1624
799 1636
799 1612
800 948
801 1055
802 1568
803 1604
803 1450
803 1651
804 1659
804 1528
805 1630
806 884
807 1063
808 1442
808 1562
808 1156
809 1598
809 1544
810 1497
811 1549
811 1054
811 1410
812 1406
813 1160
813 1512
814 1359
815 1082
816 1108
817 1166
817 953
819 1693
819 1385
819 1354
820 1530
821 1338
821 1548
822 1192
822 1179
822 1268
823 1670
824 873
824 1471
824 918
825 1240
825 1509
826 1168
826 896
828 902
829 1326
830 1231
831 1644
832 900
832 1210
833 1697
833 1426
834 1560
835 969
836 1172
836 1575
839 1468
839 862
840 1620
840 1272
842 1313
842 952
843 1187
843 1610
843 1167
844 1471
844 1057
845 1142
845 1281
846 1030
847 1308
848 1698
848 1194
848 1206
849 1355
850 1436
850 1370
851 1629
854 1382
854 1000
854 1531
855 1296
855 961
856 1530
857 1439
857 1317
857 1418
858 1091
859 1408
860 1477
861 1603
862 1282
863 899
864 886
865 980
866 1244
867 933
867 1034
868 1321
868 1013
869 1552
870 963
870 1453
870 1639
872 1331
872 1618
874 1309
874 1314
875 1389
876 1428
876 1134
877 1415
877 1227
878 1085
879 1065
879 1300
880 1508
880 1400
880 1382
881 914
882 1054
882 958
882 1634
883 1632
883 1627
884 1647
885 1235
885 1205
885 1100
886 1256
886 1586
887 1694
887 1239
887 954
888 1685
889 993
889 1528
889 1676
890 1008
890 911
890 1437
891 1184
892 1299
892 1037
893 1584
894 1594
894 933
895 1299
895 1530
896 899
897 1175
898 1386
898 1223
901 1674
901 1396
902 904
903 1311
903 1451
905 1361
905 1134
905 1522
906 1672
908 1204
908 1570
909 1479
912 1534
913 1280
914 1260
915 1675
915 1096
916 1344
917 1533
918 948
919 930
919 1277
920 1663
921 1166
922 1009
923 1635
923 942
924 1602
924 1321
924 1301
925 1152
925 1596
926 1429
927 977
927 1251
928 999
929 1550
929 1061
931 1464
933 1674
934 1481
934 1141
936 1113
936 1687
936 1230
937 1684
939 1373
940 1547
941 1119
941 1440
942 1363
943 1003
946 1154
947 1439
949 1411
949 1569
949 1241
950 1090
950 1568
951 1534
951 1646
953 1435
954 1214
955 1659
955 1636
959 1202
960 1138
961 1112
961 1620
962 1001
962 1387
963 1423
963 1451
964 1682
964 1377
964 971
965 1047
966 1586
966 1417
967 1192
967 1667
968 1639
968 1112
968 1621
971 1253
971 1113
973 1430
976 1139
976 985
976 1441
977 1560
977 1193
978 1296
980 1020
981 1224
981 1371
982 1476
982 1657
982 1385
984 1064
985 1390
985 1333
986 1136
986 1117
987 1101
988 1502
988 1143
989 1449
989 1170
990 1646
990 1684
991 1030
991 1046
992 1365
994 1512
995 1056
995 996
996 1072
997 1105
997 1692
998 1507
998 1686
999 1535
999 1370
1000 1213
1002 1103
1002 1168
1002 1574
1003 1147
1004 1287
1005 1298
1006 1163
1009 1056
1009 1092
1010 1048
1010 1413
1012 1381
1013 1110
1014 1541
1014 1636
1014 1537
1016 1227
1016 1150
1017 1673
1019 1433
1019 1129
1020 1304
1021 1504
1021 1107
1022 1594
1023 1500
1023 1587
1024 1048
1025 1639
1025 1667
1026 1517
1027 1431
1028 1672
1028 1289
1028 1225
1030 1619
1031 1611
1031 1457
1032 1294
1034 1492
1034 1356
1035 1171
1036 1436
1038 1266
1038 1609
1039 1142
1040 1500
1040 1612
1041 1502
1041 1482
1042 1560
1043 1654
1043 1293
1044 1588
1045 1610
1046 1380
1046 1185
1048 1059
1050 1313
1050 1623
1050 1208
1051 1097
1052 1592
1053 1350
1053 1236
1054 1152
1055 1596
1056 1681
1057 1684
1058 1145
1058 1459
1058 1448
1059 1575
1059 1625
1060 1305
1060 1620
1061 1115
1061 1106
1064 1368
1065 1401
1065 1616
1066 1465
1067 1168
1068 1422
1068 1626
1070 1637
1071 1353
1071 1532
1072 1153
1072 1612
1073 1128
1074 1434
1074 1307
1075 1527
1077 1607
1078 1309
1079 1083
1079 1606
1080 1363
1080 1101
1080 1274
1081 1191
1081 1312
1082 1510
1082 1653
1083 1247
1084 1522
1084 1572
1085 1375
1086 1201
1086 1203
1087 1545
1087 1414
1087 1357
1088 1151
1088 1144
1089 1399
1090 1393
1090 1278
1091 1519
1091 1467
1092 1336
1094 1585
1094 1534
1095 1226
1096 1221
1098 1397
1099 1315
1099 1226
1101 1352
1102 1164
1102 1388
1106 1286
1106 1466
1107 1357
1107 1566
1108 1541
1108 1676
1109 1647
1109 1187
1110 1281
1111 1242
1114 1454
1114 1368
1115 1581
1116 1488
1117 1326
1118 1476
1119 1186
1121 1471
1122 1386
1122 1432
1123 1640
1123 1675
1124 1640
1124 1607
1125 1263
1125 1328
1126 1261
1128 1325
1129 1669
1130 1211
1130 1394
1132 1261
1133 1559
1134 1427
1135 1458
1136 1581
1137 1393
1138 1379
1139 1207
1140 1538
1144 1243
1145 1158
1146 1678
1147 1443
1148 1658
1149 1218
1149 1407
1150 1678
1152 1518
1154 1272
1155 1374
1155 1192
1157 1582
1158 1265
1160 1290
1160 1449
1161 1524
1162 1178
1162 1473
1165 1237
1169 1354
1173 1349
1174 1306
1175 1413
1176 1399
1177 1638
1180 1483
1181 1376
1182 1556
1182 1319
1183 1621
1183 1580
1185 1481
1185 1307
1186 1460
1188 1245
1189 1551
1190 1417
1191 1438
1193 1665
1193 1660
1194 1662
1195 1274
1195 1431
1196 1269
1197 1333
1198 1378
1199 1616
1201 1483
1202 1289
1208 1364
1209 1666
1210 1691
1211 1594
1212 1663
1214 1443
1214 1584
1215 1313
1215 1340
1216 1475
1216 1480
1216 1371
1218 1337
1218 1362
1219 1419
1221 1339
1222 1695
1224 1503
1225 1387
1228 1392
1229 1520
1230 1356
1230 1382
1231 1567
1231 1496
1232 1437
1232 1652
1234 1330
1235 1576
1238 1576
1238 1304
1239 1527
1239 1666
1240 1506
1241 1593
1242 1561
1243 1638
1248 1399
1249 1699
1249 1493
1251 1258
1252 1343
1253 1266
1254 1310
1255 1635
1257 1450
1258 1364
1260 1390
1261 1682
1262 1400
1262 1263
1264 1687
1264 1516
1265 1400
1267 1597
1269 1638
1269 1408
1270 1369
1270 1298
1273 1499
1275 1660
1276 1554
1279 1323
1279 1692
1284 1566
1284 1310
1286 1590
1288 1414
1290 1569
1290 1472
1291 1445
1292 1329
1292 1402
1293 1392
1294 1671
1297 1492
1297 1486
1304 1645
1306 1683
1311 1484
1311 1625
1312 1521
1316 1520
1317 1626
1318 1487
1319 1588
1321 1679
1322 1661
1324 1587
1325 1386
1325 1642
1327 1396
1332 1491
1334 1501
1337 1529
1337 1653
1338 1345
1341 1678
1342 1563
1342 1469
1343 1393
1343 1558
1344 1544
1344 1645
1345 1619
1345 1361
1346 1364
1348 1478
1348 1512
1349 1426
1351 1653
1351 1409
1352 1407
1354 1525
1360 1536
1366 1621
1368 1449
1369 1600
1370 1664
1372 1405
1373 1420
1374 1425
1375 1442
1376 1656
1381 1428
1383 1574
1389 1665
1395 1665
1401 1548
1404 1470
1406 1451
1410 1539
1410 1551
1411 1494
1412 1698
1413 1423
1416 1508
1421 1495
1424 1464
1425 1528
1425 1510
1427 1431
1430 1656
1430 1615
1435 1554
1438 1490
1438 1525
1440 1444
1441 1595
1443 1619
1454 1533
1455 1459
1455 1641
1456 1496
1457 1536
1459 1648
1460 1584
1467 1469
1468 1516
1470 1477
1470 1557
1480 1498
1482 1515
1485 1598
1490 1568
1492 1553
1495 1656
1497 1630
1498 1540
1500 1511
1502 1633
1503 1631
1505 1511
1506 1531
1514 1627
1515 1543
1517 1565
1517 1583
1518 1522
1521 1529
1524 1545
1526 1593
1526 1674
1527 1547
1532 1591
1538 1628
1542 1628
1544 1643
1545 1635
1546 1597
1549 1606
1553 1571
1554 1586
1570 1572
1577 1688
1605 1608
1613 1685
1617 1681
1617 1650
1650 1680
1657 1699
1664 1679
1677 1679
