0 71
0 47
0 285
1 158
1 45
1 146
2 16
2 168
2 136
3 260
3 31
3 53
4 202
4 132
4 229
5 36
5 119
5 270
6 283
6 268
6 202
7 52
7 232
7 199
8 22
8 196
8 122
9 116
9 236
9 240
10 180
10 188
10 57
11 135
11 36
11 294
12 257
12 49
12 277
13 122
13 252
13 103
14 63
14 245
14 58
15 119
15 47
15 64
16 181
16 34
17 261
17 251
17 137
18 259
18 178
18 297
19 26
19 225
19 126
20 192
20 117
20 235
21 190
21 298
21 213
22 203
22 99
23 85
23 256
23 87
24 222
24 124
24 90
25 144
25 56
25 157
26 247
26 31
27 31
27 172
27 167
28 102
28 297
28 253
29 253
29 90
29 144
30 217
30 295
30 151
32 199
32 35
32 254
33 149
33 132
33 230
34 125
34 120
35 48
35 112
36 72
37 100
37 241
37 209
38 46
38 281
38 113
39 168
39 154
39 249
40 197
40 169
40 65
41 148
41 137
41 211
42 149
42 224
42 281
43 98
43 186
43 102
44 267
44 71
44 290
45 67
45 270
46 272
46 243
47 129
48 175
48 209
49 170
49 230
50 260
50 250
50 92
51 166
51 114
51 107
52 228
52 164
53 241
53 63
54 175
54 287
54 91
55 110
55 142
55 98
56 177
56 145
57 133
57 173
58 225
58 194
59 64
59 143
59 233
60 129
60 82
60 159
61 299
61 140
61 278
62 292
62 272
62 221
63 176
64 83
65 248
65 299
66 148
66 134
66 232
67 284
67 134
68 227
68 244
68 172
69 70
69 101
69 72
70 109
70 237
71 296
72 170
73 89
73 196
73 242
74 126
74 247
74 282
75 151
75 108
75 222
76 111
76 152
76 162
77 159
77 78
77 123
78 184
78 265
79 264
79 141
79 100
80 95
80 241
80 271
81 113
81 238
81 177
82 227
82 295
83 169
83 191
84 244
84 117
84 130
85 279
85 218
86 128
86 122
86 125
87 290
87 289
88 200
88 149
88 133
89 93
89 106
90 153
91 233
91 293
92 198
92 294
93 158
93 222
94 281
94 127
94 266
95 223
95 171
96 181
96 115
96 218
97 184
97 285
97 197
98 261
99 131
99 208
100 195
101 158
101 278
102 274
103 142
103 186
104 246
104 147
104 254
105 193
105 252
105 187
106 250
106 216
107 204
107 231
108 192
108 204
109 275
109 116
110 135
110 171
111 254
111 115
112 279
112 114
113 272
114 138
115 124
116 180
117 203
118 261
118 219
118 264
119 123
120 246
120 257
121 274
121 130
121 157
123 228
124 280
125 139
126 293
127 262
127 138
128 270
128 214
129 162
130 257
131 243
131 256
132 276
133 200
134 283
135 252
136 231
136 208
137 238
138 143
139 179
139 174
140 191
140 183
141 179
141 248
142 228
143 269
144 172
145 238
145 213
146 198
146 249
147 229
147 205
148 291
150 191
150 231
150 197
151 288
152 177
152 284
153 277
153 242
154 160
154 263
155 240
155 161
155 182
156 201
156 264
156 235
157 182
159 279
160 240
160 234
161 217
161 216
162 163
163 165
163 214
164 251
164 268
165 215
165 189
166 185
166 297
167 234
167 286
168 255
169 292
170 220
171 206
173 210
173 193
174 245
174 190
175 266
176 202
176 291
178 258
178 247
179 288
180 187
181 246
182 215
183 224
183 242
184 289
185 259
185 233
186 212
187 218
188 214
188 262
189 215
189 195
190 289
192 210
193 217
194 201
194 278
195 219
196 280
198 256
199 286
200 207
201 263
203 275
204 234
205 245
205 267
206 239
206 207
207 255
208 244
209 298
210 295
211 265
211 220
212 292
212 271
213 223
216 226
219 283
220 269
221 224
221 291
223 262
225 227
226 269
226 276
229 259
230 277
232 258
235 239
236 271
236 243
237 249
237 290
239 285
248 280
250 251
253 263
255 273
258 273
260 273
265 287
266 282
267 296
268 287
274 296
275 299
276 282
284 293
286 294
288 298
