0 242
0 200
0 371
1 85
1 52
1 161
2 171
2 128
2 356
3 395
3 31
3 8
4 449
4 97
4 455
5 161
5 267
5 479
6 79
6 297
6 30
7 482
7 474
7 101
8 474
8 33
9 430
9 451
9 115
10 427
10 378
10 108
11 388
11 182
11 433
12 388
12 484
12 138
13 427
13 268
13 312
14 213
14 27
14 472
15 127
15 173
15 487
16 408
16 230
16 386
17 293
17 321
17 268
18 366
18 382
18 209
19 181
19 35
19 410
20 382
20 134
20 478
21 152
21 331
21 38
22 316
22 479
22 448
23 107
23 166
23 416
24 222
24 476
24 265
25 135
25 362
25 41
26 121
26 82
26 180
27 336
27 400
28 58
28 415
28 131
29 159
29 419
29 82
30 96
30 248
31 245
31 463
32 366
32 292
32 120
33 60
33 48
34 62
34 285
34 325
35 199
35 486
36 304
36 314
36 477
37 234
37 265
37 324
38 217
38 40
39 92
39 426
39 258
40 56
40 390
41 423
41 306
42 90
42 397
42 153
43 72
43 271
43 332
44 138
44 342
44 448
45 85
45 241
45 195
46 403
46 286
46 104
47 270
47 92
47 337
48 61
48 180
49 130
49 315
49 245
50 215
50 177
50 156
51 323
51 146
51 395
52 440
52 221
53 151
53 72
53 156
54 319
54 318
54 313
55 274
55 463
55 235
56 133
56 260
57 347
57 481
57 163
58 71
58 281
59 283
59 417
59 340
60 411
60 229
61 355
61 465
62 315
62 370
63 125
63 416
63 369
64 128
64 110
64 296
65 278
65 102
65 346
66 309
66 230
66 476
67 333
67 74
67 347
68 386
68 361
68 152
69 234
69 242
69 227
70 282
70 277
70 331
71 177
71 226
72 202
73 319
73 114
73 457
74 247
74 119
75 434
75 131
75 325
76 218
76 445
76 417
77 247
77 460
77 444
78 251
78 190
78 329
79 280
79 219
80 385
80 209
80 204
81 105
81 114
81 446
82 101
83 132
83 140
83 459
84 376
84 104
84 409
85 374
86 258
86 233
86 326
87 483
87 337
87 437
88 382
88 148
88 236
89 435
89 499
89 163
90 111
90 364
91 354
91 405
91 399
92 363
93 415
93 471
93 498
94 169
94 419
94 111
95 194
95 183
95 256
96 250
96 218
97 215
97 231
98 432
98 436
98 172
99 122
99 429
99 419
100 468
100 437
100 404
101 183
102 299
102 326
103 439
103 396
103 470
104 179
105 369
105 487
106 273
106 248
106 229
107 344
107 154
108 456
108 488
109 261
109 381
109 475
110 210
110 164
111 112
112 479
112 418
113 485
113 442
113 171
114 124
115 224
115 287
116 305
116 170
116 482
117 183
117 443
117 182
118 245
118 431
118 392
119 280
119 460
120 486
120 340
121 191
121 456
122 211
122 173
123 294
123 343
123 476
124 332
124 259
125 384
125 499
126 307
126 422
126 402
127 292
127 241
128 360
129 225
129 167
129 260
130 341
130 345
131 214
132 234
132 307
133 375
133 354
134 401
134 324
135 288
135 306
136 439
136 239
136 223
137 332
137 275
137 318
138 394
139 316
139 148
139 218
140 493
140 177
141 224
141 433
141 149
142 210
142 308
142 375
143 266
143 334
143 496
144 314
144 453
144 420
145 475
145 187
145 299
146 287
146 271
147 282
147 394
147 222
148 210
149 219
149 428
150 385
150 343
150 277
151 267
151 224
152 391
153 353
153 166
154 465
154 157
155 302
155 314
155 358
156 451
157 458
157 219
158 329
158 193
158 330
159 294
159 448
160 188
160 299
160 442
161 418
162 341
162 335
162 279
163 480
164 466
164 208
165 454
165 441
165 240
166 321
167 173
167 370
168 471
168 223
168 246
169 193
169 253
170 308
170 408
171 404
172 205
172 361
174 413
174 360
174 474
175 209
175 212
175 296
176 478
176 340
176 181
178 248
178 336
178 201
179 281
179 284
180 447
181 280
182 381
184 379
184 239
184 452
185 355
185 402
185 353
186 289
186 351
186 322
187 458
187 260
188 253
188 215
189 388
189 455
189 362
190 205
190 321
191 330
191 426
192 462
192 434
192 460
193 328
194 399
194 197
195 374
195 466
196 269
196 362
196 207
197 383
197 407
198 235
198 495
198 450
199 461
199 206
200 431
200 365
201 259
201 384
202 446
202 373
203 391
203 437
203 385
204 357
204 206
205 338
206 264
207 450
207 377
208 398
208 487
211 325
211 239
212 493
212 483
213 302
213 311
214 355
214 402
216 233
216 310
216 317
217 443
217 493
220 454
220 440
220 320
221 498
221 320
222 228
223 367
225 477
225 380
226 273
226 275
227 256
227 304
228 412
228 249
229 414
230 492
231 393
231 327
232 432
232 459
232 406
233 306
235 368
236 396
236 470
237 300
237 429
237 392
238 416
238 377
238 467
240 244
240 462
241 318
242 481
243 349
243 425
243 383
244 319
244 284
246 364
246 350
247 287
249 348
249 380
250 439
250 286
251 317
251 266
252 342
252 387
252 436
253 276
254 405
254 311
254 269
255 379
255 491
255 433
256 415
257 312
257 261
257 267
258 291
259 278
261 335
262 475
262 367
262 338
263 346
263 446
263 399
264 337
264 488
265 352
266 361
268 424
269 484
270 274
270 456
271 482
272 472
272 489
272 353
273 323
274 371
275 401
276 430
276 283
277 495
278 457
279 409
279 477
281 464
282 417
283 365
284 305
285 289
285 468
286 389
288 352
288 431
289 407
290 438
290 470
290 411
291 403
291 397
292 414
293 445
293 430
294 496
295 383
295 435
295 309
296 395
297 421
297 420
298 329
298 422
298 467
300 400
300 369
301 396
301 414
301 372
302 339
303 348
303 440
303 366
304 310
305 406
307 345
308 327
309 461
310 347
311 351
312 436
313 413
313 390
315 394
316 494
317 447
320 425
322 343
322 473
323 427
324 498
326 330
327 409
328 418
328 450
331 392
333 381
333 491
334 453
334 420
335 359
336 412
338 494
339 429
339 372
341 492
342 434
344 442
344 412
345 462
346 356
348 497
349 372
349 398
350 457
350 422
351 469
352 488
354 410
356 373
357 404
357 364
358 453
358 441
359 444
359 367
360 496
363 428
363 463
365 389
368 400
368 469
370 444
371 421
373 499
374 405
375 486
376 492
376 410
377 379
378 423
378 473
380 472
384 469
386 389
387 423
387 411
390 449
391 447
393 428
393 497
397 465
398 480
401 495
403 485
406 489
407 438
408 481
413 483
421 424
424 490
425 441
426 452
432 458
435 489
438 459
443 467
445 471
449 480
451 464
452 494
454 468
455 473
461 497
464 466
478 485
484 490
490 491
