0 419
0 772
0 814
1 1369
1 789
1 42
2 1043
2 846
2 1390
3 1317
3 1074
3 1100
4 465
4 1337
4 404
5 901
5 778
5 1095
6 725
6 1524
6 974
7 671
7 232
7 12
8 21
8 1180
8 446
9 760
9 739
9 1125
10 1234
10 400
10 1149
11 1186
11 826
11 749
12 313
12 1481
13 69
13 428
13 362
14 1231
14 822
14 948
15 591
15 393
15 1508
16 400
16 432
16 589
17 1342
17 958
17 755
18 1309
18 1593
18 237
19 461
19 1394
19 1327
20 1087
20 736
20 902
21 1250
21 857
22 50
22 1561
22 1401
23 475
23 236
23 1040
24 53
24 1038
24 631
25 1150
25 386
25 507
26 1236
26 852
26 688
27 1459
27 896
27 779
28 1428
28 436
28 1507
29 458
29 1255
29 232
30 82
30 651
30 652
31 403
31 979
31 994
32 367
32 990
32 967
33 768
33 1103
33 827
34 85
34 716
34 544
35 462
35 1246
35 531
36 844
36 1247
36 907
37 1004
37 1589
37 625
38 1355
38 710
38 1043
39 560
39 1332
39 1089
40 155
40 962
40 1520
41 1177
41 551
41 568
42 58
42 1240
43 137
43 227
43 1395
44 51
44 1583
44 98
45 1551
45 1553
45 1121
46 1005
46 1010
46 892
47 226
47 131
47 575
48 156
48 391
48 1499
49 374
49 864
49 831
50 537
50 1434
51 440
51 1588
52 966
52 1265
52 1115
53 636
53 1423
54 1453
54 1369
54 369
55 297
55 1376
55 619
56 337
56 340
56 945
57 1441
57 903
57 1531
58 1306
58 722
59 320
59 449
59 1444
60 657
60 414
60 171
61 896
61 129
61 1554
62 1292
62 202
62 1559
63 1197
63 189
63 333
64 190
64 1069
64 1105
65 1491
65 577
65 210
66 276
66 1531
66 1490
67 1593
67 1009
67 1148
68 690
68 415
68 601
69 439
69 849
70 983
70 1005
70 721
71 616
71 1162
71 424
72 1034
72 1068
72 1169
73 1068
73 848
73 540
74 1376
74 1328
74 1242
75 864
75 1565
75 1201
76 188
76 124
76 1382
77 1564
77 1370
77 1504
78 1248
78 812
78 893
79 181
79 940
79 175
80 1295
80 1410
80 948
81 1149
81 114
81 621
82 592
82 495
83 1032
83 158
83 556
84 125
84 753
84 315
85 1251
85 597
86 922
86 737
86 1195
87 274
87 1287
87 1412
88 912
88 1121
88 529
89 555
89 1449
89 882
90 193
90 536
90 1340
91 410
91 326
91 472
92 401
92 1290
92 485
93 342
93 542
93 148
94 830
94 259
94 1444
95 201
95 1133
95 847
96 1082
96 953
96 599
97 355
97 1450
97 1572
98 996
98 418
99 1155
99 185
99 1349
100 677
100 219
100 1499
101 998
101 533
101 1360
102 1527
102 1529
102 181
103 1396
103 1344
103 894
104 1364
104 1247
104 1420
105 1501
105 1076
105 1320
106 1148
106 1569
106 1086
107 428
107 140
107 338
108 345
108 266
108 913
109 1092
109 311
109 253
110 1036
110 1532
110 973
111 1248
111 776
111 735
112 1325
112 981
112 897
113 1095
113 1093
113 676
114 1050
114 205
115 1450
115 1060
115 1554
116 397
116 673
116 542
117 616
117 242
117 1173
118 1154
118 363
118 829
119 228
119 1530
119 319
120 335
120 843
120 416
121 143
121 1082
121 150
122 879
122 393
122 925
123 1547
123 1203
123 247
124 297
124 380
125 392
125 816
126 512
126 996
126 1388
127 1065
127 186
127 992
128 1599
128 796
128 531
129 1590
129 290
130 722
130 964
130 526
131 442
131 280
132 767
132 943
132 476
133 1407
133 627
133 322
134 1422
134 345
134 1182
135 810
135 731
135 1215
136 1570
136 1469
136 1281
137 457
137 1052
138 893
138 1172
138 967
139 1204
139 618
139 631
140 1551
140 579
141 780
141 1133
141 308
142 1364
142 915
142 495
143 1119
143 1429
144 1187
144 899
144 1465
145 995
145 1175
145 1135
146 706
146 984
146 809
147 445
147 474
147 717
148 653
148 1548
149 583
149 991
149 1112
150 1584
150 1403
151 1586
151 784
151 1326
152 1075
152 863
152 1314
153 1099
153 939
153 388
154 561
154 1158
154 796
155 157
155 446
156 1474
156 462
157 204
157 349
158 600
158 1515
159 850
159 538
159 1297
160 617
160 210
160 1080
161 1151
161 274
161 1267
162 576
162 624
162 1287
163 347
163 1207
163 1323
164 842
164 1407
164 1389
165 1507
165 196
165 1587
166 780
166 1213
166 660
167 325
167 446
167 1161
168 706
168 1190
168 633
169 324
169 1384
169 1037
170 705
170 386
170 785
171 1221
171 222
172 1379
172 1411
172 922
173 1096
173 579
173 899
174 1330
174 1486
174 943
175 390
175 723
176 624
176 1355
176 1422
177 918
177 1482
177 658
178 1305
178 1451
178 605
179 1236
179 1490
179 1064
180 459
180 727
180 1237
181 1274
182 724
182 771
182 1445
183 365
183 1016
183 1193
184 517
184 750
184 768
185 743
185 1454
186 1295
186 584
187 463
187 508
187 1568
188 414
188 1013
189 783
189 243
190 1223
190 1380
191 1391
191 1548
191 1454
192 1282
192 1357
192 581
193 351
193 1375
194 1315
194 360
194 1385
195 596
195 819
195 1135
196 1386
196 512
197 740
197 848
197 1357
198 349
198 373
198 764
199 683
199 869
199 1348
200 1447
200 334
200 1348
201 1105
201 807
202 1064
202 1030
203 1338
203 1550
203 1419
204 406
204 236
205 948
205 516
206 886
206 1273
206 1376
207 376
207 1207
207 889
208 1581
208 273
208 1110
209 914
209 422
209 1249
210 1565
211 686
211 1206
211 479
212 277
212 255
212 1374
213 1338
213 1457
213 510
214 993
214 786
214 1489
215 876
215 803
215 937
216 468
216 1596
216 1360
217 640
217 854
217 283
218 957
218 1257
218 807
219 759
219 309
220 903
220 533
220 1461
221 1309
221 1225
221 1438
222 1224
222 1498
223 599
223 533
223 678
224 667
224 562
224 1357
225 444
225 774
225 856
226 853
226 535
227 1316
227 1377
228 1563
228 737
229 1340
229 1143
229 1424
230 1474
230 308
230 850
231 931
231 1208
231 1275
232 410
233 369
233 1386
233 977
234 285
234 539
234 1423
235 1574
235 1556
235 1389
236 1098
237 1256
237 887
238 394
238 1147
238 1116
239 1156
239 762
239 365
240 865
240 305
240 1594
241 1372
241 945
241 1506
242 316
242 979
243 591
243 1014
244 1579
244 1257
244 1024
245 729
245 622
245 296
246 543
246 863
246 1095
247 556
247 1049
248 372
248 1517
248 1002
249 875
249 1041
249 1205
250 1090
250 1059
250 1237
251 1000
251 706
251 709
252 1044
252 583
252 1488
253 1213
253 325
254 615
254 313
254 998
255 1487
255 949
256 992
256 1113
256 686
257 538
257 1301
257 1569
258 1263
258 548
258 1224
259 277
259 359
260 1320
260 517
260 330
261 334
261 1296
261 965
262 782
262 1071
262 797
263 1505
263 1451
263 1464
264 1325
264 348
264 383
265 469
265 518
265 862
266 1393
266 1497
267 1358
267 381
267 1526
268 371
268 796
268 480
269 1345
269 298
269 670
270 1510
270 344
270 954
271 317
271 1527
271 1186
272 473
272 819
272 854
273 1252
273 1387
274 597
275 917
275 1401
275 1173
276 1172
276 1222
277 1505
278 1148
278 575
278 1153
279 1125
279 607
279 554
280 1337
280 837
281 466
281 299
281 511
282 1262
282 1071
282 765
283 384
283 620
284 1595
284 891
284 852
285 1561
285 1104
286 1192
286 1555
286 1243
287 1378
287 475
287 502
288 938
288 806
288 637
289 858
289 378
289 1188
290 1432
290 1009
291 1402
291 1197
291 505
292 883
292 481
292 1089
293 863
293 721
293 1057
294 619
294 1535
294 737
295 1206
295 1020
295 385
296 491
296 1365
297 1416
298 536
298 918
299 1108
299 950
300 1223
300 840
300 1417
301 1035
301 685
301 381
302 1472
302 823
302 1323
303 1458
303 534
303 524
304 440
304 574
304 930
305 1344
305 324
306 352
306 1057
306 728
307 650
307 354
307 1479
308 682
309 1172
309 493
310 905
310 447
310 1415
311 1235
311 783
312 527
312 1279
312 861
313 818
314 1186
314 1446
314 597
315 1275
315 661
316 923
316 484
317 419
317 708
318 972
318 399
318 1506
319 1088
319 472
320 498
320 1237
321 1344
321 499
321 543
322 566
322 643
323 1299
323 522
323 821
324 786
325 1161
326 932
326 897
327 492
327 1132
327 1312
328 1488
328 344
328 1461
329 1330
329 857
329 1293
330 655
330 725
331 549
331 781
331 1478
332 566
332 977
332 390
333 450
333 1271
334 565
335 1001
335 600
336 542
336 841
336 1262
337 1541
337 1518
338 623
338 1418
339 423
339 467
339 656
340 1187
340 669
341 1549
341 1475
341 1477
342 1070
342 1289
343 746
343 395
343 508
344 1307
345 1016
346 832
346 1077
346 1332
347 941
347 1534
348 1384
348 594
349 1343
350 686
350 776
350 687
351 726
351 1171
352 1434
352 1017
353 506
353 429
353 808
354 836
354 513
355 1368
355 842
356 1511
356 817
356 1560
357 562
357 1086
357 559
358 717
358 1469
358 879
359 1011
359 1018
360 687
360 791
361 733
361 1474
361 438
362 1254
362 1573
363 424
363 845
364 876
364 614
364 1106
365 992
366 778
366 637
366 1412
367 1485
367 1269
368 967
368 1577
368 1246
369 956
370 472
370 1463
370 1058
371 421
371 983
372 1466
372 955
373 1476
373 1523
374 392
374 1002
375 1217
375 403
375 1364
376 1078
376 1299
377 411
377 609
377 385
378 651
378 1062
379 1141
379 1196
379 1238
380 385
380 1224
381 1423
382 1484
382 1190
382 928
383 550
383 936
384 1068
384 511
386 406
387 1099
387 826
387 710
388 645
388 430
389 610
389 632
389 730
390 873
391 598
391 1147
392 764
393 467
394 995
394 660
395 1414
395 1484
396 968
396 935
396 904
397 532
397 1250
398 988
398 1308
398 822
399 1230
399 1155
400 867
401 1421
401 435
402 642
402 590
402 1519
403 1160
404 416
404 572
405 673
405 790
405 713
406 1471
407 1544
407 456
407 1277
408 629
408 732
408 1549
409 665
409 1130
409 801
410 1538
411 696
411 439
412 537
412 802
412 1455
413 580
413 890
413 517
414 1388
415 1459
415 826
416 1099
417 1516
417 1404
417 1406
418 1462
418 1495
419 916
420 1091
420 1027
420 688
421 1415
421 1441
422 1140
422 1359
423 1394
423 803
424 1031
425 614
425 1373
425 656
426 1535
426 558
426 1192
427 1347
427 844
427 1022
428 1114
429 888
429 1270
430 684
430 1393
431 1184
431 564
431 1282
432 931
432 1494
433 1124
433 1458
433 1451
434 858
434 806
434 1234
435 1598
435 924
436 655
436 755
437 628
437 552
437 1438
438 606
438 586
439 1096
440 1313
441 926
441 1414
441 1410
442 639
442 1136
443 1229
443 1035
443 1002
444 740
444 977
445 1516
445 1086
447 1080
447 1370
448 1473
448 694
448 849
449 541
449 1392
450 1574
450 1354
451 1232
451 1258
451 630
452 1342
452 523
452 470
453 628
453 1227
453 1087
454 531
454 881
454 659
455 811
455 767
455 1244
456 1249
456 1428
457 479
457 554
458 609
458 767
459 753
459 1230
460 696
460 731
460 942
461 877
461 1486
462 718
463 570
463 1116
464 691
464 1226
464 1445
465 983
465 1424
466 1145
466 1216
467 563
468 1169
468 1584
469 696
469 1217
470 788
470 1216
471 853
471 834
471 1145
473 1303
473 755
474 1046
474 1187
475 630
476 834
476 1467
477 581
477 1464
477 769
478 1218
478 569
478 958
479 1558
480 500
480 1261
481 568
481 898
482 1178
482 880
482 1555
483 1441
483 1056
483 1502
484 1418
484 562
485 1303
485 1572
486 572
486 781
486 1301
487 1181
487 752
487 1120
488 1345
488 822
488 999
489 579
489 677
489 747
490 1591
490 1374
490 1466
491 1179
491 710
492 870
492 1147
493 1318
493 956
494 1372
494 624
494 1300
495 668
496 1398
496 1334
496 740
497 1310
497 1069
497 984
498 1396
498 1543
499 550
499 1471
500 664
500 1007
501 1384
501 630
501 904
502 1380
502 910
503 867
503 1181
503 810
504 882
504 944
504 1047
505 951
505 914
506 1480
506 1283
507 601
507 570
508 847
509 1463
509 658
509 1168
510 1328
510 1463
511 555
512 1278
513 812
513 1142
514 800
514 818
514 799
515 1571
515 685
515 851
516 838
516 1372
518 1014
518 673
519 934
519 1408
519 1256
520 1427
520 1129
520 1287
521 744
521 1020
521 1322
522 1367
522 1094
523 915
523 618
524 1336
524 567
525 1572
525 1266
525 1510
526 921
526 1079
527 1551
527 1485
528 1520
528 805
528 1192
529 590
529 1252
530 1069
530 720
530 779
532 1049
532 1281
534 1000
534 839
535 773
535 952
536 659
537 798
538 552
539 1436
539 825
540 741
540 978
541 1092
541 1592
543 1101
544 1497
544 1354
545 1259
545 761
545 862
546 927
546 707
546 1345
547 1390
547 1235
547 1480
548 1519
548 872
549 907
549 1582
550 960
551 1502
551 600
552 743
553 1286
553 617
553 841
554 705
555 754
556 658
557 1426
557 691
557 934
558 1231
558 1279
559 1446
559 1163
560 933
560 1266
561 1204
561 672
563 1056
563 1525
564 906
564 1272
565 1063
565 724
566 1577
567 1264
567 1240
568 1288
569 766
569 1354
570 1554
571 805
571 1361
571 813
572 917
573 1311
573 1342
573 1430
574 804
574 1349
575 823
576 1222
576 1433
577 777
577 1590
578 955
578 596
578 1367
580 713
580 989
581 860
582 1363
582 1454
582 1282
583 794
584 749
584 859
585 1215
585 588
585 1209
586 1343
586 1315
587 1246
587 1228
587 750
588 803
588 1225
589 963
589 1542
590 828
591 684
592 712
592 1076
593 865
593 1132
593 1010
594 1570
594 702
595 642
595 765
595 1584
596 1067
598 610
598 1425
599 1140
601 821
602 1529
602 1368
602 657
603 777
603 1596
603 1055
604 858
604 664
604 1319
605 1403
605 1331
606 887
606 1059
607 1541
607 1399
608 1305
608 675
608 1568
609 1055
610 922
611 619
611 975
611 880
612 1520
612 1575
612 959
613 1598
613 1159
613 644
614 1218
615 1245
615 905
616 1430
617 938
618 1562
620 671
620 1048
621 1521
621 1394
622 1348
622 1301
623 1516
623 1144
625 1261
625 1397
626 974
626 635
626 1146
627 889
627 1025
628 1057
629 1412
629 732
631 770
632 1045
632 906
633 792
633 1462
634 1248
634 1119
634 1111
635 652
635 756
636 692
636 909
637 1291
638 1542
638 1456
638 824
639 1108
639 1468
640 682
640 1278
641 1285
641 1230
641 1335
642 698
643 1258
643 1018
644 1416
644 881
645 1203
645 1402
646 1526
646 697
646 1227
647 1163
647 1226
647 831
648 716
648 1447
648 930
649 898
649 1112
649 727
650 797
650 1051
651 1578
652 966
653 1496
653 1276
654 695
654 972
654 955
655 997
656 1189
657 694
659 1437
660 1100
661 1199
661 855
662 1088
662 991
662 1335
663 913
663 1265
663 733
664 1455
665 1539
665 678
666 1021
666 917
666 1030
667 1324
667 1452
668 1158
668 1228
669 1191
669 1142
670 961
670 1562
671 745
672 1381
672 1211
674 1339
674 1560
674 1211
675 916
675 873
676 994
676 1537
677 997
678 1034
679 744
679 1597
679 965
680 921
680 1341
680 895
681 693
681 1267
681 1509
682 1112
683 795
683 974
684 870
685 1272
687 721
688 1012
689 1492
689 801
689 1509
690 1432
690 746
691 872
692 846
692 1313
693 1198
693 1168
694 897
695 715
695 959
697 712
697 911
698 1413
698 873
699 1410
699 1366
699 1335
700 758
700 1507
700 1093
701 836
701 1027
701 1065
702 1157
702 1038
703 1179
703 1007
703 935
704 1212
704 1479
704 1131
705 1007
707 1253
707 1207
708 841
708 1383
709 1368
709 867
711 1327
711 1010
711 884
712 1591
713 783
714 1504
714 1373
714 911
715 1310
715 728
716 1126
717 1496
718 1058
718 939
719 859
719 878
719 792
720 1545
720 1018
722 747
723 1094
723 1297
724 1531
725 1379
726 1526
726 743
727 1581
728 885
729 1457
729 1294
730 954
730 1599
731 1001
732 778
733 754
734 1270
734 851
734 996
735 772
735 1315
736 962
736 1261
738 1556
738 1581
738 1124
739 856
739 999
741 1442
741 982
742 982
742 1493
742 1079
744 1369
745 1181
745 1196
746 802
747 1508
748 1576
748 1466
748 1110
749 1137
750 1275
751 1443
751 1391
751 798
752 1146
752 1427
753 1533
754 1326
756 1580
756 1109
757 1232
757 1101
757 1547
758 1381
758 1128
759 1592
759 908
760 1588
760 1249
761 1426
761 1134
762 1297
762 808
763 1433
763 860
763 961
764 1066
765 1085
766 1041
766 915
768 947
769 842
769 1328
770 1122
770 1215
771 868
771 1505
772 909
773 871
773 1238
774 1042
774 1028
775 1302
775 855
775 1321
776 1160
777 1035
779 984
780 1580
781 1251
782 1453
782 909
784 1016
784 840
785 1037
785 787
786 1565
787 1558
787 1128
788 1472
788 868
789 1277
789 1267
790 1090
790 1336
791 1075
791 1084
792 1590
793 1421
793 956
793 1399
794 1321
794 1411
795 857
795 1311
797 1596
798 1547
799 1160
799 1305
800 941
800 932
801 1293
802 1239
804 1299
804 1514
805 1033
806 1210
807 1101
808 970
809 834
809 1564
810 1283
811 1127
811 1022
812 1589
813 1495
813 1017
814 1039
814 1452
815 1276
815 1575
815 1283
816 1076
816 1524
817 1334
817 1103
818 1051
819 1322
820 1233
820 894
820 1339
821 1013
823 1257
824 1365
824 1378
825 1567
825 902
827 1025
827 1136
828 1152
828 1159
829 1530
829 1314
830 1294
830 1114
831 944
832 1363
832 1333
833 861
833 1514
833 1164
835 1254
835 1576
835 1371
836 1355
837 1202
837 1204
838 980
838 1431
839 1325
839 1382
840 871
843 1084
843 861
844 1310
845 1419
845 1373
846 1586
847 937
848 1349
849 1525
850 1102
851 1024
852 1281
853 1154
854 1337
855 1359
856 1468
859 1189
860 924
862 987
864 1319
865 1070
866 946
866 1182
866 1078
868 1559
869 1550
869 1552
870 1460
871 1517
872 1327
874 1562
874 1000
874 1191
875 966
875 1031
876 1059
877 1286
877 883
878 934
878 1479
879 1177
880 1170
881 1053
882 1447
883 1123
884 1153
884 1493
885 1593
885 1233
886 1074
886 1034
887 1353
888 1594
888 1571
889 1150
890 899
890 1260
891 1089
891 1012
892 969
892 1443
893 1023
894 986
895 1582
895 1221
896 1567
898 1063
900 1026
900 1104
900 1021
901 1174
901 987
902 1251
903 1055
904 1448
905 1446
906 1077
907 1268
908 1425
908 1499
910 1517
910 1220
911 1205
912 1180
912 1482
913 929
914 1398
916 1062
918 1473
919 1151
919 1198
919 1243
920 1291
920 1480
920 985
921 1339
923 1185
923 1006
924 1577
925 1004
925 1552
926 1350
926 1206
927 1537
927 1202
928 1157
928 1238
929 1266
929 1259
930 1289
931 960
932 1544
933 1469
933 1161
935 1513
936 1006
936 1535
937 1371
938 1166
939 1566
940 1395
940 1512
941 1569
942 1241
942 1573
943 1346
944 1420
945 1176
946 1288
946 1037
947 1500
947 1471
949 1239
949 1438
950 1263
950 1340
951 1541
951 1543
952 1027
952 1579
953 1347
953 1216
954 981
957 1318
957 1397
958 1557
959 1106
960 1585
961 1015
962 1450
963 1426
963 979
964 1044
964 1408
965 1435
968 1352
968 1356
969 1437
969 997
970 1545
970 1273
971 987
971 1296
971 1532
972 1115
973 1123
973 1193
975 1176
975 1185
976 1439
976 1560
976 1540
978 1492
978 1396
980 1212
980 1219
981 1127
982 1139
985 1403
985 1329
986 1083
986 1548
988 1534
988 1044
989 1229
989 1395
990 1570
990 1132
991 1219
993 1117
993 1420
994 1406
995 1313
998 1353
999 1033
1001 1073
1003 1385
1003 1599
1003 1491
1004 1194
1005 1431
1006 1117
1008 1154
1008 1156
1008 1084
1009 1142
1011 1483
1011 1074
1012 1470
1013 1579
1014 1144
1015 1017
1015 1129
1019 1072
1019 1130
1019 1439
1020 1524
1021 1255
1022 1307
1023 1386
1023 1362
1024 1311
1025 1331
1026 1405
1026 1236
1028 1378
1028 1042
1029 1085
1029 1188
1029 1367
1030 1045
1031 1145
1032 1467
1032 1501
1033 1500
1036 1080
1036 1375
1038 1304
1039 1387
1039 1456
1040 1066
1040 1300
1041 1173
1042 1289
1043 1331
1045 1292
1046 1062
1046 1592
1047 1336
1047 1195
1048 1513
1048 1515
1049 1118
1050 1245
1050 1138
1051 1201
1052 1220
1052 1277
1053 1338
1053 1388
1054 1091
1054 1437
1054 1197
1056 1552
1058 1120
1060 1129
1060 1167
1061 1587
1061 1389
1061 1308
1063 1137
1064 1568
1065 1239
1066 1385
1067 1359
1067 1512
1070 1528
1071 1218
1072 1136
1072 1350
1073 1208
1073 1475
1075 1522
1077 1333
1078 1271
1079 1303
1081 1418
1081 1421
1081 1522
1082 1164
1083 1141
1083 1253
1085 1408
1087 1452
1088 1405
1090 1563
1091 1392
1092 1294
1093 1158
1094 1208
1096 1244
1097 1542
1097 1234
1097 1443
1098 1481
1098 1432
1100 1324
1102 1382
1102 1351
1103 1164
1104 1487
1105 1351
1106 1317
1107 1358
1107 1475
1107 1167
1108 1401
1109 1501
1109 1314
1110 1175
1111 1113
1111 1362
1113 1195
1114 1166
1115 1476
1116 1468
1117 1260
1118 1135
1118 1588
1119 1304
1120 1549
1121 1591
1122 1457
1122 1459
1123 1280
1124 1383
1125 1284
1126 1518
1126 1564
1127 1502
1128 1538
1130 1585
1131 1361
1131 1539
1133 1162
1134 1250
1134 1486
1137 1594
1138 1139
1138 1194
1139 1462
1140 1262
1141 1214
1143 1178
1143 1518
1144 1595
1146 1546
1149 1557
1150 1413
1151 1406
1152 1405
1152 1417
1153 1500
1155 1383
1156 1448
1157 1177
1159 1473
1162 1465
1163 1587
1165 1312
1165 1523
1165 1460
1166 1284
1167 1425
1168 1439
1169 1433
1170 1296
1170 1247
1171 1214
1171 1461
1174 1440
1174 1523
1175 1553
1176 1353
1178 1445
1179 1453
1180 1298
1182 1306
1183 1321
1183 1598
1183 1269
1184 1390
1184 1533
1185 1292
1188 1404
1189 1528
1190 1485
1191 1309
1193 1304
1194 1271
1196 1241
1198 1470
1199 1555
1199 1352
1200 1259
1200 1436
1200 1298
1201 1302
1202 1519
1203 1222
1205 1558
1209 1363
1209 1458
1210 1489
1210 1491
1211 1496
1212 1256
1213 1574
1214 1361
1217 1270
1219 1264
1220 1398
1221 1503
1223 1427
1225 1268
1226 1263
1227 1506
1228 1279
1229 1397
1231 1470
1232 1440
1233 1258
1235 1557
1240 1567
1241 1407
1242 1284
1242 1380
1243 1318
1244 1571
1245 1400
1252 1341
1253 1550
1254 1575
1255 1400
1260 1540
1264 1489
1265 1370
1268 1320
1269 1402
1272 1483
1273 1455
1274 1424
1274 1525
1276 1293
1278 1356
1280 1298
1280 1556
1285 1566
1285 1429
1286 1346
1288 1456
1290 1595
1290 1490
1291 1488
1295 1329
1300 1487
1302 1498
1306 1334
1307 1478
1308 1316
1312 1416
1316 1576
1317 1329
1319 1585
1322 1586
1323 1375
1324 1431
1326 1362
1330 1597
1332 1428
1333 1546
1341 1366
1343 1521
1346 1414
1347 1511
1350 1545
1351 1494
1352 1482
1356 1399
1358 1381
1360 1521
1365 1583
1366 1409
1371 1449
1374 1503
1377 1503
1377 1528
1379 1422
1387 1495
1391 1532
1392 1539
1393 1580
1400 1464
1404 1538
1409 1442
1409 1536
1411 1522
1413 1536
1415 1514
1417 1419
1429 1578
1430 1472
1434 1533
1435 1481
1435 1597
1436 1467
1440 1543
1442 1476
1444 1498
1448 1493
1449 1589
1460 1582
1465 1546
1477 1508
1477 1573
1478 1483
1484 1563
1492 1509
1494 1536
1497 1566
1504 1510
1511 1544
1512 1540
1513 1527
1515 1530
1529 1578
1534 1553
1537 1583
1559 1561
