0 667
0 640
0 1016
1 266
1 798
1 392
2 1078
2 775
2 1075
3 811
3 803
3 1279
4 1004
4 717
4 1087
5 328
5 649
5 513
6 364
6 197
6 354
7 341
7 1128
7 703
8 817
8 818
8 524
9 620
9 306
9 141
10 454
10 591
10 1022
11 224
11 197
11 783
12 307
12 1199
12 385
13 106
13 824
13 835
14 909
14 140
14 846
15 637
15 152
15 109
16 1112
16 342
16 666
17 229
17 354
17 125
18 416
18 294
18 381
19 435
19 987
19 159
20 1218
20 386
20 484
21 408
21 513
21 902
22 508
22 452
22 202
23 618
23 474
23 766
24 475
24 1190
24 801
25 280
25 241
25 1114
26 780
26 45
26 940
27 692
27 1146
27 1016
28 39
28 559
28 1045
29 104
29 371
29 232
30 446
30 108
30 1197
31 832
31 141
31 284
32 564
32 990
32 982
33 561
33 1147
33 379
34 147
34 1020
34 222
35 1278
35 255
35 677
36 1198
36 1026
36 776
37 1299
37 112
37 601
38 147
38 1261
38 106
39 149
39 1100
40 1258
40 708
40 1282
41 748
41 511
41 847
42 334
42 171
42 405
43 432
43 365
43 272
44 327
44 351
44 310
45 951
45 700
46 741
46 219
46 406
47 1095
47 714
47 616
48 69
48 1194
48 1280
49 672
49 593
49 862
50 130
50 333
50 775
51 455
51 258
51 1297
52 713
52 1046
52 220
53 1241
53 77
53 928
54 195
54 456
54 1110
55 1037
55 510
55 1291
56 509
56 635
56 1001
57 661
57 585
57 603
58 257
58 921
58 151
59 962
59 598
59 838
60 683
60 907
60 403
61 801
61 803
61 1024
62 312
62 913
62 164
63 234
63 864
63 1138
64 839
64 1024
64 1235
65 287
65 776
65 285
66 404
66 1001
66 647
67 911
67 1031
67 173
68 1287
68 374
68 876
69 148
69 1260
70 904
70 944
70 1155
71 1234
71 1105
71 277
72 440
72 1224
72 860
73 1156
73 1027
73 1167
74 713
74 409
74 1041
75 289
75 710
75 1206
76 310
76 554
76 505
77 1034
77 1299
78 1192
78 845
78 1054
79 552
79 1159
79 606
80 478
80 1276
80 1247
81 645
81 777
81 331
82 396
82 1170
82 820
83 1294
83 994
83 509
84 482
84 747
84 751
85 434
85 676
85 1127
86 533
86 816
86 522
87 610
87 488
87 348
88 441
88 919
88 1098
89 1148
89 1208
89 385
90 861
90 191
90 503
91 694
91 553
91 623
92 526
92 218
92 641
93 629
93 973
93 104
94 190
94 481
94 1268
95 102
95 1196
95 1022
96 596
96 578
96 155
97 645
97 498
97 674
98 279
98 227
98 384
99 527
99 762
99 930
100 1154
100 152
100 763
101 306
101 198
101 192
102 500
102 370
103 1010
103 108
103 434
104 504
105 616
105 169
105 544
106 960
107 516
107 199
107 977
108 337
109 989
109 397
110 906
110 247
110 372
111 378
111 698
111 403
112 784
112 787
113 843
113 274
113 1059
114 476
114 724
114 397
115 825
115 210
115 452
116 1194
116 681
116 190
117 131
117 896
117 751
118 1285
118 711
118 1040
119 435
119 164
119 576
120 308
120 178
120 911
121 536
121 921
121 502
122 1008
122 644
122 335
123 375
123 1101
123 1133
124 331
124 303
124 361
125 1092
125 587
126 353
126 342
126 1002
127 1195
127 623
127 574
128 1093
128 446
128 1088
129 290
129 326
129 186
130 1175
130 407
131 874
131 1120
132 604
132 1189
132 1182
133 843
133 1264
133 604
134 1099
134 542
134 908
135 880
135 857
135 1082
136 1267
136 233
136 986
137 1013
137 1070
137 369
138 1255
138 728
138 387
139 251
139 873
139 1295
140 842
140 556
141 1005
142 215
142 481
142 286
143 954
143 528
143 724
144 811
144 282
144 1202
145 684
145 643
145 537
146 1114
146 487
146 259
147 770
148 301
148 445
149 1245
149 941
150 1219
150 1088
150 929
151 1210
151 231
152 960
153 1111
153 355
153 466
154 1069
154 1228
154 955
155 1212
155 856
156 461
156 321
156 235
157 642
157 1237
157 590
158 347
158 425
158 859
159 1043
159 804
160 742
160 1140
160 215
161 1123
161 1077
161 1122
162 405
162 893
162 166
163 855
163 352
163 1156
164 221
165 314
165 492
165 1097
166 196
166 1159
167 1250
167 462
167 562
168 881
168 1225
168 928
169 932
169 532
170 681
170 619
170 325
171 534
171 1064
172 1071
172 327
172 429
173 1137
173 621
174 482
174 826
174 369
175 300
175 183
175 229
176 380
176 690
176 1246
177 1073
177 313
177 578
178 618
178 661
179 547
179 508
179 1113
180 605
180 483
180 1161
181 865
181 337
181 558
182 412
182 785
182 918
183 922
183 293
184 1177
184 427
184 757
185 416
185 959
185 1158
186 235
186 1118
187 377
187 777
187 942
188 420
188 884
188 1285
189 496
189 393
189 1020
190 1031
191 874
191 393
192 718
192 730
193 682
193 979
193 1059
194 1082
194 776
194 219
195 325
195 418
196 736
196 992
197 533
198 887
198 827
199 1142
199 216
200 974
200 1107
200 1092
201 736
201 797
201 367
202 345
202 805
203 789
203 1220
203 1121
204 836
204 1032
204 1132
205 1146
205 236
205 346
206 915
206 943
206 999
207 461
207 697
207 1062
208 1237
208 725
208 338
209 1068
209 912
209 1186
210 1218
210 691
211 1005
211 227
211 318
212 852
212 868
212 275
213 1052
213 881
213 243
214 555
214 470
214 1000
215 1298
216 695
216 599
217 900
217 331
217 621
218 692
218 495
219 613
220 802
220 231
221 948
221 246
222 1273
222 844
223 1113
223 903
223 982
224 315
224 1233
225 309
225 1247
225 294
226 856
226 1110
226 1266
227 900
228 339
228 901
228 1100
229 1204
230 571
230 507
230 564
231 781
232 1144
232 1028
233 540
233 741
234 1173
234 1152
235 330
236 1259
236 967
237 1147
237 908
237 1185
238 1049
238 774
238 466
239 485
239 309
239 662
240 374
240 1070
240 412
241 931
241 558
242 276
242 521
242 926
243 427
243 265
244 1169
244 455
244 1063
245 454
245 487
245 437
246 290
246 949
247 1153
247 431
248 736
248 453
248 654
249 734
249 350
249 869
250 441
250 599
250 965
251 1022
251 843
252 1183
252 302
252 380
253 728
253 422
253 281
254 726
254 1086
254 569
255 1268
255 355
256 267
256 972
256 1200
257 716
257 1183
258 1150
258 723
259 1102
259 699
260 580
260 429
260 981
261 600
261 413
261 1148
262 696
262 1071
262 1093
263 336
263 526
263 498
264 948
264 712
264 449
265 1115
265 894
266 672
266 961
267 1200
267 670
268 280
268 1065
268 483
269 494
269 807
269 1106
270 518
270 1105
270 1085
271 1025
271 786
271 1110
272 1281
272 492
273 1069
273 577
273 1128
274 521
274 702
275 718
275 879
276 1295
276 570
277 629
277 923
278 465
278 1099
278 836
279 930
279 1125
280 596
281 1068
281 420
282 886
282 911
283 724
283 625
283 307
284 962
284 356
285 866
285 349
286 818
286 633
287 443
287 689
288 410
288 1097
288 546
289 605
289 768
290 1275
291 885
291 1017
291 394
292 1239
292 1088
292 737
293 1172
293 1009
294 556
295 1228
295 339
295 753
296 988
296 946
296 496
297 952
297 535
297 784
298 737
298 343
298 421
299 503
299 606
299 378
300 500
300 887
301 703
301 338
302 1059
302 642
303 985
303 1264
304 649
304 563
304 915
305 1120
305 1155
305 759
306 1047
307 850
308 533
308 489
309 472
310 1054
311 1157
311 594
311 505
312 761
312 400
313 707
313 993
314 1217
314 664
315 856
315 451
316 953
316 867
316 950
317 939
317 600
317 492
318 815
318 976
319 609
319 932
319 647
320 715
320 727
320 575
321 376
321 1269
322 1203
322 414
322 744
323 827
323 1240
323 734
324 498
324 810
324 1198
325 401
326 1296
326 690
327 1076
328 634
328 1009
329 1272
329 1230
329 727
330 543
330 550
332 668
332 893
332 531
333 555
333 491
334 1127
334 1171
335 420
335 806
336 1250
336 691
337 1159
338 1192
339 1123
340 354
340 512
340 636
341 1051
341 1124
342 1042
343 741
343 1126
344 1029
344 1243
344 637
345 1214
345 686
346 1066
346 993
347 872
347 1013
348 1176
348 522
349 356
349 973
350 1204
350 480
351 632
351 720
352 1045
352 424
353 1250
353 601
355 552
356 854
357 1216
357 767
357 861
358 399
358 589
358 1277
359 898
359 1277
359 1267
360 821
360 728
360 430
361 1257
361 523
362 986
362 407
362 1138
363 1284
363 1288
363 1277
364 757
364 1021
365 543
365 1180
366 1217
366 1299
366 1025
367 725
367 520
368 614
368 1091
368 421
369 1098
370 1214
370 1014
371 372
371 506
372 517
373 589
373 579
373 1033
374 937
375 853
375 1242
376 1166
376 1236
377 727
377 745
378 411
379 1163
379 532
380 1179
381 1216
381 1281
382 1164
382 515
382 1072
383 1263
383 1211
383 938
384 768
384 773
385 1115
386 705
386 864
387 1036
387 712
388 1182
388 612
388 593
389 453
389 880
389 536
390 1283
390 811
390 490
391 1293
391 987
391 1056
392 1096
392 656
393 1004
394 1016
394 1132
395 502
395 1142
395 686
396 535
396 913
397 1265
398 735
398 1292
398 587
399 825
399 507
400 660
400 1009
401 1224
401 807
402 671
402 497
402 863
403 858
404 1151
404 463
405 611
406 763
406 686
407 684
408 479
408 1043
409 1119
409 1145
410 546
410 562
411 1083
411 781
412 707
413 1095
413 791
414 475
414 1281
415 458
415 1266
415 849
416 1266
417 652
417 631
417 1174
418 460
418 710
419 858
419 708
419 679
421 848
422 754
422 1186
423 1204
423 700
423 591
424 577
424 535
425 840
425 1131
426 433
426 1162
426 1095
427 1274
428 678
428 1055
428 739
429 677
430 604
430 970
431 456
431 1184
432 583
432 592
433 449
433 1028
434 753
435 683
436 1044
436 806
436 971
437 499
437 632
438 518
438 1040
438 658
439 1081
439 904
439 1196
440 579
440 923
441 918
442 720
442 559
442 754
443 1210
443 1102
444 1030
444 1234
444 946
445 700
445 795
446 1213
447 1191
447 721
447 998
448 1192
448 907
448 961
449 769
450 1297
450 451
450 497
451 1172
452 459
453 1294
454 1118
455 684
456 1106
457 1238
457 963
457 866
458 568
458 527
459 666
459 657
460 794
460 937
461 469
462 630
462 1040
463 798
463 574
464 792
464 970
464 951
465 822
465 714
466 1149
467 1090
467 625
467 761
468 1222
468 1126
468 936
469 512
469 479
470 563
470 809
471 642
471 1219
471 945
472 1227
472 515
473 711
473 934
473 1278
474 789
474 573
475 658
476 1255
476 495
477 1026
477 652
477 1238
478 537
478 826
479 677
480 493
480 499
481 897
482 1107
483 990
484 504
484 838
485 821
485 835
486 1032
486 1183
486 746
487 1145
488 687
488 878
489 658
489 953
490 678
490 891
491 972
491 1193
493 1273
493 1149
494 1121
494 950
495 923
496 1108
497 1200
499 1202
500 1151
501 692
501 1115
501 555
502 1178
503 977
504 918
505 1084
506 746
506 1158
507 610
508 788
509 1232
510 871
510 1271
511 877
511 1078
512 992
513 1067
514 788
514 835
514 549
515 651
516 1141
516 1098
517 965
517 519
518 1003
519 1102
519 1027
520 1160
520 1129
521 675
522 957
523 926
523 749
524 747
524 1188
525 989
525 848
525 1047
526 674
527 634
528 878
528 747
529 976
529 772
529 1248
530 970
530 611
530 975
531 746
531 1058
532 885
534 1177
534 597
536 540
537 1226
538 540
538 1284
538 1232
539 1052
539 773
539 851
541 1081
541 557
541 1176
542 1155
542 1290
543 571
544 714
544 761
545 1154
545 551
545 819
546 723
547 1011
547 662
548 633
548 1136
548 751
549 817
549 1251
550 1037
550 663
551 1251
551 869
552 899
553 1230
553 1181
554 664
554 1221
556 996
557 1236
557 565
558 876
559 740
560 1084
560 1074
560 910
561 600
561 1222
562 774
563 1225
564 745
565 1229
565 1054
566 1235
566 875
566 1195
567 682
567 1178
567 654
568 892
568 636
569 653
569 733
570 997
570 731
571 638
572 617
572 800
572 1288
573 1259
573 819
574 964
575 1284
575 1071
576 1205
576 1247
577 828
578 1273
579 610
580 1212
580 984
581 606
581 850
581 1018
582 1263
582 1298
582 1006
583 936
583 961
584 1203
584 998
584 758
585 729
585 1150
586 782
586 883
586 884
587 834
588 1061
588 985
588 734
589 1028
590 919
590 1118
591 650
592 1197
592 1013
593 732
594 743
594 1297
595 1175
595 801
595 752
596 615
597 990
597 886
598 1283
598 1249
599 979
601 925
602 901
602 1080
602 812
603 1039
603 865
605 1224
607 1060
607 870
607 786
608 655
608 1096
608 905
609 1038
609 1213
611 752
612 944
612 617
613 783
613 1007
614 1046
614 1067
615 980
615 949
616 1188
617 1262
618 1058
619 804
619 628
620 739
620 836
621 703
622 934
622 1160
622 1104
623 800
624 1036
624 848
624 820
625 1269
626 765
626 732
626 924
627 1048
627 753
627 631
628 809
628 1239
629 1049
630 1199
630 896
631 825
632 905
633 648
634 1005
635 748
635 1280
636 1089
637 669
638 1215
638 956
639 1129
639 1257
639 1135
640 702
640 888
641 1007
641 1143
643 702
643 795
644 1217
644 1103
645 697
646 1134
646 949
646 1279
647 1190
648 948
648 806
649 772
650 1292
650 676
651 830
651 1042
652 729
653 1271
653 1206
654 1046
655 1079
655 1023
656 1286
656 988
657 804
657 821
659 1164
659 757
659 1269
660 1123
660 1014
661 863
662 1173
663 1100
663 782
664 972
665 816
665 916
665 1072
666 1034
667 1035
667 1015
668 693
668 794
669 1057
669 974
670 742
670 1195
671 1231
671 1296
672 903
673 1070
673 1181
673 1076
674 1199
675 1075
675 840
676 925
678 936
679 688
679 1272
680 715
680 785
680 1017
681 1048
682 1242
683 1065
685 1081
685 1185
685 942
687 912
687 755
688 769
688 1150
689 799
689 1090
690 750
691 1101
693 1136
693 815
694 755
694 966
695 832
695 1035
696 946
696 1039
697 968
698 951
698 1261
699 722
699 737
701 983
701 1240
701 1196
704 925
704 922
704 1011
705 1164
705 1078
706 929
706 1056
706 1278
707 766
708 860
709 1080
709 1175
709 1262
710 814
711 1207
712 885
713 1008
715 823
716 802
716 1149
717 1232
717 1211
718 1091
719 863
719 1055
719 1254
720 1117
721 1018
721 1000
722 1073
722 1202
723 812
725 827
726 820
726 1112
729 866
730 1080
730 1029
731 833
731 812
732 1002
733 1270
733 1106
735 831
735 1207
738 1236
738 1064
738 1178
739 1228
740 890
740 1023
742 1063
743 1275
743 1215
744 785
744 915
745 1138
748 1218
749 772
749 808
750 935
750 1087
752 1287
754 889
755 799
756 916
756 797
756 920
758 1143
758 958
759 1083
759 1142
760 1212
760 850
760 852
762 1214
762 910
763 1298
764 1169
764 877
764 956
765 942
765 1165
766 1089
767 862
767 1265
768 891
769 1006
770 1226
770 1152
771 981
771 1179
771 1251
773 940
774 1144
775 1223
777 952
778 865
778 1132
778 1203
779 1295
779 1044
779 781
780 1097
780 926
782 966
783 955
784 1257
786 841
787 1031
787 1253
788 834
789 1113
790 1094
790 842
790 845
791 1230
791 1223
792 873
792 846
793 891
793 1116
793 1161
794 1119
795 819
796 895
796 995
796 807
797 1191
798 977
799 868
800 1030
802 964
803 831
805 1294
805 1034
808 1206
808 958
809 1252
810 1241
810 824
813 980
813 895
813 1160
814 847
814 844
815 1003
816 1043
817 1168
818 898
822 1114
822 1289
823 1119
823 903
824 1293
826 828
828 929
829 920
829 1056
829 1189
830 938
830 1050
831 1282
832 1258
833 837
833 1021
834 1197
837 1248
837 956
838 1193
839 927
839 1153
840 1190
841 1053
841 1086
842 902
844 1068
845 899
846 1256
847 1176
849 976
849 1265
851 901
851 855
852 1092
853 1171
853 1063
854 1163
854 872
855 1289
857 906
857 1001
858 1242
859 966
859 861
860 1165
862 1271
864 1057
867 1207
867 1272
868 1101
869 953
870 1168
870 968
871 897
871 1133
872 1096
873 1171
874 909
875 1126
875 1012
876 1174
877 1051
878 1267
879 954
879 1044
880 1010
881 1104
882 1075
882 1254
882 1051
883 1180
883 1225
884 931
886 1029
887 1133
888 1085
888 959
889 1282
889 1124
890 1089
890 1148
892 935
892 1131
893 1213
894 933
894 927
895 1042
896 1240
897 1010
898 940
899 1087
900 1083
902 1147
904 1050
905 1127
906 1209
907 1061
908 1291
909 1165
910 1057
912 1019
913 1033
914 1014
914 1252
914 998
916 1112
917 1248
917 973
917 1141
919 1194
920 1067
921 995
922 933
924 1019
924 1166
927 1209
928 1128
930 1137
931 1130
932 1037
933 963
934 1002
935 1023
937 1187
938 1216
939 1162
939 1134
941 983
941 1189
943 1274
943 983
944 1231
945 1052
945 1039
947 1090
947 950
947 1260
952 1154
954 1239
955 1264
957 984
957 1245
958 1038
959 1111
960 1157
962 1104
963 967
964 1263
965 1139
967 1135
968 1223
969 1290
969 999
969 1058
971 1139
971 1253
974 1094
975 997
975 1136
978 1229
978 1173
978 1129
979 1222
980 1062
981 1060
982 1255
984 1117
985 987
986 1109
988 1121
989 1139
991 992
991 1085
991 1157
993 1270
994 1021
994 1187
995 1017
996 1050
996 1027
997 1292
999 1229
1000 1045
1003 1244
1004 1065
1006 1060
1007 1256
1008 1074
1011 1262
1012 1286
1012 1243
1015 1084
1015 1260
1018 1241
1019 1108
1020 1258
1024 1152
1025 1291
1026 1079
1030 1072
1032 1094
1033 1161
1035 1256
1036 1235
1038 1076
1041 1073
1041 1120
1047 1125
1048 1231
1049 1276
1053 1107
1053 1283
1055 1205
1061 1261
1062 1252
1064 1130
1066 1290
1066 1130
1069 1124
1074 1184
1077 1105
1077 1226
1079 1270
1082 1116
1086 1170
1091 1276
1093 1158
1099 1182
1103 1288
1103 1134
1108 1167
1109 1151
1109 1219
1111 1246
1116 1201
1117 1170
1122 1193
1122 1201
1125 1293
1131 1237
1135 1141
1137 1279
1140 1220
1140 1145
1143 1146
1144 1163
1153 1275
1156 1259
1162 1174
1166 1280
1167 1208
1168 1172
1169 1274
1177 1285
1179 1238
1180 1234
1181 1243
1184 1249
1185 1286
1186 1205
1187 1244
1188 1208
1191 1244
1198 1221
1201 1209
1210 1233
1211 1246
1215 1249
1220 1268
1221 1254
1227 1253
1227 1289
1233 1245
1287 1296
