0 470
0 79
0 2074
1 675
1 41
1 992
2 632
2 439
2 1690
3 723
3 1397
3 417
4 133
4 235
4 2103
5 419
5 1678
5 863
6 2003
6 142
6 1302
7 1045
7 2055
7 1870
8 384
8 1344
8 1412
9 1005
9 191
9 437
10 394
10 558
10 1450
11 1512
11 1554
11 1632
12 1588
12 305
12 2240
13 1556
13 1976
13 138
14 1483
14 1606
14 2037
15 2288
15 836
15 858
16 1934
16 1924
16 1220
17 1261
17 1971
17 419
18 1715
18 900
18 2120
19 343
19 617
19 973
20 1758
20 629
20 1921
21 2104
21 1159
21 907
22 40
22 1137
22 1482
23 1722
23 1463
23 1276
24 1226
24 2077
24 1284
25 1457
25 1403
25 60
26 1996
26 2232
26 690
27 1410
27 1657
27 49
28 1214
28 171
28 1674
29 115
29 448
29 1598
30 589
30 1531
30 1402
31 803
31 1519
31 915
32 774
32 1603
32 876
33 789
33 1885
33 1635
34 235
34 866
34 1616
35 272
35 1388
35 1201
36 1097
36 1023
36 1292
37 230
37 983
37 2056
38 1112
38 1547
38 194
39 1761
39 1377
39 813
40 1358
40 1988
41 404
41 1902
42 610
42 1289
42 2283
43 166
43 1237
43 73
44 1946
44 1957
44 517
45 841
45 558
45 669
46 1665
46 1326
46 1771
47 1744
47 1408
47 1452
48 158
48 573
48 2139
49 1042
49 237
50 1846
50 1985
50 564
51 1659
51 2156
51 844
52 1059
52 1258
52 1792
53 865
53 760
53 870
54 626
54 1490
54 1469
55 560
55 2149
55 1601
56 263
56 2053
56 1061
57 940
57 2200
57 85
58 978
58 991
58 1062
59 1053
59 1709
59 1410
60 561
60 1601
61 2118
61 1249
61 1588
62 487
62 2067
62 1586
63 93
63 744
63 1038
64 2054
64 670
64 1764
65 168
65 1538
65 576
66 1088
66 76
66 1535
67 98
67 398
67 1611
68 1502
68 72
68 987
69 801
69 2028
69 720
70 1324
70 492
70 1339
71 90
71 1019
71 381
72 1047
72 961
73 873
73 1705
74 199
74 1106
74 2256
75 279
75 1329
75 374
76 2229
76 1617
77 567
77 1519
77 704
78 950
78 1152
78 1079
79 2013
79 1699
80 1644
80 718
80 1663
81 1922
81 478
81 1340
82 1839
82 955
82 1563
83 1144
83 1369
83 587
84 1208
84 1078
84 973
85 923
85 686
86 297
86 594
86 2021
87 2049
87 795
87 2212
88 350
88 566
88 141
89 2262
89 1273
89 847
90 451
90 246
91 510
91 2277
91 437
92 421
92 1513
92 2142
93 1874
93 1729
94 609
94 543
94 568
95 368
95 445
95 944
96 238
96 482
96 151
97 436
97 1943
97 1259
98 2133
98 1178
99 2038
99 1190
99 353
100 1779
100 1705
100 2027
101 283
101 2210
101 121
102 1098
102 264
102 410
103 1560
103 914
103 1059
104 1056
104 2092
104 1557
105 892
105 1880
105 1264
106 319
106 599
106 1650
107 806
107 1932
107 1548
108 1192
108 1931
108 445
109 1445
109 2123
109 777
110 982
110 1945
110 238
111 754
111 835
111 514
112 1370
112 1344
112 1467
113 1746
113 159
113 1346
114 921
114 981
114 2181
115 1126
115 1587
116 462
116 501
116 1790
117 1270
117 1634
117 289
118 1961
118 973
118 1636
119 2059
119 728
119 1900
120 849
120 1503
120 796
121 1728
121 212
122 2092
122 1907
122 2171
123 1351
123 359
123 570
124 1586
124 1641
124 2219
125 209
125 1599
125 843
126 1379
126 183
126 1373
127 2189
127 2014
127 2278
128 1745
128 2179
128 2269
129 1195
129 1152
129 866
130 644
130 1277
130 1511
131 959
131 162
131 2226
132 160
132 1829
132 2037
133 1425
133 1215
134 695
134 1179
134 871
135 1079
135 1260
135 324
136 1851
136 715
136 793
137 339
137 1567
137 741
138 2236
138 1239
139 651
139 1776
139 1253
140 972
140 2297
140 1868
141 416
141 826
142 832
142 2203
143 2251
143 1392
143 1835
144 1171
144 425
144 1421
145 963
145 2234
145 1892
146 1442
146 1398
146 1731
147 468
147 295
147 1104
148 1050
148 1140
148 1990
149 1241
149 1849
149 479
150 1130
150 1608
150 298
151 1120
151 328
152 2133
152 1738
152 1828
153 380
153 1893
153 547
154 1001
154 742
154 558
155 2169
155 1982
155 635
156 949
156 1415
156 1441
157 1456
157 1749
157 1827
158 1160
158 282
159 1887
159 403
160 1521
160 364
161 757
161 1455
161 904
162 2118
162 1343
163 458
163 2254
163 1060
164 1424
164 1923
164 864
165 348
165 1304
165 1371
166 571
166 2208
167 2213
167 229
167 225
168 1971
168 2023
169 1989
169 1243
169 1777
170 2114
170 1696
170 2289
171 927
171 1864
172 522
172 2035
172 1882
173 672
173 664
173 1185
174 1619
174 208
174 967
175 881
175 2027
175 518
176 895
176 952
176 1639
177 356
177 616
177 870
178 1039
178 1778
178 1944
179 912
179 1157
179 1499
180 1495
180 1705
180 451
181 1546
181 2172
181 1962
182 2180
182 577
182 1712
183 2299
183 598
184 725
184 2272
184 776
185 2136
185 362
185 775
186 292
186 1594
186 1853
187 331
187 2234
187 2079
188 1952
188 1676
188 2080
189 1300
189 707
189 651
190 760
190 1587
190 231
191 1665
191 1179
192 705
192 630
192 800
193 2051
193 1621
193 392
194 867
194 505
195 1832
195 500
195 2081
196 880
196 1729
196 2109
197 1594
197 1191
197 552
198 492
198 839
198 1360
199 1061
199 2132
200 2101
200 763
200 2241
201 1464
201 730
201 2276
202 1739
202 494
202 1358
203 1897
203 1834
203 1955
204 1465
204 983
204 249
205 1168
205 849
205 430
206 473
206 894
206 2167
207 1997
207 315
207 1352
208 974
208 820
209 1472
209 691
210 822
210 236
210 1212
211 1858
211 1474
211 626
212 509
212 1438
213 560
213 675
213 1810
214 1052
214 832
214 1928
215 471
215 2151
215 531
216 306
216 537
216 300
217 1820
217 2266
217 2223
218 1543
218 2241
218 346
219 1286
219 1127
219 939
220 1672
220 1472
220 912
221 539
221 367
221 1934
222 1432
222 2020
222 1966
223 1325
223 666
223 1717
224 243
224 1878
224 1765
225 896
225 524
226 904
226 1063
226 944
227 972
227 634
227 1630
228 1854
228 243
228 498
229 809
229 1235
230 1365
230 1970
231 1123
231 860
232 953
232 987
232 400
233 1395
233 1141
233 258
234 1839
234 773
234 460
235 1660
236 1038
236 1869
237 2284
237 576
238 2168
239 1897
239 1527
239 933
240 406
240 1027
240 621
241 654
241 1781
241 1341
242 411
242 787
242 1603
243 1792
244 889
244 1419
244 374
245 1884
245 1851
245 1276
246 1317
246 944
247 1416
247 271
247 513
248 2013
248 1475
248 2066
249 2066
249 1936
250 2216
250 810
250 337
251 1049
251 1030
251 1452
252 2103
252 2252
252 2009
253 1157
253 1722
253 2231
254 1848
254 548
254 413
255 1765
255 1152
255 1397
256 332
256 1028
256 906
257 1664
257 391
257 688
258 1161
258 661
259 1213
259 479
259 425
260 890
260 2204
260 1245
261 519
261 1134
261 1441
262 1012
262 1466
262 1907
263 1683
263 520
264 1578
264 888
265 916
265 1400
265 587
266 2124
266 1850
266 1855
267 605
267 465
267 392
268 660
268 565
268 1126
269 308
269 582
269 990
270 1330
270 301
270 1087
271 406
271 698
272 538
272 1937
273 958
273 1931
273 1910
274 2209
274 1296
274 628
275 1785
275 674
275 968
276 1034
276 1174
276 2079
277 367
277 1559
277 1002
278 2042
278 1350
278 2168
279 1521
279 523
280 1678
280 1706
280 1642
281 2078
281 1391
281 2034
282 747
282 378
283 775
283 706
284 2292
284 1789
284 809
285 1639
285 1565
285 2283
286 869
286 486
286 1775
287 475
287 1913
287 1196
288 1808
288 2234
288 1651
289 1092
289 1495
290 1418
290 868
290 1031
291 662
291 929
291 1294
292 1383
292 722
293 1686
293 1951
293 1435
294 697
294 1865
294 2195
295 680
295 540
296 580
296 329
296 1437
297 936
297 1534
298 1533
298 1174
299 2156
299 1423
299 1809
300 1144
300 2088
301 693
301 1151
302 1816
302 362
302 1382
303 2057
303 2062
303 1470
304 860
304 1995
304 2085
305 1148
305 2127
306 1392
306 1097
307 1132
307 1747
307 1994
308 1400
308 1090
309 1214
309 642
309 909
310 1876
310 1266
310 463
311 920
311 1327
311 957
312 1351
312 532
312 1570
313 2179
313 355
313 2272
314 2099
314 1728
314 706
315 1822
315 441
316 572
316 2158
316 1621
317 1187
317 2105
317 1296
318 1519
318 1145
318 1003
319 2265
319 2101
320 504
320 1347
320 400
321 1529
321 677
321 1925
322 1899
322 691
322 1320
323 2173
323 1227
323 976
324 575
324 2138
325 2208
325 1395
325 1497
326 670
326 1564
326 961
327 2296
327 1681
327 1716
328 2096
328 781
329 1308
329 1465
330 853
330 1551
330 1733
331 916
331 1570
332 831
332 2220
333 2201
333 649
333 1967
334 429
334 1415
334 1725
335 1966
335 1085
335 1824
336 2002
336 1983
336 1687
337 1875
337 1857
338 1425
338 2233
338 2111
339 1654
339 616
340 827
340 483
340 1244
341 926
341 637
341 417
342 649
342 508
342 724
343 1075
343 1456
344 607
344 1735
344 438
345 1713
345 998
345 796
346 1680
346 822
347 2286
347 1737
347 1357
348 844
348 1739
349 1538
349 1685
349 453
350 2215
350 1732
351 1915
351 1306
351 1987
352 2215
352 1339
352 1715
353 759
353 1009
354 1300
354 523
354 1186
355 734
355 364
356 671
356 1251
357 1790
357 1077
357 668
358 797
358 1285
358 1661
359 1616
359 1187
360 585
360 1677
360 1820
361 2090
361 1131
361 1167
362 1798
363 1107
363 1414
363 2220
364 1641
365 1492
365 528
365 992
366 788
366 1956
366 568
367 1864
368 1707
368 1862
369 1621
369 2141
369 545
370 2060
370 1768
370 1215
371 677
371 1463
371 1146
372 644
372 1991
372 1739
373 1771
373 1164
373 1032
374 701
375 2061
375 2077
375 868
376 1726
376 1110
376 577
377 1394
377 1916
377 1411
378 1524
378 1357
379 953
379 851
379 1175
380 1575
380 2172
381 621
381 429
382 819
382 484
382 830
383 448
383 1583
383 2148
384 1281
384 503
385 1890
385 1782
385 1572
386 2270
386 2251
386 1199
387 658
387 1332
387 719
388 786
388 1018
388 2202
389 2095
389 642
389 1375
390 451
390 1311
390 584
391 1125
391 1609
392 1978
393 1614
393 1833
393 1698
394 639
394 2247
395 1760
395 1590
395 446
396 1803
396 926
396 719
397 913
397 881
397 1113
398 464
398 1138
399 1947
399 1895
399 1734
400 2089
401 934
401 1245
401 717
402 418
402 1657
402 798
403 2059
403 1088
404 965
404 2253
405 540
405 1758
405 1332
406 1446
407 2264
407 889
407 2091
408 1866
408 943
408 1862
409 1061
409 877
409 1754
410 1914
410 1717
411 1752
411 1024
412 956
412 1033
412 815
413 770
413 1653
414 1468
414 761
414 1703
415 1419
415 982
415 1953
416 1788
416 2190
417 2082
418 1619
418 1526
419 1788
420 592
420 771
420 1490
421 1239
421 559
422 2032
422 1847
422 1836
423 1667
423 2186
423 1455
424 2276
424 1440
424 1561
425 1034
426 2092
426 439
426 740
427 2274
427 1505
427 1618
428 776
428 1320
428 1204
429 2121
430 1254
430 1411
431 1917
431 2084
431 2066
432 746
432 1903
432 1840
433 1598
433 2253
433 2145
434 1913
434 857
434 466
435 1481
435 895
435 1618
436 1444
436 1314
437 2006
438 2112
438 1099
439 1477
440 774
440 1980
440 627
441 1756
441 815
442 1704
442 699
442 1089
443 1761
443 1211
443 1618
444 1666
444 1302
444 1544
445 1248
446 786
446 1089
447 967
447 1567
447 1471
448 2245
449 1531
449 1493
449 2254
450 494
450 693
450 1240
452 1178
452 1062
452 1759
453 1287
453 1885
454 974
454 1667
454 1392
455 2260
455 1058
455 1201
456 1177
456 1949
456 2041
457 1401
457 1414
457 1844
458 1428
458 1695
459 2098
459 1814
459 806
460 1615
460 979
461 2033
461 2055
461 1688
462 1134
462 959
463 1242
463 1629
464 1830
464 1746
465 475
465 520
466 1166
466 802
467 1698
467 1448
467 1760
468 1206
468 1118
469 2295
469 2239
469 1154
470 1888
470 854
471 1697
471 1036
472 2239
472 687
472 1386
473 1356
473 1617
474 1991
474 583
474 1024
475 1422
476 2252
476 1427
476 2001
477 929
477 942
477 1135
478 2002
478 1388
479 1085
480 703
480 1402
480 1248
481 2178
481 2030
481 1986
482 1118
482 1167
483 540
483 2056
484 692
484 2131
485 496
485 965
485 2211
486 663
486 519
487 1775
487 1824
488 1036
488 2296
488 1371
489 1013
489 2039
489 855
490 2039
490 805
490 1576
491 607
491 1679
491 1711
492 1000
493 653
493 1841
493 970
494 1085
495 1537
495 502
495 1985
496 1515
496 1104
497 755
497 1007
497 2265
498 699
498 2105
499 1645
499 918
499 1735
500 1825
500 2111
501 1727
501 2163
502 1786
502 701
503 1938
503 1498
504 1409
504 657
505 598
505 1835
506 930
506 1574
506 1037
507 2118
507 613
507 1805
508 1478
508 1928
509 554
509 1653
510 1469
510 2073
511 1834
511 1893
511 1079
512 1947
512 791
512 2126
513 993
513 2032
514 1184
514 1281
515 1686
515 1103
515 1279
516 1675
516 1877
516 1009
517 1793
517 1888
518 552
518 2089
519 782
520 2096
521 1368
521 1767
521 1539
522 1041
522 1585
523 1926
524 1138
524 898
525 1944
525 2025
525 2052
526 2086
526 1759
526 1564
527 1235
527 676
527 1818
528 877
528 1091
529 730
529 1226
529 872
530 1262
530 649
530 2124
531 1108
531 1121
532 825
532 1220
533 2291
533 694
533 1687
534 1143
534 630
534 1988
535 1886
535 1460
535 1595
536 1585
536 1433
536 1666
537 1455
537 898
538 1006
538 598
539 1965
539 1588
541 2038
541 1236
541 1049
542 782
542 2282
542 2249
543 555
543 571
544 998
544 1862
544 1283
545 985
545 1968
546 1605
546 845
546 1389
547 1510
547 709
548 678
548 925
549 1078
549 808
549 1538
550 561
550 1911
550 1580
551 1755
551 596
551 1106
552 1607
553 1896
553 1336
553 767
554 889
554 1499
555 1579
555 1094
556 1903
556 2172
556 1720
557 1965
557 1131
557 1895
559 1272
559 1048
560 2154
561 574
562 1315
562 756
562 1585
563 597
563 1381
563 841
564 910
564 2235
565 1883
565 1791
566 2289
566 1640
567 1892
567 1494
568 1509
569 1266
569 2164
569 1229
570 1688
570 1052
571 2183
572 1928
572 970
573 1818
573 1201
574 1685
574 1122
575 945
575 596
576 1634
577 2217
578 2189
578 1716
578 2237
579 1865
579 1113
579 1819
580 1429
580 1533
581 1906
581 984
581 2230
582 1298
582 2053
583 1571
583 1421
584 1311
584 1111
585 797
585 1353
586 1137
586 1624
586 977
587 715
588 638
588 1261
588 1374
589 1105
589 1540
590 2016
590 2024
590 823
591 607
591 1008
591 1154
592 1247
592 2233
593 1770
593 1253
593 1277
594 1312
594 1259
595 927
595 1675
595 1225
596 669
597 2056
597 1825
599 1030
599 1524
600 1836
600 1838
600 2175
601 2150
601 1795
601 659
602 884
602 1832
602 2187
603 1901
603 1711
603 814
604 817
604 1268
604 2222
605 2014
605 2000
606 812
606 690
606 1258
608 2012
608 727
608 683
609 624
609 792
610 1963
610 1186
611 1856
611 1342
611 1267
612 1595
612 1385
612 2106
613 1643
613 1800
614 1208
614 950
614 1800
615 2235
615 1083
615 1738
616 1042
617 1913
617 1053
618 907
618 2089
618 1385
619 1861
619 932
619 1691
620 1223
620 1671
620 1738
621 1335
622 1381
622 828
622 958
623 1388
623 842
623 1206
624 1008
624 2149
625 2155
625 1241
625 1908
626 1381
627 1808
627 1919
628 1361
628 1267
629 1914
629 2087
630 1934
631 1617
631 2101
631 1740
632 1765
632 1372
633 2047
633 1510
633 838
634 1171
634 1153
635 1577
635 876
636 1232
636 1325
636 1622
637 1794
637 2114
638 764
638 1855
639 710
639 2059
640 1429
640 1363
640 1387
641 2009
641 1946
641 2188
642 851
643 1897
643 1903
643 1631
644 680
645 2198
645 946
645 695
646 1584
646 2022
646 1393
647 701
647 828
647 718
648 2002
648 1807
648 1039
650 1595
650 1123
650 687
651 736
652 1764
652 749
652 1927
653 1922
653 2021
654 1192
654 2090
655 1168
655 1933
655 790
656 722
656 1163
656 1498
657 739
657 2000
658 1619
658 2162
659 2157
659 1518
660 1905
660 1600
661 723
661 664
662 1197
662 1433
663 1051
663 1217
664 1612
665 2259
665 1780
665 1227
666 2007
666 1686
667 2282
667 1592
667 1297
668 1753
668 1428
669 1746
670 1230
671 1144
671 1166
672 1396
672 1608
673 1255
673 1819
673 2065
674 1950
674 1643
675 867
676 2067
676 1374
677 2290
678 2128
678 1997
679 2070
679 1622
679 1536
680 1726
681 880
681 1961
681 1634
682 915
682 1696
682 1293
683 2029
683 1127
684 1205
684 1010
684 726
685 1377
685 1060
685 1879
686 1469
686 1369
687 809
688 720
688 1217
689 1189
689 805
689 1708
690 2039
691 1486
692 962
692 2026
693 918
694 867
694 2107
695 1319
696 779
696 1541
696 883
697 762
697 1535
698 1070
698 1218
699 1276
700 1564
700 1387
700 1712
702 2113
702 1500
702 1832
703 1160
703 2198
704 1673
704 1090
705 928
705 2065
706 2036
707 2174
707 1251
708 1281
708 1827
708 1872
709 1725
709 975
710 1936
710 1528
711 743
711 1969
711 2061
712 2145
712 2264
712 1154
713 1785
713 1589
713 864
714 1210
714 1553
714 1343
715 1328
716 905
716 1091
716 2075
717 1250
717 1197
718 881
719 1295
720 1119
721 1522
721 1910
721 2246
722 1497
723 1630
724 807
724 1407
725 1819
725 2195
726 1095
726 1680
727 1119
727 742
728 1317
728 766
729 1196
729 738
729 2085
730 2147
731 1881
731 1181
731 1293
732 1087
732 1499
732 1037
733 1440
733 2074
733 1271
734 2083
734 2200
735 902
735 787
735 1438
736 2075
736 1331
737 1707
737 1423
737 1319
738 1207
738 1101
739 1563
739 1553
740 1124
740 1107
741 1636
741 1279
742 2299
743 1011
743 2148
744 1362
744 1059
745 1905
745 1430
745 1500
746 1165
746 1614
747 1883
747 802
748 1830
748 1776
748 1318
749 1562
749 1987
750 863
750 1613
750 1958
751 893
751 2217
751 753
752 1189
752 1518
752 1532
753 1335
753 1667
754 1647
754 1558
755 886
755 2136
756 2028
756 1467
757 1540
757 814
758 1866
758 1014
758 894
759 1424
759 820
760 922
761 1966
761 2049
762 1534
762 1646
763 1622
763 1801
764 1076
764 1826
765 2166
765 2135
765 1016
766 2193
766 1613
767 2144
767 1032
768 802
768 1918
768 1691
769 1083
769 2262
769 1543
770 1848
770 801
771 1367
771 1972
772 1975
772 1328
772 1309
773 1577
773 1045
774 1942
775 795
776 1312
777 1451
777 1049
778 1633
778 1234
778 1115
779 2048
779 1422
780 1319
780 1979
780 1478
781 1830
781 1078
782 872
783 1974
783 1921
783 1376
784 1607
784 2027
784 1660
785 790
785 1287
785 1413
786 1883
787 1188
788 1241
788 1644
789 2225
789 1344
790 1542
791 2150
791 1122
792 1105
792 1407
793 931
793 2033
794 1977
794 2237
794 1920
795 1620
796 2012
797 2205
798 1702
798 1175
799 1068
799 2268
799 2271
800 1168
800 1884
801 1155
803 1509
803 1506
804 1234
804 2097
804 1216
805 1919
806 878
807 2185
807 1080
808 1800
808 1576
810 1129
810 1282
811 1406
811 1895
811 938
812 2107
812 1413
813 1316
813 1486
814 1400
815 1931
816 1559
816 2290
816 2274
817 903
817 1048
818 1927
818 1583
818 1596
819 2044
819 2139
820 1064
821 1194
821 1956
821 1977
822 1094
823 1403
823 1458
824 2206
824 1265
824 2125
825 873
825 2008
826 1979
826 1532
827 1238
827 894
828 1308
829 2010
829 2157
829 1068
830 1598
830 1147
831 1984
831 1139
832 1417
833 2157
833 951
833 1481
834 2084
834 2194
834 1778
835 1939
835 931
836 1876
836 2060
837 2150
837 1480
837 1584
838 1093
838 1569
839 994
839 1638
840 1561
840 2225
840 2263
841 1580
842 994
842 1178
843 2236
843 1113
844 1696
845 1806
845 1433
846 2232
846 1055
846 1272
847 1554
847 1479
848 1421
848 1272
848 2199
849 887
850 1984
850 1280
850 2219
851 1308
852 1337
852 1228
852 1334
853 1542
853 2117
854 1177
854 936
855 1304
855 1234
856 1404
856 2025
856 859
857 1345
857 2260
858 1684
858 1797
859 1503
859 1364
860 1016
861 2087
861 1230
861 1148
862 1130
862 1096
862 984
863 1967
864 1964
865 1773
865 1856
866 1669
868 940
869 1128
869 1440
870 1255
871 941
871 2129
872 1875
873 1955
874 1170
874 2218
874 964
875 2212
875 1936
875 1013
876 1847
877 1813
878 2209
878 985
879 1877
879 1314
879 2218
880 2192
882 1141
882 1942
882 1050
883 1245
883 1128
884 2279
884 1844
885 1863
885 1721
885 1473
886 1636
886 1428
887 1569
887 1880
888 1408
888 1809
890 1768
890 2085
891 950
891 2221
891 1211
892 1980
892 1904
893 1460
893 1256
895 1102
896 1645
896 1722
897 904
897 1190
897 1263
898 1583
899 1283
899 1716
899 1021
900 1995
900 1750
901 1309
901 1979
901 1691
902 1017
902 1399
903 2205
903 1315
905 1129
905 1207
906 932
906 2036
907 1852
908 1021
908 1992
908 1045
909 1501
909 1316
910 1723
910 1280
911 1909
911 1944
911 1506
912 1495
913 1548
913 2162
914 925
914 1460
915 1735
916 2048
917 2047
917 919
917 2147
918 1280
919 1912
919 920
920 1914
921 2273
921 1905
922 1370
922 1419
923 2076
923 1957
924 2295
924 2054
924 2258
925 1808
926 1853
927 1292
928 961
928 1886
929 1581
930 1246
930 1274
931 1466
932 1649
933 1159
933 1070
934 1963
934 1445
935 948
935 2011
935 1805
936 2183
937 1640
937 2035
937 1389
938 2265
938 1706
939 1969
939 2292
940 1850
941 2201
941 2170
942 1278
942 1269
943 1391
943 1114
945 1740
945 1501
946 1065
946 1861
947 1662
947 2168
947 1505
948 1136
948 2185
949 1225
949 1749
951 1660
951 1350
952 2119
952 1840
953 1582
954 1075
954 2258
954 1674
955 1546
955 1295
956 1990
956 1632
957 1125
957 1648
958 1505
959 2283
960 1353
960 1320
960 1233
962 2022
962 1341
963 2215
963 1554
964 1750
964 976
965 1697
966 1581
966 1767
966 2102
967 1620
968 2250
968 1777
969 2045
969 1086
969 1023
970 2017
971 1449
971 2222
971 2115
972 1668
974 1935
975 1378
975 1689
976 1405
977 1681
977 1565
978 1229
978 1149
979 2057
979 1322
980 1291
980 1860
980 2291
981 1366
981 1646
982 2241
983 1894
984 1289
985 1483
986 1310
986 1246
986 1347
987 2067
988 1522
988 1355
988 1853
989 1802
989 1948
989 1122
990 1871
990 2249
991 1200
991 1180
992 1752
993 2071
993 1629
994 1262
995 1408
995 2203
995 2291
996 2255
996 2213
996 1044
997 1071
997 1041
997 1628
998 1743
999 1420
999 1823
999 1627
1000 1202
1000 2294
1001 2023
1001 1992
1002 2020
1002 1857
1003 2226
1003 2090
1004 1852
1004 1496
1004 1124
1005 1068
1005 1489
1006 1077
1006 1145
1007 1972
1007 1025
1008 2094
1009 1524
1010 1337
1010 2137
1011 1121
1011 1307
1012 1573
1012 1410
1013 1075
1014 2094
1014 2061
1015 1310
1015 1198
1015 1821
1016 1797
1017 2076
1017 1018
1018 2286
1019 1826
1019 2116
1020 2048
1020 2227
1020 1169
1021 1708
1022 2229
1022 2045
1022 1330
1023 1786
1024 1693
1025 1295
1025 1894
1026 1526
1026 1028
1026 1764
1027 1754
1027 1602
1028 1645
1029 1220
1029 1102
1029 1399
1030 1310
1031 1998
1031 1164
1032 1359
1033 1859
1033 1435
1034 1199
1035 2017
1035 1454
1035 1575
1036 1176
1037 1040
1038 2064
1039 2148
1040 1183
1040 2244
1041 1552
1042 1454
1043 1694
1043 1729
1043 1243
1044 1904
1044 1921
1046 1874
1046 1743
1046 1216
1047 1072
1047 1218
1048 1674
1050 1957
1051 1840
1051 1550
1052 1376
1053 1179
1054 2197
1054 2221
1054 1233
1055 2068
1055 2202
1056 1253
1056 2083
1057 2100
1057 1307
1057 1211
1058 2236
1058 1193
1060 1646
1062 1298
1063 1939
1063 2153
1064 2278
1064 1382
1065 1631
1065 1518
1066 1354
1066 1183
1066 1669
1067 1378
1067 1416
1067 1816
1069 1134
1069 2249
1069 1668
1070 1088
1071 1520
1071 1584
1072 2043
1072 2117
1073 1838
1073 1926
1073 2060
1074 1493
1074 1529
1074 1100
1076 1925
1076 1100
1077 1954
1080 1545
1080 2100
1081 2169
1081 1623
1081 1380
1082 2108
1082 1694
1082 1232
1083 1932
1084 1956
1084 1650
1084 1100
1086 1412
1086 2097
1087 2167
1089 1491
1090 1947
1091 1887
1092 2023
1092 1920
1093 1659
1093 1676
1094 1637
1095 2228
1095 1338
1096 1641
1096 2297
1097 2108
1098 1504
1098 1396
1099 1720
1099 2298
1101 1151
1101 1316
1102 1457
1103 2004
1103 1365
1104 1300
1105 1457
1106 1289
1107 1244
1108 1846
1108 1509
1109 1678
1109 2160
1109 2261
1110 2018
1110 1657
1111 1182
1111 1115
1112 1867
1112 2112
1114 1941
1114 1814
1115 2211
1116 1872
1116 1718
1116 1184
1117 1348
1117 2208
1117 1560
1118 1736
1119 1689
1120 1383
1120 2076
1121 1935
1123 1364
1124 1983
1125 2273
1126 1390
1127 1823
1128 1960
1129 1932
1130 1537
1131 1823
1132 2095
1132 2010
1133 2140
1133 1536
1133 1362
1135 1625
1135 1607
1136 1413
1136 1697
1137 1549
1138 2207
1139 1855
1139 1151
1140 1976
1140 1145
1141 2127
1142 2158
1142 1266
1142 1654
1143 1244
1143 2144
1146 1258
1146 2277
1147 1848
1147 1260
1148 1902
1149 1557
1149 1464
1150 1352
1150 1960
1150 1815
1153 1486
1153 2281
1155 1231
1155 1525
1156 1990
1156 1299
1156 1367
1157 2043
1158 1923
1158 1471
1158 2194
1159 1918
1160 1322
1161 2162
1161 1612
1162 2292
1162 2252
1162 1724
1163 2006
1163 1623
1164 1372
1165 2294
1165 2044
1166 2181
1167 1520
1169 1635
1169 1806
1170 1758
1170 1496
1171 1776
1172 2109
1172 1533
1172 2184
1173 1185
1173 2189
1173 2159
1174 1658
1175 1465
1176 1917
1176 1721
1177 2114
1180 1222
1180 1343
1181 1492
1181 1275
1182 1375
1182 1450
1183 1349
1184 1600
1185 1891
1186 2180
1187 1994
1188 1756
1188 1993
1189 1744
1190 1783
1191 1297
1191 2204
1192 2093
1193 1993
1193 1605
1194 1706
1194 1556
1195 2022
1195 1586
1196 2211
1197 1515
1198 1609
1198 1209
1199 2182
1200 2015
1200 2160
1202 2018
1202 1424
1203 1361
1203 2013
1203 1329
1204 2046
1204 1938
1205 1434
1205 2160
1206 2004
1207 1740
1208 1865
1209 1257
1209 1713
1210 2113
1210 1648
1212 1259
1212 1991
1213 2031
1213 2131
1214 1683
1215 1747
1216 1322
1217 1596
1218 1268
1219 1871
1219 1288
1219 1663
1221 1633
1221 1571
1221 1256
1222 1773
1222 1817
1223 1625
1223 2251
1224 1339
1224 2270
1224 1602
1225 1466
1226 1781
1227 1333
1228 1275
1228 1924
1229 1741
1230 2246
1231 2007
1231 2284
1232 1841
1233 1793
1235 1998
1236 1704
1236 1754
1237 1791
1237 1695
1238 1570
1238 2004
1239 1278
1240 1860
1240 1346
1242 2086
1242 2138
1243 1306
1246 1922
1247 2280
1247 1609
1248 1313
1249 1795
1249 1541
1250 1378
1250 2040
1251 1824
1252 2134
1252 1664
1252 1369
1254 2077
1254 1340
1255 2298
1256 1700
1257 2242
1257 2100
1260 1762
1261 2121
1262 1477
1263 1331
1263 1787
1264 1405
1264 2267
1265 2198
1265 1516
1267 1628
1268 1375
1269 1480
1269 1389
1270 2255
1270 1341
1271 1959
1271 2220
1273 1955
1273 1293
1274 1675
1274 1930
1275 1742
1277 1311
1278 1981
1279 2014
1282 2113
1282 2232
1283 1305
1284 2052
1284 2191
1285 1472
1285 2267
1286 1707
1286 1544
1287 2243
1288 1591
1288 1751
1290 2268
1290 1684
1290 1603
1291 2102
1291 1386
1292 2121
1294 1756
1294 1833
1296 1337
1297 2126
1298 1579
1299 1770
1299 2001
1301 1629
1301 2041
1301 1718
1302 2098
1303 1689
1303 2050
1303 1906
1304 2129
1305 2164
1305 1974
1306 1760
1307 1417
1309 1373
1312 1795
1313 1597
1313 1863
1314 1494
1315 1572
1317 1398
1318 1783
1318 1437
1321 2264
1321 2224
1321 1996
1323 1777
1323 1489
1323 2242
1324 1761
1324 1420
1325 2231
1326 1403
1326 1899
1327 1568
1327 2207
1328 2161
1329 1945
1330 2228
1331 1497
1332 1366
1333 1724
1333 1854
1334 1379
1334 1681
1335 1604
1336 1677
1336 1810
1338 1998
1338 2159
1340 2259
1342 1615
1342 1837
1345 1730
1345 1791
1346 2145
1347 1511
1348 1355
1348 1871
1349 1782
1349 1968
1350 2080
1351 2221
1352 2106
1353 2199
1354 1801
1354 2224
1355 2161
1356 2108
1356 2071
1357 1959
1358 2130
1359 1741
1359 1626
1360 1374
1360 2037
1361 1468
1362 1461
1363 1639
1363 2174
1364 1812
1365 1712
1366 1748
1367 1541
1368 1427
1368 1915
1370 1597
1371 1435
1372 2209
1373 2178
1376 1799
1377 2063
1379 1792
1380 2177
1380 1989
1382 1384
1383 2192
1384 1943
1384 1719
1385 1514
1386 1714
1387 1890
1390 2055
1390 1721
1391 1521
1393 1510
1393 2142
1394 1478
1394 1967
1395 1563
1396 1866
1397 1652
1398 2182
1399 1566
1401 1436
1401 1581
1402 2200
1404 1965
1404 1946
1405 1593
1406 2227
1406 1479
1407 2196
1409 1492
1409 1978
1411 1774
1412 1656
1414 1476
1415 2280
1416 1418
1417 1854
1418 2269
1420 1692
1422 1632
1423 2046
1425 1432
1426 2116
1426 2086
1426 2206
1427 1719
1429 1901
1430 1592
1430 1540
1431 1663
1431 1688
1431 1976
1432 2248
1434 1804
1434 2257
1436 2064
1436 1982
1437 2147
1438 1543
1439 1973
1439 2079
1439 1516
1441 2262
1442 1975
1442 2163
1443 2015
1443 1763
1443 1831
1444 1590
1444 2103
1445 2016
1446 1611
1446 2143
1447 1951
1447 1453
1447 2269
1448 1453
1448 1627
1449 1526
1449 2123
1450 1487
1451 1614
1451 2170
1452 1480
1453 2152
1454 1774
1456 1493
1458 1532
1458 1594
1459 1881
1459 1573
1459 2161
1461 1736
1461 1659
1462 2247
1462 1877
1462 2144
1463 2177
1464 1726
1467 2177
1468 2082
1470 1981
1470 1952
1471 2138
1473 2228
1473 1699
1474 1826
1474 1896
1475 1818
1475 1530
1476 1682
1476 2007
1477 2112
1479 1658
1481 1578
1482 2073
1482 1528
1483 1690
1484 1870
1484 1803
1484 1929
1485 1654
1485 2284
1485 1961
1487 2109
1487 2106
1488 1647
1488 1535
1488 1694
1489 1599
1490 2078
1491 1813
1491 2041
1494 2094
1496 1962
1498 2253
1500 1703
1501 1779
1502 1527
1502 1512
1503 1715
1504 2257
1504 1948
1506 2124
1507 2068
1507 1672
1507 1975
1508 2260
1508 1821
1508 1954
1511 1950
1512 1741
1513 1723
1513 1919
1514 2149
1514 2053
1515 2058
1516 1517
1517 1711
1517 1786
1520 1553
1522 1906
1523 2017
1523 2105
1523 2293
1525 2240
1525 1702
1527 2207
1528 2098
1529 1558
1530 1616
1530 1927
1531 1737
1534 2111
1536 2069
1537 1733
1539 2021
1539 2030
1542 1547
1544 2063
1545 1652
1545 1909
1546 1742
1547 1562
1548 1727
1549 2130
1549 2137
1550 1606
1550 1661
1551 1615
1551 1970
1552 1769
1552 2193
1555 1770
1555 1814
1555 2069
1556 1911
1557 1873
1558 1900
1559 1994
1560 2102
1561 1580
1562 2125
1565 2176
1566 2243
1566 1949
1567 1680
1568 1725
1568 1687
1569 2250
1571 2179
1572 2248
1573 1781
1574 1999
1574 1747
1575 1806
1576 1977
1577 2243
1578 1892
1579 2261
1582 1748
1582 1784
1587 2019
1589 1911
1589 1766
1590 1796
1591 1993
1591 1661
1592 1693
1593 1604
1593 2035
1596 1769
1597 1847
1599 1938
1600 1859
1601 2180
1602 1630
1604 1673
1605 1745
1606 2287
1608 1723
1610 1851
1610 1779
1610 2146
1611 2128
1612 1751
1613 1803
1620 1858
1623 2005
1624 2233
1624 1948
1625 1724
1626 2210
1626 1670
1627 1676
1628 1894
1631 2045
1633 1720
1635 1637
1637 1843
1638 1843
1638 2196
1640 2275
1642 2240
1642 2165
1643 1710
1644 2280
1647 2214
1648 1831
1649 1898
1649 1700
1650 2267
1651 2288
1651 2049
1652 1943
1653 2104
1655 1868
1655 1841
1655 1785
1656 1912
1656 2195
1658 2246
1662 1734
1662 1710
1664 1864
1665 2062
1666 2019
1668 1813
1669 2072
1670 2032
1670 2097
1671 1718
1671 2096
1672 1878
1673 1762
1677 1798
1679 2020
1679 1995
1682 1941
1682 1759
1683 2116
1684 2299
1685 2165
1690 2110
1692 2203
1692 2248
1693 1713
1695 1910
1698 2175
1699 2088
1700 1888
1701 1831
1701 1997
1701 2212
1702 2272
1703 1958
1704 1869
1708 1949
1709 2176
1709 2230
1710 2184
1714 1744
1714 1945
1717 2178
1719 1861
1727 2031
1728 1898
1730 1778
1730 2167
1731 2135
1731 1784
1732 1767
1732 1960
1733 2153
1734 2298
1736 2071
1737 1863
1742 2142
1743 2011
1745 2174
1748 2273
1749 1953
1750 2285
1751 2008
1752 2062
1753 2070
1753 2258
1755 1915
1755 1874
1757 1850
1757 2122
1757 1882
1762 1766
1763 1811
1763 2088
1766 2120
1768 2034
1769 1959
1771 1916
1772 1804
1772 2238
1772 1796
1773 2239
1774 2210
1775 2217
1780 1784
1780 2083
1782 1815
1783 1867
1787 2143
1787 2095
1788 2063
1789 2170
1789 1867
1790 2146
1793 1962
1794 2287
1794 1968
1796 2266
1797 2245
1798 1951
1799 1992
1799 2141
1801 1950
1802 1935
1802 1909
1804 1845
1805 2224
1807 2065
1807 2110
1809 2276
1810 2126
1811 1846
1811 2281
1812 1842
1812 2043
1815 2218
1816 2205
1817 2075
1817 2158
1820 2279
1821 2166
1822 2016
1822 1828
1825 2278
1827 1907
1828 2070
1829 2140
1829 2146
1833 2042
1834 2024
1835 2003
1836 1983
1837 2125
1837 1941
1838 2197
1839 1933
1842 2036
1842 1882
1843 2009
1844 2190
1845 2254
1845 2279
1849 2163
1849 2294
1852 2115
1856 2072
1857 1880
1858 1940
1859 1984
1860 1878
1868 2028
1869 2001
1870 2238
1872 2051
1873 1971
1873 2132
1875 2025
1876 2123
1879 1908
1879 2263
1881 2024
1884 2129
1885 1964
1886 2091
1887 2005
1889 1902
1889 1970
1889 2015
1890 2151
1891 2034
1891 2175
1893 2171
1896 2119
1898 1964
1899 2026
1900 2058
1901 2042
1904 2277
1908 2182
1912 2242
1916 1999
1917 2134
1918 2229
1920 2081
1923 2050
1924 2173
1925 1999
1926 2029
1929 1986
1929 1969
1930 2128
1930 2166
1933 2143
1937 2155
1937 2222
1939 2206
1940 2164
1940 2285
1942 2040
1952 2051
1953 2187
1954 2271
1958 2093
1963 2259
1972 2008
1973 2082
1973 2099
1974 2156
1978 2191
1980 2139
1981 2038
1982 2255
1985 2136
1986 2127
1987 2247
1988 2223
1989 2099
1996 2152
2000 2289
2003 2196
2005 2201
2006 2132
2010 2134
2011 2046
2012 2154
2018 2029
2019 2047
2026 2227
2030 2268
2031 2084
2033 2199
2040 2213
2044 2052
2050 2285
2054 2131
2057 2237
2058 2152
2064 2188
2068 2107
2069 2214
2072 2181
2073 2256
2074 2192
2078 2140
2080 2169
2081 2159
2087 2091
2093 2141
2104 2244
2110 2214
2115 2245
2117 2119
2120 2263
2122 2151
2122 2153
2130 2261
2133 2135
2137 2223
2154 2165
2155 2293
2171 2191
2173 2186
2176 2250
2183 2256
2184 2235
2185 2216
2186 2190
2187 2293
2188 2238
2193 2271
2194 2231
2197 2257
2202 2286
2204 2275
2216 2281
2219 2296
2225 2274
2226 2275
2230 2290
2244 2282
2266 2297
2270 2295
2287 2288
