0 7
0 1227
0 543
1 1358
1 36
1 1220
2 419
2 880
2 784
3 1377
3 577
3 508
4 527
4 252
4 753
5 526
5 792
5 280
6 63
6 723
6 68
7 993
7 383
8 295
8 789
8 163
9 778
9 1277
9 365
10 319
10 369
10 1130
11 1106
11 1364
11 20
12 344
12 736
12 392
13 1226
13 1051
13 702
14 1128
14 1029
14 998
15 458
15 1100
15 1093
16 1188
16 476
16 545
17 1031
17 337
17 266
18 330
18 377
18 456
19 1256
19 650
19 707
20 121
20 622
21 453
21 272
21 537
22 285
22 70
22 1228
23 86
23 299
23 957
24 936
24 265
24 1274
25 783
25 366
25 842
26 1365
26 1151
26 382
27 540
27 708
27 559
28 990
28 837
28 166
29 1069
29 961
29 1011
30 644
30 353
30 34
31 72
31 901
31 408
32 696
32 1182
32 142
33 772
33 864
33 91
34 810
34 1340
35 59
35 444
35 656
36 447
36 582
37 1383
37 1261
37 181
38 804
38 1271
38 842
39 970
39 561
39 677
40 211
40 82
40 217
41 140
41 741
41 1392
42 929
42 752
42 120
43 751
43 917
43 1022
44 547
44 827
44 1081
45 954
45 362
45 132
46 236
46 1339
46 660
47 632
47 1230
47 673
48 423
48 270
48 373
49 955
49 957
49 554
50 459
50 207
50 1100
51 398
51 463
51 528
52 116
52 757
52 64
53 1164
53 659
53 793
54 70
54 1252
54 615
55 307
55 673
55 135
56 377
56 771
56 846
57 783
57 1325
57 1316
58 400
58 358
58 129
59 763
59 822
60 1094
60 644
60 1364
61 985
61 700
61 287
62 1246
62 127
62 385
63 783
63 1338
64 95
64 1092
65 85
65 451
65 1311
66 1257
66 740
66 268
67 1264
67 516
67 1371
68 705
68 1108
69 549
69 828
69 1093
70 422
71 140
71 342
71 849
72 243
72 1173
73 708
73 1264
73 1133
74 688
74 1142
74 1024
75 963
75 512
75 1356
76 1384
76 415
76 1340
77 486
77 914
77 498
78 1020
78 1317
78 1384
79 209
79 711
79 1200
80 1150
80 315
80 1233
81 608
81 406
81 145
82 692
82 820
83 1206
83 184
83 1371
84 995
84 533
84 1290
85 183
85 88
86 691
86 92
87 674
87 1330
87 857
88 1399
88 353
89 440
89 1118
89 878
90 848
90 225
90 317
91 1019
91 1221
92 1113
92 520
93 495
93 321
93 1332
94 635
94 264
94 795
95 304
95 1272
96 421
96 1315
96 1187
97 1063
97 120
97 464
98 347
98 1396
98 177
99 991
99 664
99 587
100 1214
100 797
100 1185
101 231
101 1267
101 125
102 919
102 603
102 1354
103 864
103 1305
103 1332
104 263
104 858
104 303
105 583
105 1247
105 390
106 915
106 672
106 164
107 397
107 1277
107 1184
108 794
108 1237
108 1317
109 676
109 977
109 416
110 683
110 1152
110 712
111 519
111 1152
111 405
112 514
112 847
112 1159
113 826
113 532
113 1041
114 1062
114 375
114 803
115 436
115 261
115 885
116 458
116 136
117 634
117 439
117 152
118 558
118 588
118 942
119 1307
119 428
119 885
120 1209
121 814
121 275
122 258
122 1289
122 1204
123 574
123 838
123 1098
124 286
124 774
124 538
125 323
125 1309
126 840
126 1273
126 470
127 1039
127 1185
128 753
128 910
128 1260
129 454
129 357
130 1049
130 1137
130 511
131 1181
131 1250
131 604
132 437
132 1236
133 1287
133 497
133 1327
134 243
134 176
134 895
135 396
135 265
136 1234
136 234
137 861
137 542
137 1073
138 229
138 804
138 803
139 178
139 214
139 273
140 383
141 350
141 660
141 581
142 696
142 299
143 771
143 1147
143 499
144 1339
144 903
144 420
145 1279
145 279
146 194
146 937
146 320
147 335
147 1273
147 231
148 316
148 936
148 892
149 909
149 1389
149 1293
150 1135
150 1124
150 288
151 281
151 1044
151 907
152 1144
152 752
153 1096
153 1262
153 593
154 709
154 565
154 1386
155 1089
155 720
155 216
156 1104
156 887
156 690
157 651
157 376
157 1030
158 1285
158 888
158 1329
159 1191
159 855
159 1288
160 1016
160 340
160 1157
161 1248
161 413
161 1278
162 987
162 1311
162 1255
163 402
163 711
164 1216
164 538
165 287
165 378
165 512
166 583
166 1294
167 1094
167 507
167 642
168 1164
168 901
168 476
169 370
169 1211
169 1136
170 867
170 924
170 1120
171 485
171 687
171 621
172 715
172 331
172 779
173 413
173 1308
173 901
174 298
174 390
174 1000
175 619
175 984
175 569
176 760
176 1097
177 318
177 796
178 1306
178 261
179 965
179 495
179 534
180 956
180 672
180 1156
181 1323
181 218
182 575
182 1216
182 1072
183 501
183 211
184 473
184 444
185 1156
185 504
185 302
186 756
186 253
186 1249
187 361
187 728
187 1260
188 966
188 716
188 784
189 1001
189 1224
189 260
190 1300
190 221
190 1182
191 244
191 1130
191 832
192 852
192 292
192 1307
193 242
193 896
193 1119
194 949
194 1138
195 1368
195 1254
195 716
196 636
196 606
196 797
197 258
197 875
197 386
198 493
198 843
198 1297
199 1262
199 250
199 1227
200 847
200 794
200 808
201 384
201 1071
201 1327
202 1394
202 283
202 661
203 461
203 1367
203 813
204 230
204 416
204 1380
205 479
205 1102
205 1189
206 740
206 489
206 832
207 293
207 710
208 1187
208 1102
208 440
209 1348
209 928
210 841
210 303
210 1257
211 732
212 1190
212 986
212 252
213 1127
213 1375
213 928
214 469
214 220
215 745
215 273
215 420
216 554
216 675
217 750
217 1218
218 703
218 467
219 237
219 557
219 995
220 694
220 1193
221 812
221 1322
222 1131
222 1376
222 371
223 859
223 1350
223 558
224 834
224 829
224 806
225 1301
225 640
226 474
226 1349
226 688
227 1105
227 869
227 430
228 551
228 511
228 930
229 739
229 434
230 942
230 510
231 815
232 734
232 844
232 523
233 667
233 741
233 862
234 472
234 869
235 567
235 1242
235 992
236 1385
236 829
237 976
237 953
238 889
238 1023
238 896
239 1213
239 1359
239 1273
240 977
240 429
240 860
241 1252
241 712
241 1245
242 445
242 1163
243 900
244 1336
244 957
245 669
245 1266
245 605
246 1261
246 1399
246 826
247 325
247 913
247 1015
248 249
248 1209
248 1303
249 338
249 1190
250 818
250 800
251 560
251 1256
251 1128
252 969
253 1048
253 945
254 1342
254 429
254 1046
255 1104
255 1050
255 459
256 628
256 1258
256 801
257 657
257 1040
257 1141
258 771
259 507
259 1046
259 967
260 534
260 1191
261 996
262 602
262 882
262 1379
263 866
263 1223
264 1218
264 1398
265 1235
266 1370
266 1214
267 1191
267 893
267 1135
268 1034
268 936
269 364
269 379
269 457
270 810
270 414
271 745
271 296
271 380
272 619
272 1143
273 727
274 1126
274 621
274 653
275 635
275 326
276 1104
276 952
276 468
277 499
277 871
277 762
278 1259
278 564
278 1244
279 1123
279 851
280 975
280 371
281 1068
281 355
282 745
282 449
282 907
283 789
283 517
284 402
284 1088
284 363
285 321
285 1324
286 699
286 1183
287 448
288 319
288 1114
289 969
289 1168
289 1018
290 1354
290 651
290 918
291 839
291 553
291 308
292 1026
292 1116
293 1162
293 438
294 1357
294 808
294 1174
295 1106
295 1027
296 1364
296 792
297 668
297 933
297 493
298 1221
298 795
299 788
300 404
300 717
300 1323
301 786
301 613
301 325
302 1229
302 971
303 920
304 736
304 363
305 909
305 676
305 1195
306 825
306 356
306 338
307 691
307 1290
308 918
308 1182
309 798
309 600
309 579
310 570
310 1000
310 333
311 474
311 426
311 571
312 333
312 1177
312 408
313 381
313 714
313 949
314 1183
314 560
314 1170
315 388
315 718
316 1352
316 1147
317 646
317 1032
318 892
318 702
319 588
320 992
320 905
321 1302
322 693
322 625
322 980
323 1280
323 1083
324 580
324 648
324 857
325 498
326 572
326 685
327 862
327 779
327 429
328 341
328 563
328 473
329 1255
329 671
329 465
330 617
330 1124
331 1350
331 773
332 1227
332 929
332 475
333 1242
334 1268
334 652
334 643
335 535
335 1367
336 1012
336 1388
336 732
337 1226
337 404
338 399
339 861
339 929
339 1085
340 477
340 681
341 1042
341 1276
342 1095
342 680
343 513
343 424
343 1303
344 644
344 578
345 1397
345 980
345 848
346 1362
346 839
346 521
347 1006
347 1190
348 990
348 1304
348 1129
349 1396
349 855
349 955
350 520
350 375
351 914
351 992
351 712
352 740
352 379
352 1020
353 781
354 549
354 773
354 893
355 1081
355 445
356 1222
356 1007
357 590
357 1352
358 1032
358 724
359 431
359 761
359 1162
360 749
360 401
360 1243
361 856
361 845
362 1075
362 994
363 1022
364 1380
364 917
365 517
365 719
366 1392
366 1315
367 1389
367 1212
367 743
368 1163
368 1210
368 1224
369 758
369 577
370 1263
370 481
371 581
372 509
372 728
372 455
373 630
373 577
374 707
374 999
374 1397
375 983
376 1314
376 630
377 604
378 952
378 667
379 1337
380 591
380 1146
381 1208
381 1036
382 1217
382 625
383 750
384 546
384 1065
385 972
385 1318
386 1178
386 1301
387 1280
387 1014
387 621
388 1291
388 647
389 465
389 684
389 731
390 1240
391 1325
391 636
391 1235
392 993
392 427
393 1176
393 1022
393 613
394 806
394 689
394 872
395 988
395 1245
395 401
396 443
396 1322
397 966
397 1169
398 1166
398 1188
399 1373
399 1095
400 958
400 1017
401 1368
402 506
403 915
403 1005
403 620
404 1062
405 455
405 1233
406 889
406 1373
407 1286
407 1331
407 836
408 1070
409 777
409 923
409 1279
410 949
410 641
410 482
411 959
411 646
411 1166
412 726
412 562
412 1134
413 999
414 824
414 823
415 578
415 1389
416 643
417 890
417 963
417 1119
418 568
418 440
418 1358
419 1116
419 807
420 506
421 518
421 1351
422 1238
422 1332
423 766
423 691
424 908
424 1207
425 567
425 845
425 1024
426 544
426 836
427 1316
427 449
428 638
428 960
430 946
430 1327
431 1025
431 908
432 1331
432 687
432 873
433 1110
433 555
433 1351
434 1168
434 874
435 1237
435 729
435 989
436 1023
436 442
437 669
437 925
438 840
438 1318
439 562
439 715
441 1324
441 1151
441 1168
442 1184
442 1243
443 846
443 902
444 950
445 872
446 765
446 1313
446 1025
447 1198
447 454
448 770
448 1368
449 575
450 484
450 961
450 622
451 811
451 1345
452 869
452 601
452 934
453 926
453 862
454 836
455 1232
456 1345
456 696
457 705
457 1162
458 690
459 684
460 1092
460 1109
460 607
461 765
461 1169
462 997
462 991
462 841
463 1367
463 1180
464 876
464 544
465 1186
466 615
466 675
466 513
467 560
467 964
468 934
468 636
469 1235
469 698
470 1117
470 897
471 477
471 1314
471 877
472 1160
472 514
473 854
474 1384
475 548
475 504
476 772
477 1200
478 492
478 603
478 981
479 968
479 584
480 689
480 1111
480 552
481 1053
481 741
482 1153
482 542
483 812
483 907
483 920
484 541
484 655
485 1236
485 1084
486 1002
486 656
487 937
487 1040
487 754
488 607
488 768
488 1120
489 1113
489 543
490 921
490 1012
490 714
491 808
491 1193
491 665
492 864
492 1129
493 721
494 1310
494 1067
494 1356
495 558
496 906
496 912
496 1180
497 823
497 688
498 1270
499 1359
500 1291
500 738
500 776
501 1131
501 651
502 1231
502 726
502 1223
503 984
503 1229
503 1140
504 686
505 1129
505 791
505 1255
506 1353
507 1361
508 1383
508 546
509 1108
509 1169
510 1337
510 1121
511 1337
512 897
513 1370
514 964
515 1097
515 926
515 1160
516 624
516 689
517 1361
518 641
518 747
519 762
519 962
520 1288
521 1346
521 599
522 759
522 524
522 1343
523 794
523 593
524 705
524 1041
525 1174
525 613
525 674
526 899
526 717
527 713
527 1076
528 620
528 553
529 787
529 801
529 1388
530 978
530 1076
530 1064
531 616
531 652
531 697
532 591
532 748
533 747
533 566
534 924
535 759
535 933
536 738
536 973
536 1077
537 591
537 1045
538 782
539 709
539 831
539 948
540 666
540 889
541 1011
541 649
542 637
543 866
544 830
545 974
545 614
546 637
547 934
547 1068
548 1289
548 807
549 1002
550 1047
550 850
550 1334
551 1069
551 1320
552 790
552 998
553 1365
554 650
555 628
555 1349
556 1217
556 1262
556 870
557 1192
557 1298
559 886
559 627
561 598
561 1250
562 1103
563 713
563 922
564 1084
564 679
565 1055
565 724
566 779
566 1026
567 971
568 661
568 649
569 948
569 851
570 631
570 1320
571 763
571 978
572 1399
572 1150
573 893
573 1268
573 1220
574 825
574 1126
575 1398
576 1117
576 1302
576 607
578 1145
579 1376
579 749
580 671
580 767
581 1298
582 1335
582 640
583 1363
584 1057
584 1058
585 1333
585 976
585 900
586 770
586 897
586 743
587 1141
587 594
588 1265
589 886
589 1111
589 1281
590 973
590 1305
592 1321
592 1353
592 790
593 780
594 1206
594 1066
595 1139
595 704
595 706
596 1394
596 1308
596 1006
597 791
597 653
597 816
598 873
598 663
599 1060
599 1238
600 1158
600 837
601 1258
601 697
602 883
602 1356
603 1151
604 1003
605 870
605 1033
606 1325
606 821
608 965
608 815
609 972
609 1090
609 1180
610 1198
610 628
610 1348
611 820
611 1013
611 725
612 1107
612 956
612 1286
614 769
614 1224
615 654
616 1175
616 718
617 945
617 1029
618 858
618 863
618 844
619 626
620 867
622 1067
623 1335
623 1342
623 1311
624 1366
624 1225
625 1079
626 751
626 1081
627 1263
627 1229
629 1004
629 909
629 1085
630 1059
631 1170
631 764
632 1179
632 752
633 921
633 1372
633 1387
634 1292
634 646
635 1038
637 979
638 1226
638 1097
639 744
639 1306
639 729
640 1078
641 1232
642 737
642 1292
643 681
645 671
645 879
645 1346
647 832
647 1067
648 796
648 1383
649 700
650 859
652 738
653 1079
654 987
654 878
655 662
655 1285
656 956
657 1239
657 1055
658 983
658 1048
658 1115
659 1082
659 782
660 1295
661 1173
662 1148
662 979
663 1222
663 1050
664 811
664 1382
665 1319
665 837
666 943
666 938
667 1015
668 1199
668 1037
669 759
670 1137
670 824
670 1210
672 1321
673 766
674 1086
675 1023
676 1291
677 1330
677 726
678 1112
678 958
678 935
679 1013
679 728
680 816
680 1215
681 695
682 988
682 991
682 809
683 882
683 1240
684 1326
685 1313
685 1215
686 799
686 714
687 1282
690 1254
692 1077
692 1145
693 1280
693 932
694 746
694 894
695 1374
695 835
697 746
698 849
698 1099
699 1033
699 1248
700 768
701 716
701 1014
701 1319
702 1258
703 1082
703 1032
704 731
704 1219
706 932
706 922
707 1132
708 1078
709 859
710 1184
710 1171
711 910
713 1118
715 813
717 733
718 1344
719 1090
719 1044
720 1333
720 1063
721 1282
721 931
722 1014
722 1030
722 884
723 1126
723 1231
724 875
725 1193
725 943
727 871
727 817
729 1259
730 782
730 948
730 853
731 1149
732 1076
733 1122
733 886
734 1343
734 1362
735 898
735 1053
735 967
736 1300
737 1299
737 995
739 814
739 925
742 838
742 1018
742 835
743 888
744 842
744 1212
746 1398
747 1355
748 1056
748 1394
749 1251
750 1058
751 809
753 1265
754 1024
754 819
755 1050
755 1347
755 780
756 1218
756 1246
757 981
757 1091
758 1042
758 1141
760 1087
760 1354
761 863
761 1072
762 974
763 787
764 1038
764 1061
765 987
766 925
767 1047
767 931
768 1274
769 1281
769 1127
770 1165
772 960
773 1068
774 911
774 1299
775 1391
775 1374
775 1179
776 1178
776 1369
777 1185
777 1214
778 1177
778 1112
780 1201
781 818
781 896
784 1212
785 1155
785 1028
785 1187
786 1379
786 829
787 1161
788 1138
788 950
789 1355
790 1134
791 852
792 1347
793 1386
793 1357
795 1045
796 872
797 1199
798 1125
798 1101
799 1267
799 926
800 1079
800 1105
801 916
802 834
802 1320
802 1057
803 910
804 1062
805 927
805 1321
805 1114
806 1149
807 912
809 1055
810 830
811 852
812 965
813 874
814 1043
815 905
816 1360
817 1158
817 1128
818 1071
819 947
819 1372
820 1378
821 1028
821 1140
822 1338
822 1197
823 1136
824 1046
825 1127
826 1004
827 1202
827 1347
828 838
828 1289
830 1233
831 913
831 1010
833 881
833 1188
833 1049
834 1279
835 1269
839 1075
840 1059
841 876
843 1341
843 1326
844 868
845 1225
846 902
847 963
848 1234
849 1386
850 1281
850 997
851 1008
853 940
853 902
854 1043
854 1115
855 1192
856 1028
856 887
857 1017
858 940
860 1222
860 1018
861 1312
863 1179
865 892
865 1091
865 1165
866 1093
867 1007
868 1005
868 1153
870 1096
871 1064
873 1195
874 1167
875 1194
876 1391
877 976
877 953
878 1331
879 946
879 930
880 1042
880 1211
881 1121
881 1338
882 938
883 1310
883 1119
884 1257
884 1391
885 1087
887 1223
888 1370
890 941
890 1089
891 1059
891 1348
891 1197
894 1393
894 959
895 1196
895 989
898 1215
898 1270
899 1080
899 1253
900 973
903 1355
903 1171
904 1020
904 1341
904 1345
905 1034
906 1016
906 1173
908 972
911 1380
911 1334
912 1312
913 1249
914 1074
915 1350
916 1271
916 1098
917 1157
918 1250
919 996
919 943
920 1132
921 974
922 1387
923 1198
923 1304
924 1186
927 1052
927 1385
928 1381
930 1008
931 1220
932 962
933 1110
935 1196
935 1025
937 1244
938 1265
939 1247
939 944
939 1021
940 1194
941 994
941 1154
942 1284
944 1100
944 1161
945 1159
946 1157
947 1211
947 1125
950 982
951 1159
951 1006
951 1296
952 1069
953 1302
954 1085
954 1153
955 1307
958 1138
959 1378
960 1358
961 1123
962 1328
964 1183
966 1312
967 1379
968 1276
968 1230
969 1094
970 1283
970 1189
971 985
975 1275
975 1070
977 1362
978 1303
979 1125
980 1314
981 1163
982 1178
982 1390
983 1074
984 1122
985 1288
986 1074
986 1075
988 1342
989 1225
990 1038
993 1286
994 1017
996 1139
997 1092
998 1013
999 1015
1000 1310
1001 1219
1001 1146
1002 1275
1003 1103
1003 1381
1004 1318
1005 1066
1007 1072
1008 1090
1009 1275
1009 1253
1009 1388
1010 1371
1010 1366
1011 1197
1012 1313
1016 1027
1019 1204
1019 1102
1021 1202
1021 1175
1026 1387
1027 1158
1029 1080
1030 1301
1031 1254
1031 1109
1033 1274
1034 1171
1035 1242
1035 1377
1035 1056
1036 1300
1036 1043
1037 1237
1037 1135
1039 1217
1039 1297
1040 1054
1041 1121
1044 1270
1045 1272
1047 1292
1048 1241
1049 1238
1051 1116
1051 1172
1052 1272
1052 1207
1053 1091
1054 1393
1054 1174
1056 1088
1057 1329
1058 1194
1060 1166
1060 1082
1061 1108
1061 1089
1063 1249
1064 1328
1065 1382
1065 1232
1066 1341
1070 1228
1071 1283
1073 1365
1073 1114
1077 1210
1078 1363
1080 1131
1083 1369
1083 1095
1084 1396
1086 1167
1086 1204
1087 1290
1088 1267
1096 1284
1098 1344
1099 1115
1099 1147
1101 1373
1101 1110
1103 1296
1105 1326
1106 1176
1107 1142
1107 1134
1109 1266
1111 1155
1112 1236
1113 1253
1117 1339
1118 1202
1120 1205
1122 1263
1123 1333
1124 1319
1130 1143
1132 1352
1133 1293
1133 1239
1136 1381
1137 1245
1139 1385
1140 1251
1142 1305
1143 1359
1144 1330
1144 1261
1145 1390
1146 1334
1148 1246
1148 1282
1149 1285
1150 1376
1152 1260
1154 1360
1154 1297
1155 1160
1156 1287
1161 1375
1164 1221
1165 1216
1167 1276
1170 1176
1172 1201
1172 1213
1175 1295
1177 1268
1181 1357
1181 1213
1186 1231
1189 1294
1192 1209
1195 1340
1196 1353
1199 1234
1200 1378
1201 1361
1203 1299
1203 1335
1203 1377
1205 1363
1205 1296
1206 1269
1207 1397
1208 1375
1208 1374
1219 1366
1228 1304
1230 1382
1239 1240
1241 1256
1241 1343
1243 1294
1244 1393
1247 1336
1248 1395
1251 1293
1252 1277
1259 1323
1264 1360
1266 1308
1269 1369
1271 1306
1278 1392
1278 1295
1283 1351
1284 1287
1298 1329
1309 1346
1309 1316
1315 1349
1317 1328
1322 1395
1324 1344
1336 1372
1390 1395
