0 140
1 11
2 14
3 5
3 14
3 16
3 103
3 133
3 277
3 282
4 11
5 98
5 106
5 120
5 127
5 131
5 134
5 282
6 140
7 8
7 278
9 12
9 205
10 140
11 15
11 12
11 204
12 13
12 18
12 277
14 96
14 100
14 107
14 108
14 111
14 114
14 115
14 116
14 117
14 121
14 126
14 132
14 137
14 282
16 233
16 234
17 278
18 205
19 140
20 140
21 278
22 26
23 279
24 279
25 279
26 279
27 28
27 193
27 298
28 31
29 32
29 34
29 197
29 298
30 33
30 35
30 197
30 298
31 32
31 34
36 38
37 38
38 280
39 42
40 42
41 42
42 45
42 279
43 280
44 280
46 48
47 48
48 49
48 51
48 279
50 280
52 52
52 151
52 242
53 53
53 198
53 243
54 54
54 153
54 244
55 55
55 199
55 245
56 56
56 155
56 246
57 57
57 156
57 247
58 58
58 157
58 248
59 59
59 200
59 249
60 60
60 201
60 250
61 61
61 214
61 241
61 251
61 345
62 62
62 160
62 252
63 63
63 202
63 253
64 64
64 161
64 254
65 65
65 162
65 254
66 255
67 67
67 164
67 255
68 256
69 69
69 166
69 256
70 70
70 169
70 257
71 71
71 203
71 258
72 72
72 171
72 259
73 73
73 204
73 260
74 74
74 205
74 261
75 75
75 172
75 262
76 263
77 77
77 176
77 263
78 78
78 206
78 264
79 79
79 178
79 265
80 265
81 81
81 179
81 266
82 82
82 207
82 267
83 83
83 180
83 266
84 84
84 208
84 268
85 85
85 209
85 269
86 86
86 186
86 270
87 87
87 185
87 270
88 88
88 210
88 271
89 89
89 187
89 272
90 90
90 188
90 272
91 91
91 211
91 273
92 92
92 212
92 274
93 93
93 196
93 275
94 276
95 95
95 192
95 276
96 282
97 136
97 282
98 209
98 282
99 134
99 282
100 282
101 125
101 282
102 131
102 282
104 145
105 281
106 118
106 139
106 282
107 282
108 282
109 127
109 282
110 131
110 282
111 282
112 114
112 282
113 114
113 282
114 282
115 282
116 282
117 282
118 282
119 127
119 282
120 282
121 282
122 136
122 282
123 136
123 282
124 136
124 282
125 130
125 138
125 134
125 282
126 282
127 282
128 134
128 282
129 131
129 282
130 282
131 282
132 282
134 136
134 282
135 136
135 282
136 282
137 282
138 282
139 282
140 207
141 235
141 236
142 219
143 216
143 217
144 227
145 200
145 235
146 203
146 223
146 237
147 222
148 198
148 346
149 283
149 312
150 283
150 313
151 284
152 284
152 314
153 285
154 285
154 315
155 286
156 287
157 288
158 283
159 283
159 316
160 289
160 317
161 283
162 283
163 289
164 289
165 290
166 290
167 284
168 284
168 318
169 283
170 283
170 319
171 291
172 292
172 320
173 290
174 290
174 321
175 293
176 293
177 294
178 294
179 295
180 266
180 295
181 295
181 322
182 295
182 323
183 284
183 324
184 284
184 325
185 296
186 296
187 297
188 297
189 290
190 290
190 326
191 295
192 295
193 298
194 298
195 299
196 215
196 300
197 298
198 301
198 346
199 296
199 327
200 302
201 303
202 294
203 283
204 304
204 347
205 305
206 306
206 348
207 267
207 295
208 307
208 349
209 308
209 328
209 350
209 351
210 309
210 329
211 310
212 311
213 251
214 345
216 283
216 330
217 284
217 331
218 289
218 332
219 290
219 333
220 284
220 334
221 283
221 335
222 291
222 336
223 320
223 337
224 290
224 338
225 294
225 339
226 295
226 340
227 284
227 341
228 296
228 342
229 297
229 343
230 290
230 344
231 285
232 286
233 288
234 287
235 283
236 317
237 283
238 293
239 295
240 295
241 345
242 242
243 243
244 244
245 245
246 246
247 247
248 248
249 249
250 250
251 251
252 252
253 253
254 254
255 255
256 256
257 257
258 258
259 259
260 260
261 261
262 262
263 263
264 264
265 265
266 266
267 267
268 268
269 269
270 270
271 271
272 272
273 273
274 274
275 275
276 276
