0 5
0 4
1 4
1 6
2 3
2 7
3 4
5 23
5 6
6 7
8 25
9 104
10 93
11 39
12 25
12 22
12 24
13 15
14 25
14 21
14 23
15 25
15 16
15 18
15 19
17 56
20 56
21 30
21 31
23 26
25 56
27 84
27 45
28 84
28 55
29 31
29 85
30 44
30 56
30 50
31 84
32 53
32 87
32 90
32 81
33 90
33 91
34 94
35 49
36 97
37 97
37 38
37 39
39 73
40 101
41 100
42 102
43 99
43 103
44 92
44 49
44 58
46 49
46 86
46 99
47 52
47 98
47 51
47 72
48 86
48 88
49 93
49 92
50 103
51 89
51 90
52 88
52 63
53 86
53 89
53 92
54 98
54 89
57 94
58 102
58 59
60 101
60 61
60 62
63 64
63 66
63 72
64 65
66 90
66 91
67 87
68 96
69 95
69 96
70 95
71 91
72 97
74 85
75 95
76 85
77 81
77 78
77 80
78 81
79 80
79 83
81 82
82 83
87 96
88 98
93 94
99 100
100 101
102 104
103 104
