0 2
0 31
0 62
0 63
1 2
1 30
1 31
1 61
2 6
2 15
3 5
3 14
3 29
3 32
4 5
4 32
4 45
4 60
5 6
5 15
6 7
6 14
7 9
7 13
7 34
8 9
8 21
8 28
8 34
9 13
9 16
10 12
10 35
10 37
10 44
11 12
11 35
11 52
11 59
12 13
12 16
13 14
14 30
15 17
15 38
16 17
16 38
17 18
17 21
18 20
18 39
19 20
19 24
19 27
19 39
20 21
21 29
22 24
22 33
22 36
22 41
23 24
23 40
23 41
23 43
24 28
25 27
25 42
25 48
25 51
26 27
26 42
26 55
26 58
27 28
28 29
29 30
30 62
31 33
31 46
32 33
32 46
33 37
34 36
34 47
35 36
35 47
36 37
37 45
38 40
38 49
39 40
39 49
40 44
41 43
41 50
42 43
42 50
43 44
44 45
45 61
46 48
46 53
47 48
47 53
48 52
49 51
49 54
50 51
50 54
51 52
52 60
53 55
53 56
54 55
54 56
55 59
56 57
56 58
57 57
57 58
58 59
59 60
60 61
61 62
62 63
63 63
