0 1
1 2
2 649
3 4
4 5
5 650
6 7
7 8
8 651
9 10
10 656
11 12
12 13
13 658
14 15
15 665
16 17
17 667
18 19
19 668
20 21
21 670
22 23
23 671
24 25
25 672
26 27
27 28
28 673
29 29
29 656
29 672
30 30
30 31
31 654
32 32
32 33
33 660
34 34
34 648
35 35
35 653
36 36
36 656
37 37
37 658
38 38
38 659
39 39
39 662
40 40
40 666
41 41
41 669
42 42
42 671
43 43
43 672
44 44
44 675
45 45
45 677
46 46
46 678
47 47
47 679
48 49
48 69
49 49
49 50
50 51
51 51
51 52
52 53
53 53
53 54
54 55
55 55
55 56
56 57
57 57
57 58
58 59
59 59
59 60
60 61
61 61
61 62
62 63
63 63
63 64
64 65
65 65
65 66
66 67
67 67
67 68
68 70
69 649
70 650
71 72
71 92
72 72
72 73
73 74
74 74
74 75
75 76
76 76
76 77
77 78
78 78
78 79
79 80
80 80
80 81
81 82
82 82
82 83
83 84
84 84
84 85
85 86
86 86
86 87
87 88
88 88
88 89
89 90
90 90
90 91
91 93
92 650
93 651
94 95
94 115
95 95
95 96
96 97
97 97
97 98
98 99
99 99
99 100
100 101
101 101
101 102
102 103
103 103
103 104
104 105
105 105
105 106
106 107
107 107
107 108
108 109
109 109
109 110
110 111
111 111
111 112
112 113
113 113
113 114
114 116
115 652
116 661
117 118
117 138
118 118
118 119
119 120
120 120
120 121
121 122
122 122
122 123
123 124
124 124
124 125
125 126
126 126
126 127
127 128
128 128
128 129
129 130
130 130
130 131
131 132
132 132
132 133
133 134
134 134
134 135
135 136
136 136
136 137
137 139
138 653
139 654
140 141
140 161
141 141
141 142
142 143
143 143
143 144
144 145
145 145
145 146
146 147
147 147
147 148
148 149
149 149
149 150
150 151
151 151
151 152
152 153
153 153
153 154
154 155
155 155
155 156
156 157
157 157
157 158
158 159
159 159
159 160
160 162
161 655
162 654
163 164
163 184
164 164
164 165
165 166
166 166
166 167
167 168
168 168
168 169
169 170
170 170
170 171
171 172
172 172
172 173
173 174
174 174
174 175
175 176
176 176
176 177
177 178
178 178
178 179
179 180
180 180
180 181
181 182
182 182
182 183
183 185
184 655
185 656
186 187
186 207
187 187
187 188
188 189
189 189
189 190
190 191
191 191
191 192
192 193
193 193
193 194
194 195
195 195
195 196
196 197
197 197
197 198
198 199
199 199
199 200
200 201
201 201
201 202
202 203
203 203
203 204
204 205
205 205
205 206
206 208
207 656
208 653
209 210
209 230
210 210
210 211
211 212
212 212
212 213
213 214
214 214
214 215
215 216
216 216
216 217
217 218
218 218
218 219
219 220
220 220
220 221
221 222
222 222
222 223
223 224
224 224
224 225
225 226
226 226
226 227
227 228
228 228
228 229
229 231
230 656
231 659
232 233
232 253
233 233
233 234
234 235
235 235
235 236
236 237
237 237
237 238
238 239
239 239
239 240
240 241
241 241
241 242
242 243
243 243
243 244
244 245
245 245
245 246
246 247
247 247
247 248
248 249
249 249
249 250
250 251
251 251
251 252
252 254
253 657
254 656
255 256
255 276
256 256
256 257
257 258
258 258
258 259
259 260
260 260
260 261
261 262
262 262
262 263
263 264
264 264
264 265
265 266
266 266
266 267
267 268
268 268
268 269
269 270
270 270
270 271
271 272
272 272
272 273
273 274
274 274
274 275
275 277
276 658
277 654
278 279
278 299
279 279
279 280
280 281
281 281
281 282
282 283
283 283
283 284
284 285
285 285
285 286
286 287
287 287
287 288
288 289
289 289
289 290
290 291
291 291
291 292
292 293
293 293
293 294
294 295
295 295
295 296
296 297
297 297
297 298
298 300
299 659
300 658
301 302
301 322
302 302
302 303
303 304
304 304
304 305
305 306
306 306
306 307
307 308
308 308
308 309
309 310
310 310
310 311
311 312
312 312
312 313
313 314
314 314
314 315
315 316
316 316
316 317
317 318
318 318
318 319
319 320
320 320
320 321
321 323
322 659
323 660
324 325
324 345
325 325
325 326
326 327
327 327
327 328
328 329
329 329
329 330
330 331
331 331
331 332
332 333
333 333
333 334
334 335
335 335
335 336
336 337
337 337
337 338
338 339
339 339
339 340
340 341
341 341
341 342
342 343
343 343
343 344
344 346
345 660
346 658
347 348
347 368
348 348
348 349
349 350
350 350
350 351
351 352
352 352
352 353
353 354
354 354
354 355
355 356
356 356
356 357
357 358
358 358
358 359
359 360
360 360
360 361
361 362
362 362
362 363
363 364
364 364
364 365
365 366
366 366
366 367
367 369
368 661
369 662
370 371
370 391
371 371
371 372
372 373
373 373
373 374
374 375
375 375
375 376
376 377
377 377
377 378
378 379
379 379
379 380
380 381
381 381
381 382
382 383
383 383
383 384
384 385
385 385
385 386
386 387
387 387
387 388
388 389
389 389
389 390
390 392
391 661
392 664
393 394
393 414
394 394
394 395
395 396
396 396
396 397
397 398
398 398
398 399
399 400
400 400
400 401
401 402
402 402
402 403
403 404
404 404
404 405
405 406
406 406
406 407
407 408
408 408
408 409
409 410
410 410
410 411
411 412
412 412
412 413
413 415
414 662
415 663
416 417
416 437
417 417
417 418
418 419
419 419
419 420
420 421
421 421
421 422
422 423
423 423
423 424
424 425
425 425
425 426
426 427
427 427
427 428
428 429
429 429
429 430
430 431
431 431
431 432
432 433
433 433
433 434
434 435
435 435
435 436
436 438
437 665
438 666
439 440
439 460
440 440
440 441
441 442
442 442
442 443
443 444
444 444
444 445
445 446
446 446
446 447
447 448
448 448
448 449
449 450
450 450
450 451
451 452
452 452
452 453
453 454
454 454
454 455
455 456
456 456
456 457
457 458
458 458
458 459
459 461
460 665
461 667
462 463
462 483
463 463
463 464
464 465
465 465
465 466
466 467
467 467
467 468
468 469
469 469
469 470
470 471
471 471
471 472
472 473
473 473
473 474
474 475
475 475
475 476
476 477
477 477
477 478
478 479
479 479
479 480
480 481
481 481
481 482
482 484
483 668
484 669
485 486
485 506
486 486
486 487
487 488
488 488
488 489
489 490
490 490
490 491
491 492
492 492
492 493
493 494
494 494
494 495
495 496
496 496
496 497
497 498
498 498
498 499
499 500
500 500
500 501
501 502
502 502
502 503
503 504
504 504
504 505
505 507
506 670
507 669
508 509
508 529
509 509
509 510
510 511
511 511
511 512
512 513
513 513
513 514
514 515
515 515
515 516
516 517
517 517
517 518
518 519
519 519
519 520
520 521
521 521
521 522
522 523
523 523
523 524
524 525
525 525
525 526
526 527
527 527
527 528
528 530
529 670
530 671
531 532
531 552
532 532
532 533
533 534
534 534
534 535
535 536
536 536
536 537
537 538
538 538
538 539
539 540
540 540
540 541
541 542
542 542
542 543
543 544
544 544
544 545
545 546
546 546
546 547
547 548
548 548
548 549
549 550
550 550
550 551
551 553
552 672
553 671
554 555
554 575
555 555
555 556
556 557
557 557
557 558
558 559
559 559
559 560
560 561
561 561
561 562
562 563
563 563
563 564
564 565
565 565
565 566
566 567
567 567
567 568
568 569
569 569
569 570
570 571
571 571
571 572
572 573
573 573
573 574
574 576
575 673
576 658
577 578
577 598
578 579
579 580
580 581
581 582
582 583
583 584
584 585
585 586
586 587
587 588
588 589
589 590
590 591
591 592
592 593
593 594
594 595
595 596
596 597
597 599
598 681
599 658
600 601
600 621
601 602
602 603
603 604
604 605
605 606
606 607
607 608
608 609
609 610
610 611
611 612
612 613
613 614
614 615
615 616
616 617
617 618
618 619
619 620
620 622
621 681
622 658
623 623
623 648
623 649
624 651
624 652
625 625
625 650
625 653
626 626
626 654
626 675
627 655
627 676
628 657
628 677
629 664
629 666
630 651
630 665
631 653
631 667
632 632
632 656
632 668
633 633
633 669
633 678
634 634
634 670
634 680
635 635
635 660
635 671
636 636
636 672
636 679
637 674
637 681
638 648
639 663
640 673
641 674
642 675
643 676
644 677
645 678
646 679
647 680
